0.0000000000,0.0006852469
0.0000000000,0.0008882679
0.0000000000,0.0010859231
0.0000000000,0.0011378929
0.0000000000,0.0011464527
0.0000000000,0.0012817313
0.0000000000,0.0013227927
0.0000000000,0.0013704938
0.0000000000,0.0013760600
0.0000000000,0.0014595860
0.0000000000,0.0014806639
0.0000000000,0.0015180530
0.0000000000,0.0015904142
0.0000000000,0.0016491000
0.0000000000,0.0017331881
0.0000000000,0.0017765358
0.0000000000,0.0019351743
0.0000000000,0.0019799580
0.0000000000,0.0019847131
0.0000000000,0.0020739920
0.0000000000,0.0021246716
0.0000000000,0.0021302584
0.0000000000,0.0021555868
0.0000000000,0.0021718461
0.0000000000,0.0021801169
0.0000000000,0.0022295669
0.0000000000,0.0022757859
0.0000000000,0.0022929055
0.0000000000,0.0023759308
0.0000000000,0.0024429706
0.0000000000,0.0025634626
0.0000000000,0.0025758366
0.0000000000,0.0026329851
0.0000000000,0.0026455855
0.0000000000,0.0026760071
0.0000000000,0.0027409876
0.0000000000,0.0027521199
0.0000000000,0.0027654287
0.0000000000,0.0027689738
0.0000000000,0.0029191719
0.0000000000,0.0029470699
0.0000000000,0.0029613278
0.0000000000,0.0029835864
0.0000000000,0.0030361060
0.0000000000,0.0030652247
0.0000000000,0.0030794602
0.0000000000,0.0031146246
0.0000000000,0.0031587526
0.0000000000,0.0031808284
0.0000000000,0.0032157626
0.0000000000,0.0032982000
0.0000000000,0.0033988415
0.0000000000,0.0034095428
0.0000000000,0.0034270794
0.0000000000,0.0034663761
0.0000000000,0.0034838680
0.0000000000,0.0035148144
0.0000000000,0.0035530715
0.0000000000,0.0035657729
0.0000000000,0.0036366023
0.0000000000,0.0036473698
0.0000000000,0.0036748294
0.0000000000,0.0037636587
0.0000000000,0.0037849920
0.0000000000,0.0038312899
0.0000000000,0.0038495224
0.0000000000,0.0038703487
0.0000000000,0.0038739194
0.0000000000,0.0039329510
0.0000000000,0.0039438228
0.0000000000,0.0039578057
0.0000000000,0.0039599161
0.0000000000,0.0039694263
0.0000000000,0.0039946181
0.0000000000,0.0039958837
0.0000000000,0.0040068328
0.0000000000,0.0040150858
0.0000000000,0.0040429183
0.0000000000,0.0040959897
0.0000000000,0.0041139037
0.0000000000,0.0041176910
0.0000000000,0.0041686981
0.0000000000,0.0042493432
0.0000000000,0.0042554848
0.0000000000,0.0042557921
0.0000000000,0.0042605167
0.0000000000,0.0043143537
0.0000000000,0.0043436922
0.0000000000,0.0043505556
0.0000000000,0.0043622167
0.0000000000,0.0043963944
0.0000000000,0.0044008354
0.0000000000,0.0044172285
0.0000000000,0.0044591338
0.0000000000,0.0044598551
0.0000000000,0.0044919075
0.0000000000,0.0045232130
0.0000000000,0.0045515718
0.0000000000,0.0045671985
0.0000000000,0.0045858109
0.0000000000,0.0046430561
0.0000000000,0.0046473234
0.0000000000,0.0046564238
0.0000000000,0.0047251987
0.0000000000,0.0047518616
0.0000000000,0.0048065144
0.0000000000,0.0048302989
0.0000000000,0.0048567071
0.0000000000,0.0048859413
0.0000000000,0.0048870496
0.0000000000,0.0048900372
0.0000000000,0.0049463273
0.0000000000,0.0049980478
0.0000000000,0.0049981372
0.0000000000,0.0050934600
0.0000000000,0.0051269252
0.0000000000,0.0051516732
0.0000000000,0.0052534500
0.0000000000,0.0052659702
0.0000000000,0.0052804416
0.0000000000,0.0052869050
0.0000000000,0.0052911709
0.0000000000,0.0053276429
0.0000000000,0.0053520142
0.0000000000,0.0053589330
0.0000000000,0.0054228823
0.0000000000,0.0054361522
0.0000000000,0.0054693576
0.0000000000,0.0054819752
0.0000000000,0.0055042398
0.0000000000,0.0055272928
0.0000000000,0.0055308575
0.0000000000,0.0055379476
0.0000000000,0.0055690249
0.0000000000,0.0056144646
0.0000000000,0.0056147506
0.0000000000,0.0056333602
0.0000000000,0.0056736320
0.0000000000,0.0057063601
0.0000000000,0.0057129310
0.0000000000,0.0057314681
0.0000000000,0.0058072633
0.0000000000,0.0058180364
0.0000000000,0.0058383439
0.0000000000,0.0058941399
0.0000000000,0.0059110657
0.0000000000,0.0059159282
0.0000000000,0.0059226556
0.0000000000,0.0059671728
0.0000000000,0.0060185888
0.0000000000,0.0060653645
0.0000000000,0.0060722120
0.0000000000,0.0060819667
0.0000000000,0.0061229500
0.0000000000,0.0061246217
0.0000000000,0.0061304495
0.0000000000,0.0061367177
0.0000000000,0.0061418493
0.0000000000,0.0061589205
0.0000000000,0.0061605400
0.0000000000,0.0061611384
0.0000000000,0.0061757984
0.0000000000,0.0061952458
0.0000000000,0.0062142513
0.0000000000,0.0062241964
0.0000000000,0.0062292493
0.0000000000,0.0062335203
0.0000000000,0.0063175051
0.0000000000,0.0063396581
0.0000000000,0.0063616568
0.0000000000,0.0063738199
0.0000000000,0.0064315251
0.0000000000,0.0064633475
0.0000000000,0.0064821215
0.0000000000,0.0065021785
0.0000000000,0.0065295850
0.0000000000,0.0065383282
0.0000000000,0.0065831058
0.0000000000,0.0065963999
0.0000000000,0.0066090794
0.0000000000,0.0066118827
0.0000000000,0.0066248630
0.0000000000,0.0066293753
0.0000000000,0.0066358466
0.0000000000,0.0066936882
0.0000000000,0.0066937222
0.0000000000,0.0066960021
0.0000000000,0.0067221075
0.0000000000,0.0067649316
0.0000000000,0.0067763929
0.0000000000,0.0067976830
0.0000000000,0.0068190857
0.0000000000,0.0068222615
0.0000000000,0.0068413639
0.0000000000,0.0068638320
0.0000000000,0.0068846541
0.0000000000,0.0069677359
0.0000000000,0.0069822813
0.0000000000,0.0069831987
0.0000000000,0.0069996100
0.0000000000,0.0070220814
0.0000000000,0.0070296288
0.0000000000,0.0070336279
0.0000000000,0.0070643951
0.0000000000,0.0070971441
0.0000000000,0.0071046185
0.0000000000,0.0071061430
0.0000000000,0.0071185748
0.0000000000,0.0071315458
0.0000000000,0.0071387556
0.0000000000,0.0071464637
0.0000000000,0.0072149318
0.0000000000,0.0072448007
0.0000000000,0.0072562974
0.0000000000,0.0072581153
0.0000000000,0.0072695753
0.0000000000,0.0072732046
0.0000000000,0.0072947396
0.0000000000,0.0073065287
0.0000000000,0.0073209000
0.0000000000,0.0073496588
0.0000000000,0.0073871734
0.0000000000,0.0074006063
0.0000000000,0.0074121691
0.0000000000,0.0074810740
0.0000000000,0.0075057708
0.0000000000,0.0075273174
0.0000000000,0.0075699841
0.0000000000,0.0075898790
0.0000000000,0.0076477262
0.0000000000,0.0076625799
0.0000000000,0.0076639699
0.0000000000,0.0076667327
0.0000000000,0.0076747541
0.0000000000,0.0076840869
0.0000000000,0.0076990449
0.0000000000,0.0077046938
0.0000000000,0.0077406974
0.0000000000,0.0077456911
0.0000000000,0.0077478387
0.0000000000,0.0077631995
0.0000000000,0.0078013744
0.0000000000,0.0078150742
0.0000000000,0.0078659020
0.0000000000,0.0078861723
0.0000000000,0.0078876456
0.0000000000,0.0079103513
0.0000000000,0.0079123732
0.0000000000,0.0079156114
0.0000000000,0.0079198321
0.0000000000,0.0079236291
0.0000000000,0.0079605635
0.0000000000,0.0079742800
0.0000000000,0.0079890890
0.0000000000,0.0079892362
0.0000000000,0.0079917675
0.0000000000,0.0080057317
0.0000000000,0.0080136657
0.0000000000,0.0080237081
0.0000000000,0.0080301715
0.0000000000,0.0080850301
0.0000000000,0.0080858367
0.0000000000,0.0080936449
0.0000000000,0.0081387162
0.0000000000,0.0081447801
0.0000000000,0.0081856623
0.0000000000,0.0082278075
0.0000000000,0.0082477974
0.0000000000,0.0082565751
0.0000000000,0.0082930233
0.0000000000,0.0083038015
0.0000000000,0.0083151208
0.0000000000,0.0083296951
0.0000000000,0.0083373962
0.0000000000,0.0083761923
0.0000000000,0.0083937850
0.0000000000,0.0083972355
0.0000000000,0.0083974674
0.0000000000,0.0084252926
0.0000000000,0.0084419120
0.0000000000,0.0084501226
0.0000000000,0.0084961234
0.0000000000,0.0084986864
0.0000000000,0.0085066725
0.0000000000,0.0085109696
0.0000000000,0.0085115843
0.0000000000,0.0085117808
0.0000000000,0.0085210335
0.0000000000,0.0085324766
0.0000000000,0.0085456045
0.0000000000,0.0085689938
0.0000000000,0.0086287074
0.0000000000,0.0086629568
0.0000000000,0.0086759664
0.0000000000,0.0086873844
0.0000000000,0.0086937919
0.0000000000,0.0087011112
0.0000000000,0.0087076928
0.0000000000,0.0087244334
0.0000000000,0.0087409932
0.0000000000,0.0087550692
0.0000000000,0.0087927887
0.0000000000,0.0087928297
0.0000000000,0.0087930039
0.0000000000,0.0088016707
0.0000000000,0.0088173319
0.0000000000,0.0088313892
0.0000000000,0.0088344570
0.0000000000,0.0088678217
0.0000000000,0.0088806059
0.0000000000,0.0088980775
0.0000000000,0.0089182677
0.0000000000,0.0089751780
0.0000000000,0.0089771869
0.0000000000,0.0089833355
0.0000000000,0.0089838151
0.0000000000,0.0090084281
0.0000000000,0.0090143522
0.0000000000,0.0090153944
0.0000000000,0.0090162288
0.0000000000,0.0090310117
0.0000000000,0.0090372078
0.0000000000,0.0090372888
0.0000000000,0.0090464260
0.0000000000,0.0090790093
0.0000000000,0.0090949358
0.0000000000,0.0091026397
0.0000000000,0.0091031436
0.0000000000,0.0091343969
0.0000000000,0.0091716219
0.0000000000,0.0091786254
0.0000000000,0.0091883605
0.0000000000,0.0092101870
0.0000000000,0.0092372792
0.0000000000,0.0092504723
0.0000000000,0.0092517212
0.0000000000,0.0092546027
0.0000000000,0.0092861122
0.0000000000,0.0092915120
0.0000000000,0.0092946468
0.0000000000,0.0093051922
0.0000000000,0.0093128476
0.0000000000,0.0093287919
0.0000000000,0.0093550384
0.0000000000,0.0093597174
0.0000000000,0.0093829222
0.0000000000,0.0093987472
0.0000000000,0.0094003091
0.0000000000,0.0094186673
0.0000000000,0.0094262334
0.0000000000,0.0094450349
0.0000000000,0.0094503975
0.0000000000,0.0094542149
0.0000000000,0.0094852345
0.0000000000,0.0095015885
0.0000000000,0.0095037231
0.0000000000,0.0095066018
0.0000000000,0.0095147053
0.0000000000,0.0095528523
0.0000000000,0.0096107228
0.0000000000,0.0096130287
0.0000000000,0.0096242148
0.0000000000,0.0096256966
0.0000000000,0.0096411044
0.0000000000,0.0096605979
0.0000000000,0.0096959108
0.0000000000,0.0097134141
0.0000000000,0.0097346827
0.0000000000,0.0097417496
0.0000000000,0.0097549474
0.0000000000,0.0097570876
0.0000000000,0.0097576706
0.0000000000,0.0097718826
0.0000000000,0.0097800745
0.0000000000,0.0098003382
0.0000000000,0.0098197535
0.0000000000,0.0098378574
0.0000000000,0.0098870751
0.0000000000,0.0098926546
0.0000000000,0.0099193919
0.0000000000,0.0099242730
0.0000000000,0.0099395532
0.0000000000,0.0099532558
0.0000000000,0.0099570630
0.0000000000,0.0099620335
0.0000000000,0.0099746687
0.0000000000,0.0099867787
0.0000000000,0.0099960957
0.0000000000,0.0099962745
0.0000000000,0.0100313872
0.0000000000,0.0100840982
0.0000000000,0.0101046655
0.0000000000,0.0101134004
0.0000000000,0.0101211779
0.0000000000,0.0101350034
0.0000000000,0.0101526417
0.0000000000,0.0101779746
0.0000000000,0.0101869199
0.0000000000,0.0101969382
0.0000000000,0.0102087306
0.0000000000,0.0102281980
0.0000000000,0.0102641685
0.0000000000,0.0102836173
0.0000000000,0.0103088338
0.0000000000,0.0103154089
0.0000000000,0.0103174858
0.0000000000,0.0103267487
0.0000000000,0.0103278253
0.0000000000,0.0103323460
0.0000000000,0.0103603965
0.0000000000,0.0104034794
0.0000000000,0.0104346396
0.0000000000,0.0104575902
0.0000000000,0.0104691982
0.0000000000,0.0104740476
0.0000000000,0.0104830032
0.0000000000,0.0105069000
0.0000000000,0.0105205383
0.0000000000,0.0105215386
0.0000000000,0.0105231432
0.0000000000,0.0105319405
0.0000000000,0.0105365040
0.0000000000,0.0105790133
0.0000000000,0.0105823418
0.0000000000,0.0105937645
0.0000000000,0.0106188776
0.0000000000,0.0106552858
0.0000000000,0.0106598046
0.0000000000,0.0106717208
0.0000000000,0.0106729455
0.0000000000,0.0106751518
0.0000000000,0.0106899235
0.0000000000,0.0107040284
0.0000000000,0.0107132858
0.0000000000,0.0107178660
0.0000000000,0.0107732667
0.0000000000,0.0108085135
0.0000000000,0.0108139357
0.0000000000,0.0108411629
0.0000000000,0.0108457645
0.0000000000,0.0108692218
0.0000000000,0.0108723044
0.0000000000,0.0109059215
0.0000000000,0.0109387152
0.0000000000,0.0109659741
0.0000000000,0.0109839188
0.0000000000,0.0109992344
0.0000000000,0.0110084796
0.0000000000,0.0110318009
0.0000000000,0.0110504394
0.0000000000,0.0110545857
0.0000000000,0.0110758953
0.0000000000,0.0110897198
0.0000000000,0.0110996971
0.0000000000,0.0111120902
0.0000000000,0.0111146402
0.0000000000,0.0111282114
0.0000000000,0.0111380499
0.0000000000,0.0111421468
0.0000000000,0.0111909853
0.0000000000,0.0112017067
0.0000000000,0.0112295011
0.0000000000,0.0112628192
0.0000000000,0.0112667205
0.0000000000,0.0112928012
0.0000000000,0.0112969624
0.0000000000,0.0113068204
0.0000000000,0.0113173621
0.0000000000,0.0113754245
0.0000000000,0.0113779735
0.0000000000,0.0113795083
0.0000000000,0.0113901487
0.0000000000,0.0114031695
0.0000000000,0.0114127202
0.0000000000,0.0114195496
0.0000000000,0.0114258621
0.0000000000,0.0114629362
0.0000000000,0.0115326317
0.0000000000,0.0115558058
0.0000000000,0.0115745803
0.0000000000,0.0115748001
0.0000000000,0.0115766460
0.0000000000,0.0115905246
0.0000000000,0.0116104735
0.0000000000,0.0116360728
0.0000000000,0.0116389114
0.0000000000,0.0116717536
0.0000000000,0.0116766877
0.0000000000,0.0116874268
0.0000000000,0.0116891339
0.0000000000,0.0117163211
0.0000000000,0.0117484108
0.0000000000,0.0117678018
0.0000000000,0.0117758326
0.0000000000,0.0117850732
0.0000000000,0.0117882797
0.0000000000,0.0118221315
0.0000000000,0.0118238907
0.0000000000,0.0118250558
0.0000000000,0.0118318563
0.0000000000,0.0118453111
0.0000000000,0.0118486853
0.0000000000,0.0119035551
0.0000000000,0.0119139403
0.0000000000,0.0119343456
0.0000000000,0.0120214103
0.0000000000,0.0120432172
0.0000000000,0.0121444240
0.0000000000,0.0121520283
0.0000000000,0.0121639334
0.0000000000,0.0121712675
0.0000000000,0.0121834315
0.0000000000,0.0121891899
0.0000000000,0.0121921729
0.0000000000,0.0121928034
0.0000000000,0.0121952388
0.0000000000,0.0122021399
0.0000000000,0.0122137778
0.0000000000,0.0122362012
0.0000000000,0.0122459000
0.0000000000,0.0122492434
0.0000000000,0.0122608989
0.0000000000,0.0122638065
0.0000000000,0.0123178409
0.0000000000,0.0123210801
0.0000000000,0.0123222768
0.0000000000,0.0123326443
0.0000000000,0.0123400269
0.0000000000,0.0123515967
0.0000000000,0.0123904916
0.0000000000,0.0124000544
0.0000000000,0.0124285026
0.0000000000,0.0124355257
0.0000000000,0.0124483928
0.0000000000,0.0124584986
0.0000000000,0.0124670407
0.0000000000,0.0124857957
0.0000000000,0.0124999238
0.0000000000,0.0125206029
0.0000000000,0.0125261759
0.0000000000,0.0125488322
0.0000000000,0.0125526665
0.0000000000,0.0125669250
0.0000000000,0.0125789745
0.0000000000,0.0126029123
0.0000000000,0.0126350103
0.0000000000,0.0126437945
0.0000000000,0.0126682920
0.0000000000,0.0126771396
0.0000000000,0.0127233136
0.0000000000,0.0127267875
0.0000000000,0.0127325002
0.0000000000,0.0127351368
0.0000000000,0.0127452184
0.0000000000,0.0127550457
0.0000000000,0.0127923600
0.0000000000,0.0128293158
0.0000000000,0.0128568159
0.0000000000,0.0128589403
0.0000000000,0.0128630502
0.0000000000,0.0128996363
0.0000000000,0.0129150422
0.0000000000,0.0129266949
0.0000000000,0.0129370820
0.0000000000,0.0129394522
0.0000000000,0.0129445763
0.0000000000,0.0129642431
0.0000000000,0.0129825538
0.0000000000,0.0130043570
0.0000000000,0.0130254496
0.0000000000,0.0130433552
0.0000000000,0.0130591700
0.0000000000,0.0130632296
0.0000000000,0.0130774658
0.0000000000,0.0130786970
0.0000000000,0.0130802002
0.0000000000,0.0131196901
0.0000000000,0.0131725054
0.0000000000,0.0131871533
0.0000000000,0.0131926844
0.0000000000,0.0132010244
0.0000000000,0.0132181589
0.0000000000,0.0132201854
0.0000000000,0.0132371616
0.0000000000,0.0132475607
0.0000000000,0.0132497260
0.0000000000,0.0132643757
0.0000000000,0.0132736415
0.0000000000,0.0132957948
0.0000000000,0.0132973827
0.0000000000,0.0133105973
0.0000000000,0.0133429077
0.0000000000,0.0133873764
0.0000000000,0.0134036364
0.0000000000,0.0134077519
0.0000000000,0.0134276506
0.0000000000,0.0134442151
0.0000000000,0.0134448186
0.0000000000,0.0134551227
0.0000000000,0.0134651382
0.0000000000,0.0134966411
0.0000000000,0.0135284215
0.0000000000,0.0135343773
0.0000000000,0.0135527859
0.0000000000,0.0135649256
0.0000000000,0.0135762217
0.0000000000,0.0135802384
0.0000000000,0.0135977622
0.0000000000,0.0136042498
0.0000000000,0.0136187542
0.0000000000,0.0136536779
0.0000000000,0.0136827277
0.0000000000,0.0136882039
0.0000000000,0.0136903673
0.0000000000,0.0137078092
0.0000000000,0.0137378275
0.0000000000,0.0137437303
0.0000000000,0.0137607548
0.0000000000,0.0137693081
0.0000000000,0.0138075380
0.0000000000,0.0138121061
0.0000000000,0.0139043164
0.0000000000,0.0139188366
0.0000000000,0.0139354719
0.0000000000,0.0139610441
0.0000000000,0.0139645627
0.0000000000,0.0139797749
0.0000000000,0.0140004354
0.0000000000,0.0140121346
0.0000000000,0.0140442839
0.0000000000,0.0140592577
0.0000000000,0.0140640894
0.0000000000,0.0140666701
0.0000000000,0.0140672559
0.0000000000,0.0140846558
0.0000000000,0.0140978051
0.0000000000,0.0141287902
0.0000000000,0.0141328918
0.0000000000,0.0141585125
0.0000000000,0.0141595993
0.0000000000,0.0141717577
0.0000000000,0.0141766947
0.0000000000,0.0141878230
0.0000000000,0.0141933030
0.0000000000,0.0142018450
0.0000000000,0.0142092369
0.0000000000,0.0142122861
0.0000000000,0.0142151965
0.0000000000,0.0142371496
0.0000000000,0.0142713049
0.0000000000,0.0142775113
0.0000000000,0.0142929275
0.0000000000,0.0143029662
0.0000000000,0.0143207898
0.0000000000,0.0143215591
0.0000000000,0.0143351937
0.0000000000,0.0143468399
0.0000000000,0.0143628269
0.0000000000,0.0143789416
0.0000000000,0.0144005157
0.0000000000,0.0144298635
0.0000000000,0.0144604631
0.0000000000,0.0144643122
0.0000000000,0.0144896014
0.0000000000,0.0145125948
0.0000000000,0.0145162307
0.0000000000,0.0145375337
0.0000000000,0.0145380823
0.0000000000,0.0145391505
0.0000000000,0.0145464092
0.0000000000,0.0145548135
0.0000000000,0.0145631908
0.0000000000,0.0145654874
0.0000000000,0.0145894792
0.0000000000,0.0146066528
0.0000000000,0.0146130575
0.0000000000,0.0146418000
0.0000000000,0.0146419788
0.0000000000,0.0146548618
0.0000000000,0.0146683985
0.0000000000,0.0147126373
0.0000000000,0.0147971138
0.0000000000,0.0148018962
0.0000000000,0.0148079982
0.0000000000,0.0148170162
0.0000000000,0.0148330415
0.0000000000,0.0148721468
0.0000000000,0.0148841832
0.0000000000,0.0148915015
0.0000000000,0.0149296401
0.0000000000,0.0149518894
0.0000000000,0.0149532882
0.0000000000,0.0149537632
0.0000000000,0.0149589935
0.0000000000,0.0149671808
0.0000000000,0.0149727445
0.0000000000,0.0149762565
0.0000000000,0.0150082046
0.0000000000,0.0150164673
0.0000000000,0.0150313741
0.0000000000,0.0150465509
0.0000000000,0.0150546348
0.0000000000,0.0150564481
0.0000000000,0.0150836874
0.0000000000,0.0150983641
0.0000000000,0.0151037965
0.0000000000,0.0151346866
0.0000000000,0.0151399681
0.0000000000,0.0151797580
0.0000000000,0.0151975714
0.0000000000,0.0152251972
0.0000000000,0.0152254784
0.0000000000,0.0152258100
0.0000000000,0.0152954524
0.0000000000,0.0153251598
0.0000000000,0.0153279398
0.0000000000,0.0153513504
0.0000000000,0.0153648378
0.0000000000,0.0153681738
0.0000000000,0.0153893381
0.0000000000,0.0153980898
0.0000000000,0.0154090924
0.0000000000,0.0154093876
0.0000000000,0.0154448338
0.0000000000,0.0154732931
0.0000000000,0.0154913822
0.0000000000,0.0155139156
0.0000000000,0.0155296521
0.0000000000,0.0155648636
0.0000000000,0.0155653926
0.0000000000,0.0155886319
0.0000000000,0.0156027488
0.0000000000,0.0156301484
0.0000000000,0.0156656038
0.0000000000,0.0156668294
0.0000000000,0.0156742856
0.0000000000,0.0156834088
0.0000000000,0.0156891029
0.0000000000,0.0157252867
0.0000000000,0.0157318041
0.0000000000,0.0157723445
0.0000000000,0.0157938972
0.0000000000,0.0158145651
0.0000000000,0.0158312228
0.0000000000,0.0158386789
0.0000000000,0.0158396643
0.0000000000,0.0158416554
0.0000000000,0.0158488844
0.0000000000,0.0158692207
0.0000000000,0.0159457345
0.0000000000,0.0159568787
0.0000000000,0.0159781780
0.0000000000,0.0159784723
0.0000000000,0.0159835350
0.0000000000,0.0159836635
0.0000000000,0.0159870181
0.0000000000,0.0159934219
0.0000000000,0.0159970243
0.0000000000,0.0160114635
0.0000000000,0.0160237812
0.0000000000,0.0160273314
0.0000000000,0.0160449110
0.0000000000,0.0160603430
0.0000000000,0.0160619207
0.0000000000,0.0160851404
0.0000000000,0.0161046050
0.0000000000,0.0161181279
0.0000000000,0.0161338896
0.0000000000,0.0161352586
0.0000000000,0.0161700603
0.0000000000,0.0161872897
0.0000000000,0.0162147637
0.0000000000,0.0162279513
0.0000000000,0.0162676610
0.0000000000,0.0162774324
0.0000000000,0.0163061693
0.0000000000,0.0163112674
0.0000000000,0.0163215548
0.0000000000,0.0163320191
0.0000000000,0.0163560212
0.0000000000,0.0163833294
0.0000000000,0.0164136700
0.0000000000,0.0164621249
0.0000000000,0.0164796896
0.0000000000,0.0164850932
0.0000000000,0.0164955948
0.0000000000,0.0165025834
0.0000000000,0.0165131502
0.0000000000,0.0165860467
0.0000000000,0.0165869351
0.0000000000,0.0166217089
0.0000000000,0.0166302416
0.0000000000,0.0166500267
0.0000000000,0.0166546274
0.0000000000,0.0166747924
0.0000000000,0.0166979209
0.0000000000,0.0167091098
0.0000000000,0.0167506114
0.0000000000,0.0167875700
0.0000000000,0.0167944394
0.0000000000,0.0168104824
0.0000000000,0.0168482233
0.0000000000,0.0168627091
0.0000000000,0.0168645289
0.0000000000,0.0168838240
0.0000000000,0.0169138126
0.0000000000,0.0169773418
0.0000000000,0.0169888269
0.0000000000,0.0169922467
0.0000000000,0.0169946030
0.0000000000,0.0169973727
0.0000000000,0.0170133449
0.0000000000,0.0170649532
0.0000000000,0.0170790423
0.0000000000,0.0171168819
0.0000000000,0.0171379112
0.0000000000,0.0171510335
0.0000000000,0.0171573069
0.0000000000,0.0171995480
0.0000000000,0.0172574148
0.0000000000,0.0173259135
0.0000000000,0.0173266642
0.0000000000,0.0173578076
0.0000000000,0.0173655599
0.0000000000,0.0173747689
0.0000000000,0.0174022224
0.0000000000,0.0174150988
0.0000000000,0.0174319874
0.0000000000,0.0174423605
0.0000000000,0.0174769145
0.0000000000,0.0174894687
0.0000000000,0.0175235476
0.0000000000,0.0175430737
0.0000000000,0.0175522752
0.0000000000,0.0175818708
0.0000000000,0.0175855774
0.0000000000,0.0176130999
0.0000000000,0.0176172648
0.0000000000,0.0176200885
0.0000000000,0.0176335163
0.0000000000,0.0176468529
0.0000000000,0.0176627785
0.0000000000,0.0176689140
0.0000000000,0.0176789667
0.0000000000,0.0176799037
0.0000000000,0.0177081190
0.0000000000,0.0177612118
0.0000000000,0.0177722648
0.0000000000,0.0177936312
0.0000000000,0.0177961551
0.0000000000,0.0177972540
0.0000000000,0.0178177990
0.0000000000,0.0178365353
0.0000000000,0.0178369917
0.0000000000,0.0178530067
0.0000000000,0.0178854521
0.0000000000,0.0178871080
0.0000000000,0.0179011617
0.0000000000,0.0179099049
0.0000000000,0.0179238152
0.0000000000,0.0179503560
0.0000000000,0.0179666709
0.0000000000,0.0179676302
0.0000000000,0.0180307887
0.0000000000,0.0180360582
0.0000000000,0.0180533137
0.0000000000,0.0180605911
0.0000000000,0.0180612616
0.0000000000,0.0180620234
0.0000000000,0.0180627350
0.0000000000,0.0180710796
0.0000000000,0.0180720780
0.0000000000,0.0180744156
0.0000000000,0.0180745777
0.0000000000,0.0180770326
0.0000000000,0.0180928521
0.0000000000,0.0180977266
0.0000000000,0.0181215107
0.0000000000,0.0181472432
0.0000000000,0.0181873199
0.0000000000,0.0182207637
0.0000000000,0.0182687938
0.0000000000,0.0183015075
0.0000000000,0.0183432437
0.0000000000,0.0183725655
0.0000000000,0.0183762182
0.0000000000,0.0183787290
0.0000000000,0.0184203740
0.0000000000,0.0184745584
0.0000000000,0.0185009446
0.0000000000,0.0185695216
0.0000000000,0.0185830239
0.0000000000,0.0185830668
0.0000000000,0.0185892936
0.0000000000,0.0185942426
0.0000000000,0.0186334699
0.0000000000,0.0186477806
0.0000000000,0.0186839141
0.0000000000,0.0186899211
0.0000000000,0.0187198780
0.0000000000,0.0187288132
0.0000000000,0.0187446382
0.0000000000,0.0187795702
0.0000000000,0.0187829603
0.0000000000,0.0187974945
0.0000000000,0.0188006181
0.0000000000,0.0188373346
0.0000000000,0.0188524667
0.0000000000,0.0188609213
0.0000000000,0.0188865121
0.0000000000,0.0189007949
0.0000000000,0.0189081468
0.0000000000,0.0189084299
0.0000000000,0.0189342629
0.0000000000,0.0189464316
0.0000000000,0.0189655013
0.0000000000,0.0189704690
0.0000000000,0.0189860277
0.0000000000,0.0189867690
0.0000000000,0.0189968236
0.0000000000,0.0190031771
0.0000000000,0.0190087799
0.0000000000,0.0190132037
0.0000000000,0.0190294106
0.0000000000,0.0190324858
0.0000000000,0.0190562215
0.0000000000,0.0190795567
0.0000000000,0.0191033352
0.0000000000,0.0191057045
0.0000000000,0.0191364102
0.0000000000,0.0191768743
0.0000000000,0.0191879049
0.0000000000,0.0192260575
0.0000000000,0.0192484297
0.0000000000,0.0192523133
0.0000000000,0.0192586165
0.0000000000,0.0192822088
0.0000000000,0.0193332843
0.0000000000,0.0193426199
0.0000000000,0.0193918217
0.0000000000,0.0194455441
0.0000000000,0.0194648672
0.0000000000,0.0194785055
0.0000000000,0.0194834992
0.0000000000,0.0195141751
0.0000000000,0.0195221733
0.0000000000,0.0195265450
0.0000000000,0.0195368566
0.0000000000,0.0195407756
0.0000000000,0.0195437651
0.0000000000,0.0195472408
0.0000000000,0.0196318384
0.0000000000,0.0196395069
0.0000000000,0.0196671057
0.0000000000,0.0196768139
0.0000000000,0.0196833946
0.0000000000,0.0196991935
0.0000000000,0.0197320376
0.0000000000,0.0197380502
0.0000000000,0.0197398979
0.0000000000,0.0197706427
0.0000000000,0.0197741501
0.0000000000,0.0197853092
0.0000000000,0.0198155828
0.0000000000,0.0198387839
0.0000000000,0.0198485460
0.0000000000,0.0198765025
0.0000000000,0.0198802650
0.0000000000,0.0199701525
0.0000000000,0.0199735574
0.0000000000,0.0199864767
0.0000000000,0.0200475864
0.0000000000,0.0200627744
0.0000000000,0.0200649742
0.0000000000,0.0200730301
0.0000000000,0.0200790875
0.0000000000,0.0200855117
0.0000000000,0.0201526452
0.0000000000,0.0201657284
0.0000000000,0.0201774854
0.0000000000,0.0201920960
0.0000000000,0.0201966763
0.0000000000,0.0202124603
0.0000000000,0.0202266946
0.0000000000,0.0202348270
0.0000000000,0.0202423558
0.0000000000,0.0202476215
0.0000000000,0.0203052834
0.0000000000,0.0203067306
0.0000000000,0.0203129742
0.0000000000,0.0203272123
0.0000000000,0.0203315485
0.0000000000,0.0203497540
0.0000000000,0.0203582756
0.0000000000,0.0203590970
0.0000000000,0.0203649718
0.0000000000,0.0203804560
0.0000000000,0.0204127692
0.0000000000,0.0204563960
0.0000000000,0.0204983838
0.0000000000,0.0205523316
0.0000000000,0.0205649193
0.0000000000,0.0205669943
0.0000000000,0.0205884706
0.0000000000,0.0205966532
0.0000000000,0.0206176676
0.0000000000,0.0206235014
0.0000000000,0.0206534974
0.0000000000,0.0206556506
0.0000000000,0.0207857694
0.0000000000,0.0207869075
0.0000000000,0.0207887776
0.0000000000,0.0208345987
0.0000000000,0.0208730549
0.0000000000,0.0209126547
0.0000000000,0.0209352821
0.0000000000,0.0209480952
0.0000000000,0.0209506899
0.0000000000,0.0209894888
0.0000000000,0.0209908411
0.0000000000,0.0210138001
0.0000000000,0.0210287683
0.0000000000,0.0210410766
0.0000000000,0.0210430771
0.0000000000,0.0210462864
0.0000000000,0.0210531168
0.0000000000,0.0210887957
0.0000000000,0.0211003199
0.0000000000,0.0211027637
0.0000000000,0.0211580265
0.0000000000,0.0211777240
0.0000000000,0.0212042369
0.0000000000,0.0212130751
0.0000000000,0.0212345552
0.0000000000,0.0212371852
0.0000000000,0.0212685112
0.0000000000,0.0212687422
0.0000000000,0.0212837439
0.0000000000,0.0212907679
0.0000000000,0.0213048272
0.0000000000,0.0213105716
0.0000000000,0.0213202462
0.0000000000,0.0213341936
0.0000000000,0.0213434417
0.0000000000,0.0213917028
0.0000000000,0.0214975979
0.0000000000,0.0214981679
0.0000000000,0.0216278713
0.0000000000,0.0216295142
0.0000000000,0.0216431078
0.0000000000,0.0216645431
0.0000000000,0.0216837302
0.0000000000,0.0216915291
0.0000000000,0.0217138845
0.0000000000,0.0217305068
0.0000000000,0.0217371192
0.0000000000,0.0217482112
0.0000000000,0.0217640307
0.0000000000,0.0217742100
0.0000000000,0.0217812099
0.0000000000,0.0217906218
0.0000000000,0.0218118429
0.0000000000,0.0218191445
0.0000000000,0.0218231492
0.0000000000,0.0218311790
0.0000000000,0.0218358636
0.0000000000,0.0218458194
0.0000000000,0.0218564607
0.0000000000,0.0218942780
0.0000000000,0.0219057892
0.0000000000,0.0219319481
0.0000000000,0.0219678376
0.0000000000,0.0219984688
0.0000000000,0.0220161527
0.0000000000,0.0220238511
0.0000000000,0.0220504738
0.0000000000,0.0220632814
0.0000000000,0.0221018661
0.0000000000,0.0221091714
0.0000000000,0.0221397709
0.0000000000,0.0221593771
0.0000000000,0.0221706182
0.0000000000,0.0222158208
0.0000000000,0.0222350061
0.0000000000,0.0222469326
0.0000000000,0.0222661570
0.0000000000,0.0222836472
0.0000000000,0.0222906079
0.0000000000,0.0223043449
0.0000000000,0.0223205648
0.0000000000,0.0223720763
0.0000000000,0.0223750938
0.0000000000,0.0223819707
0.0000000000,0.0223926604
0.0000000000,0.0224034134
0.0000000000,0.0224099476
0.0000000000,0.0224214960
0.0000000000,0.0224779733
0.0000000000,0.0224873908
0.0000000000,0.0225334410
0.0000000000,0.0225341320
0.0000000000,0.0225856025
0.0000000000,0.0225939248
0.0000000000,0.0225967988
0.0000000000,0.0226561725
0.0000000000,0.0226577874
0.0000000000,0.0226679314
0.0000000000,0.0226872377
0.0000000000,0.0227559470
0.0000000000,0.0227802973
0.0000000000,0.0228061453
0.0000000000,0.0228310563
0.0000000000,0.0228320621
0.0000000000,0.0228326675
0.0000000000,0.0228390992
0.0000000000,0.0228743926
0.0000000000,0.0228891056
0.0000000000,0.0229183044
0.0000000000,0.0229295194
0.0000000000,0.0229478627
0.0000000000,0.0229629707
0.0000000000,0.0229896512
0.0000000000,0.0230132695
0.0000000000,0.0230155792
0.0000000000,0.0230314098
0.0000000000,0.0230774824
0.0000000000,0.0231359843
0.0000000000,0.0231488422
0.0000000000,0.0232209470
0.0000000000,0.0232772026
0.0000000000,0.0232775323
0.0000000000,0.0232778229
0.0000000000,0.0232871696
0.0000000000,0.0233107097
0.0000000000,0.0233139917
0.0000000000,0.0233331714
0.0000000000,0.0233795103
0.0000000000,0.0234507024
0.0000000000,0.0234622210
0.0000000000,0.0234666802
0.0000000000,0.0234968215
0.0000000000,0.0235516652
0.0000000000,0.0235765595
0.0000000000,0.0235890038
0.0000000000,0.0236637127
0.0000000000,0.0236715227
0.0000000000,0.0236731730
0.0000000000,0.0236752667
0.0000000000,0.0236798562
0.0000000000,0.0236818921
0.0000000000,0.0236957837
0.0000000000,0.0236973707
0.0000000000,0.0237013698
0.0000000000,0.0237132479
0.0000000000,0.0237205997
0.0000000000,0.0237826221
0.0000000000,0.0238199718
0.0000000000,0.0238278806
0.0000000000,0.0238454882
0.0000000000,0.0238464400
0.0000000000,0.0239336062
0.0000000000,0.0239339024
0.0000000000,0.0240794811
0.0000000000,0.0240864344
0.0000000000,0.0240894649
0.0000000000,0.0240931176
0.0000000000,0.0241494868
0.0000000000,0.0241542235
0.0000000000,0.0241585486
0.0000000000,0.0241697878
0.0000000000,0.0241806433
0.0000000000,0.0242768340
0.0000000000,0.0242876206
0.0000000000,0.0242888480
0.0000000000,0.0243325569
0.0000000000,0.0243471973
0.0000000000,0.0243783798
0.0000000000,0.0244042799
0.0000000000,0.0244376492
0.0000000000,0.0244918000
0.0000000000,0.0245126747
0.0000000000,0.0245148595
0.0000000000,0.0245217979
0.0000000000,0.0246012993
0.0000000000,0.0246421602
0.0000000000,0.0246994048
0.0000000000,0.0247168280
0.0000000000,0.0247198958
0.0000000000,0.0247299317
0.0000000000,0.0247446094
0.0000000000,0.0247538276
0.0000000000,0.0247651413
0.0000000000,0.0247680582
0.0000000000,0.0248967856
0.0000000000,0.0249089338
0.0000000000,0.0249333885
0.0000000000,0.0249673594
0.0000000000,0.0250077564
0.0000000000,0.0250158086
0.0000000000,0.0250709914
0.0000000000,0.0251370315
0.0000000000,0.0251579490
0.0000000000,0.0251678862
0.0000000000,0.0251786932
0.0000000000,0.0252615456
0.0000000000,0.0252875891
0.0000000000,0.0253372788
0.0000000000,0.0253996104
0.0000000000,0.0254466273
0.0000000000,0.0254633706
0.0000000000,0.0254650004
0.0000000000,0.0255113710
0.0000000000,0.0255898051
0.0000000000,0.0256403480
0.0000000000,0.0256729759
0.0000000000,0.0256758928
0.0000000000,0.0256974753
0.0000000000,0.0257261004
0.0000000000,0.0257826559
0.0000000000,0.0259609856
0.0000000000,0.0259962641
0.0000000000,0.0260087140
0.0000000000,0.0260658674
0.0000000000,0.0261183400
0.0000000000,0.0261264592
0.0000000000,0.0261310190
0.0000000000,0.0262162220
0.0000000000,0.0262393802
0.0000000000,0.0262590721
0.0000000000,0.0263450108
0.0000000000,0.0263993870
0.0000000000,0.0264363177
0.0000000000,0.0264825821
0.0000000000,0.0265130233
0.0000000000,0.0265173800
0.0000000000,0.0265555568
0.0000000000,0.0265768059
0.0000000000,0.0265784059
0.0000000000,0.0265915897
0.0000000000,0.0265926886
0.0000000000,0.0265979301
0.0000000000,0.0266012251
0.0000000000,0.0267343167
0.0000000000,0.0267564859
0.0000000000,0.0267747529
0.0000000000,0.0267901327
0.0000000000,0.0268553011
0.0000000000,0.0268884301
0.0000000000,0.0269020814
0.0000000000,0.0269102454
0.0000000000,0.0269991644
0.0000000000,0.0270509832
0.0000000000,0.0270568430
0.0000000000,0.0270696990
0.0000000000,0.0271093082
0.0000000000,0.0272084996
0.0000000000,0.0272375084
0.0000000000,0.0272434894
0.0000000000,0.0272498392
0.0000000000,0.0273073558
0.0000000000,0.0273238439
0.0000000000,0.0273478683
0.0000000000,0.0274535026
0.0000000000,0.0275386162
0.0000000000,0.0275488254
0.0000000000,0.0275518857
0.0000000000,0.0275617447
0.0000000000,0.0275890101
0.0000000000,0.0276150759
0.0000000000,0.0276680626
0.0000000000,0.0277049448
0.0000000000,0.0277216695
0.0000000000,0.0277374517
0.0000000000,0.0278686266
0.0000000000,0.0279136579
0.0000000000,0.0279595498
0.0000000000,0.0279688444
0.0000000000,0.0280495845
0.0000000000,0.0280825514
0.0000000000,0.0281113330
0.0000000000,0.0281928200
0.0000000000,0.0281935595
0.0000000000,0.0282420404
0.0000000000,0.0282575805
0.0000000000,0.0283170249
0.0000000000,0.0283456985
0.0000000000,0.0283533894
0.0000000000,0.0283756461
0.0000000000,0.0284303930
0.0000000000,0.0284365527
0.0000000000,0.0284406040
0.0000000000,0.0284983963
0.0000000000,0.0285298228
0.0000000000,0.0285691991
0.0000000000,0.0285969395
0.0000000000,0.0286258347
0.0000000000,0.0286431182
0.0000000000,0.0286434889
0.0000000000,0.0288951416
0.0000000000,0.0289408360
0.0000000000,0.0289506558
0.0000000000,0.0290251896
0.0000000000,0.0291042402
0.0000000000,0.0293020308
0.0000000000,0.0293706637
0.0000000000,0.0294586848
0.0000000000,0.0296037924
0.0000000000,0.0296159964
0.0000000000,0.0296567921
0.0000000000,0.0296743475
0.0000000000,0.0296778809
0.0000000000,0.0297683664
0.0000000000,0.0298364814
0.0000000000,0.0299037788
0.0000000000,0.0299065765
0.0000000000,0.0299133379
0.0000000000,0.0299260374
0.0000000000,0.0299271457
0.0000000000,0.0300559513
0.0000000000,0.0301307812
0.0000000000,0.0301848650
0.0000000000,0.0304210596
0.0000000000,0.0304509569
0.0000000000,0.0304516200
0.0000000000,0.0304826405
0.0000000000,0.0306503195
0.0000000000,0.0306786168
0.0000000000,0.0307762772
0.0000000000,0.0307786763
0.0000000000,0.0307981130
0.0000000000,0.0309827644
0.0000000000,0.0311116911
0.0000000000,0.0311588142
0.0000000000,0.0311898366
0.0000000000,0.0312480852
0.0000000000,0.0313336588
0.0000000000,0.0313423350
0.0000000000,0.0313814133
0.0000000000,0.0313974358
0.0000000000,0.0314679183
0.0000000000,0.0315446891
0.0000000000,0.0316931903
0.0000000000,0.0317014083
0.0000000000,0.0319549441
0.0000000000,0.0319896191
0.0000000000,0.0319936201
0.0000000000,0.0320229270
0.0000000000,0.0320342742
0.0000000000,0.0321206860
0.0000000000,0.0323002264
0.0000000000,0.0323251560
0.0000000000,0.0323976614
0.0000000000,0.0324559025
0.0000000000,0.0325548649
0.0000000000,0.0326640382
0.0000000000,0.0327743664
0.0000000000,0.0330026485
0.0000000000,0.0330190808
0.0000000000,0.0332434177
0.0000000000,0.0333874635
0.0000000000,0.0334052667
0.0000000000,0.0336271152
0.0000000000,0.0339003541
0.0000000000,0.0339176618
0.0000000000,0.0339776538
0.0000000000,0.0340266898
0.0000000000,0.0340284221
0.0000000000,0.0342946313
0.0000000000,0.0343841948
0.0000000000,0.0344000198
0.0000000000,0.0344945826
0.0000000000,0.0345188528
0.0000000000,0.0345507227
0.0000000000,0.0345873311
0.0000000000,0.0346281640
0.0000000000,0.0346518271
0.0000000000,0.0352329202
0.0000000000,0.0352435894
0.0000000000,0.0355745107
0.0000000000,0.0355939716
0.0000000000,0.0358198099
0.0000000000,0.0358225144
0.0000000000,0.0358661339
0.0000000000,0.0360109396
0.0000000000,0.0360505022
0.0000000000,0.0361379385
0.0000000000,0.0361587405
0.0000000000,0.0363492444
0.0000000000,0.0366190337
0.0000000000,0.0375935473
0.0000000000,0.0383063033
0.0000000000,0.0386193730
0.0000000000,0.0387642495
0.0000000000,0.0387652479
0.0000000000,0.0391270518
0.0000000000,0.0395597294
0.0000000000,0.0396311656
0.0000000000,0.0397406071
0.0000000000,0.0400872417
0.0000000000,0.0404696539
0.0000000000,0.0411046632
0.0000000000,0.0413069949
0.0000000000,0.0414080210
0.0000000000,0.0432104878
0.0000000000,0.0432264097
0.0000000000,0.0438726731
0.0000000000,0.0449826345
0.0000000000,0.0457487851
0.0000000000,0.0459685475
0.0000000000,0.0513459519
0.0000000000,0.0577902831
0.0000000000,       inf
