0.0000000000,0.0006852469
0.0000000000,0.0008882679
0.0000000000,0.0010859164
0.0000000000,0.0011181264
0.0000000000,0.0011378929
0.0000000000,0.0011464530
0.0000000000,0.0012864199
0.0000000000,0.0013228961
0.0000000000,0.0013548211
0.0000000000,0.0013704938
0.0000000000,0.0013729898
0.0000000000,0.0013911045
0.0000000000,0.0014595881
0.0000000000,0.0015289231
0.0000000000,0.0015904142
0.0000000000,0.0016492610
0.0000000000,0.0017765358
0.0000000000,0.0019351743
0.0000000000,0.0019799580
0.0000000000,0.0019847131
0.0000000000,0.0020739920
0.0000000000,0.0021247431
0.0000000000,0.0021302584
0.0000000000,0.0021555868
0.0000000000,0.0021718328
0.0000000000,0.0022295669
0.0000000000,0.0022362529
0.0000000000,0.0022757859
0.0000000000,0.0022879513
0.0000000000,0.0022929059
0.0000000000,0.0024091164
0.0000000000,0.0024429706
0.0000000000,0.0025728398
0.0000000000,0.0025758366
0.0000000000,0.0026347726
0.0000000000,0.0026457922
0.0000000000,0.0026760071
0.0000000000,0.0027096423
0.0000000000,0.0027409876
0.0000000000,0.0027459797
0.0000000000,0.0027654287
0.0000000000,0.0027689738
0.0000000000,0.0027822091
0.0000000000,0.0028284751
0.0000000000,0.0028648647
0.0000000000,0.0029191761
0.0000000000,0.0029667169
0.0000000000,0.0030578461
0.0000000000,0.0030652247
0.0000000000,0.0030844372
0.0000000000,0.0031146246
0.0000000000,0.0031587526
0.0000000000,0.0031808284
0.0000000000,0.0032235940
0.0000000000,0.0032985220
0.0000000000,0.0032991008
0.0000000000,0.0034095428
0.0000000000,0.0034678883
0.0000000000,0.0034838682
0.0000000000,0.0035148144
0.0000000000,0.0035523095
0.0000000000,0.0035530715
0.0000000000,0.0035657729
0.0000000000,0.0036366023
0.0000000000,0.0036748294
0.0000000000,0.0036910137
0.0000000000,0.0037636587
0.0000000000,0.0037809869
0.0000000000,0.0038312899
0.0000000000,0.0038495224
0.0000000000,0.0038558866
0.0000000000,0.0038703487
0.0000000000,0.0038739194
0.0000000000,0.0039061180
0.0000000000,0.0039211875
0.0000000000,0.0039329510
0.0000000000,0.0039438228
0.0000000000,0.0039487188
0.0000000000,0.0039578057
0.0000000000,0.0039599161
0.0000000000,0.0039694263
0.0000000000,0.0039946181
0.0000000000,0.0039958726
0.0000000000,0.0040068328
0.0000000000,0.0040150858
0.0000000000,0.0040632421
0.0000000000,0.0040962673
0.0000000000,0.0041139037
0.0000000000,0.0041363304
0.0000000000,0.0041686981
0.0000000000,0.0042494861
0.0000000000,0.0042605167
0.0000000000,0.0043155467
0.0000000000,0.0043436657
0.0000000000,0.0043527768
0.0000000000,0.0043622167
0.0000000000,0.0043728175
0.0000000000,0.0043963944
0.0000000000,0.0044008354
0.0000000000,0.0044119689
0.0000000000,0.0044591338
0.0000000000,0.0044598551
0.0000000000,0.0044725058
0.0000000000,0.0044919075
0.0000000000,0.0045232130
0.0000000000,0.0045515718
0.0000000000,0.0045671985
0.0000000000,0.0045858119
0.0000000000,0.0046430556
0.0000000000,0.0046473225
0.0000000000,0.0046564238
0.0000000000,0.0047251978
0.0000000000,0.0048065144
0.0000000000,0.0048157391
0.0000000000,0.0048182327
0.0000000000,0.0048302989
0.0000000000,0.0048521948
0.0000000000,0.0048709582
0.0000000000,0.0048859413
0.0000000000,0.0048871748
0.0000000000,0.0048912717
0.0000000000,0.0049399622
0.0000000000,0.0049456111
0.0000000000,0.0049980478
0.0000000000,0.0049981372
0.0000000000,0.0051456797
0.0000000000,0.0051516732
0.0000000000,0.0051675243
0.0000000000,0.0051936205
0.0000000000,0.0052566594
0.0000000000,0.0052695451
0.0000000000,0.0052804416
0.0000000000,0.0052869050
0.0000000000,0.0052915844
0.0000000000,0.0052946494
0.0000000000,0.0053276513
0.0000000000,0.0053520142
0.0000000000,0.0053589330
0.0000000000,0.0054192846
0.0000000000,0.0054228823
0.0000000000,0.0054361522
0.0000000000,0.0054693576
0.0000000000,0.0054819752
0.0000000000,0.0054919594
0.0000000000,0.0055272928
0.0000000000,0.0055308575
0.0000000000,0.0055364897
0.0000000000,0.0055379476
0.0000000000,0.0055644182
0.0000000000,0.0056144646
0.0000000000,0.0056151836
0.0000000000,0.0056333602
0.0000000000,0.0056569502
0.0000000000,0.0056957211
0.0000000000,0.0056968434
0.0000000000,0.0057130000
0.0000000000,0.0057314681
0.0000000000,0.0058072633
0.0000000000,0.0058180364
0.0000000000,0.0058372607
0.0000000000,0.0058383523
0.0000000000,0.0059110657
0.0000000000,0.0059159282
0.0000000000,0.0059919688
0.0000000000,0.0060185888
0.0000000000,0.0060653640
0.0000000000,0.0060775275
0.0000000000,0.0060911961
0.0000000000,0.0061156922
0.0000000000,0.0061229495
0.0000000000,0.0061246217
0.0000000000,0.0061304495
0.0000000000,0.0061367177
0.0000000000,0.0061418493
0.0000000000,0.0061618662
0.0000000000,0.0061688744
0.0000000000,0.0061757984
0.0000000000,0.0062158909
0.0000000000,0.0062241964
0.0000000000,0.0062256479
0.0000000000,0.0062292493
0.0000000000,0.0062310672
0.0000000000,0.0063175051
0.0000000000,0.0063395770
0.0000000000,0.0063401135
0.0000000000,0.0063616568
0.0000000000,0.0063637700
0.0000000000,0.0064294701
0.0000000000,0.0064633475
0.0000000000,0.0064821215
0.0000000000,0.0065021785
0.0000000000,0.0065295850
0.0000000000,0.0065383282
0.0000000000,0.0065831058
0.0000000000,0.0065970439
0.0000000000,0.0065982016
0.0000000000,0.0066090794
0.0000000000,0.0066248621
0.0000000000,0.0066293753
0.0000000000,0.0066358466
0.0000000000,0.0066935308
0.0000000000,0.0066937222
0.0000000000,0.0066959476
0.0000000000,0.0067221075
0.0000000000,0.0067649842
0.0000000000,0.0067763929
0.0000000000,0.0067966082
0.0000000000,0.0068144631
0.0000000000,0.0068190857
0.0000000000,0.0068222615
0.0000000000,0.0068413639
0.0000000000,0.0068638320
0.0000000000,0.0068846541
0.0000000000,0.0069265100
0.0000000000,0.0069357767
0.0000000000,0.0069471328
0.0000000000,0.0069587645
0.0000000000,0.0069677364
0.0000000000,0.0069744722
0.0000000000,0.0070010992
0.0000000000,0.0070296288
0.0000000000,0.0070336279
0.0000000000,0.0070971441
0.0000000000,0.0071046189
0.0000000000,0.0071061430
0.0000000000,0.0071185748
0.0000000000,0.0071315458
0.0000000000,0.0071387556
0.0000000000,0.0071464647
0.0000000000,0.0072141821
0.0000000000,0.0072562974
0.0000000000,0.0072581153
0.0000000000,0.0072695753
0.0000000000,0.0072732046
0.0000000000,0.0073065287
0.0000000000,0.0073209000
0.0000000000,0.0073426901
0.0000000000,0.0073496588
0.0000000000,0.0073871734
0.0000000000,0.0074006063
0.0000000000,0.0074063381
0.0000000000,0.0074121691
0.0000000000,0.0074810740
0.0000000000,0.0075273174
0.0000000000,0.0075619738
0.0000000000,0.0076477262
0.0000000000,0.0076625799
0.0000000000,0.0076639699
0.0000000000,0.0076747541
0.0000000000,0.0076840869
0.0000000000,0.0076990449
0.0000000000,0.0077046938
0.0000000000,0.0077117733
0.0000000000,0.0077406974
0.0000000000,0.0077478387
0.0000000000,0.0077631995
0.0000000000,0.0077732406
0.0000000000,0.0078010457
0.0000000000,0.0078122360
0.0000000000,0.0078150742
0.0000000000,0.0078423750
0.0000000000,0.0078659020
0.0000000000,0.0078876456
0.0000000000,0.0078974376
0.0000000000,0.0079103513
0.0000000000,0.0079156114
0.0000000000,0.0079198321
0.0000000000,0.0079238312
0.0000000000,0.0079297880
0.0000000000,0.0079511749
0.0000000000,0.0079605635
0.0000000000,0.0079742800
0.0000000000,0.0079890871
0.0000000000,0.0079892362
0.0000000000,0.0079917451
0.0000000000,0.0080136657
0.0000000000,0.0080237081
0.0000000000,0.0080301715
0.0000000000,0.0080850301
0.0000000000,0.0080936449
0.0000000000,0.0081387181
0.0000000000,0.0081447801
0.0000000000,0.0081530847
0.0000000000,0.0081856623
0.0000000000,0.0082278075
0.0000000000,0.0082290806
0.0000000000,0.0082477974
0.0000000000,0.0082529299
0.0000000000,0.0082562352
0.0000000000,0.0082726609
0.0000000000,0.0083038015
0.0000000000,0.0083151208
0.0000000000,0.0083373962
0.0000000000,0.0083761923
0.0000000000,0.0083974740
0.0000000000,0.0084252926
0.0000000000,0.0084501226
0.0000000000,0.0084913243
0.0000000000,0.0084961234
0.0000000000,0.0084989723
0.0000000000,0.0085066725
0.0000000000,0.0085117808
0.0000000000,0.0085210335
0.0000000000,0.0085324766
0.0000000000,0.0085456045
0.0000000000,0.0085689938
0.0000000000,0.0085861962
0.0000000000,0.0086310934
0.0000000000,0.0086503467
0.0000000000,0.0086873313
0.0000000000,0.0086937919
0.0000000000,0.0087055536
0.0000000000,0.0087244334
0.0000000000,0.0087409932
0.0000000000,0.0087927887
0.0000000000,0.0087928297
0.0000000000,0.0088016707
0.0000000000,0.0088173319
0.0000000000,0.0088239377
0.0000000000,0.0088313892
0.0000000000,0.0088657904
0.0000000000,0.0088768974
0.0000000000,0.0088806059
0.0000000000,0.0088980747
0.0000000000,0.0089182677
0.0000000000,0.0089247292
0.0000000000,0.0089450115
0.0000000000,0.0089833355
0.0000000000,0.0089838151
0.0000000000,0.0090084281
0.0000000000,0.0090143522
0.0000000000,0.0090153944
0.0000000000,0.0090345647
0.0000000000,0.0090372888
0.0000000000,0.0090464260
0.0000000000,0.0090622110
0.0000000000,0.0090778340
0.0000000000,0.0090790093
0.0000000000,0.0090929074
0.0000000000,0.0090949358
0.0000000000,0.0091021741
0.0000000000,0.0091031436
0.0000000000,0.0091343969
0.0000000000,0.0091716237
0.0000000000,0.0091786254
0.0000000000,0.0091883605
0.0000000000,0.0092101106
0.0000000000,0.0092504723
0.0000000000,0.0092517110
0.0000000000,0.0092546027
0.0000000000,0.0092647467
0.0000000000,0.0092861112
0.0000000000,0.0092915120
0.0000000000,0.0092946449
0.0000000000,0.0093051922
0.0000000000,0.0093128476
0.0000000000,0.0093287919
0.0000000000,0.0093475906
0.0000000000,0.0093550393
0.0000000000,0.0093610892
0.0000000000,0.0093829222
0.0000000000,0.0093939332
0.0000000000,0.0093987472
0.0000000000,0.0094003091
0.0000000000,0.0094186673
0.0000000000,0.0094450759
0.0000000000,0.0094503956
0.0000000000,0.0094542149
0.0000000000,0.0094852336
0.0000000000,0.0095066018
0.0000000000,0.0095146298
0.0000000000,0.0095394757
0.0000000000,0.0096107228
0.0000000000,0.0096130287
0.0000000000,0.0096242148
0.0000000000,0.0096314782
0.0000000000,0.0096364655
0.0000000000,0.0096411044
0.0000000000,0.0096605979
0.0000000000,0.0096959108
0.0000000000,0.0097043896
0.0000000000,0.0097349752
0.0000000000,0.0097419163
0.0000000000,0.0097549474
0.0000000000,0.0097570159
0.0000000000,0.0097718826
0.0000000000,0.0097825434
0.0000000000,0.0097874757
0.0000000000,0.0098324139
0.0000000000,0.0098378574
0.0000000000,0.0098799244
0.0000000000,0.0098872278
0.0000000000,0.0098912222
0.0000000000,0.0098926546
0.0000000000,0.0099268043
0.0000000000,0.0099357711
0.0000000000,0.0099395532
0.0000000000,0.0099401325
0.0000000000,0.0099532558
0.0000000000,0.0099570528
0.0000000000,0.0099620335
0.0000000000,0.0099867787
0.0000000000,0.0099960957
0.0000000000,0.0099962745
0.0000000000,0.0099975700
0.0000000000,0.0101060057
0.0000000000,0.0101133445
0.0000000000,0.0101211779
0.0000000000,0.0101391720
0.0000000000,0.0101525718
0.0000000000,0.0101779746
0.0000000000,0.0102087306
0.0000000000,0.0102641685
0.0000000000,0.0103088338
0.0000000000,0.0103154089
0.0000000000,0.0103174858
0.0000000000,0.0103267487
0.0000000000,0.0103278114
0.0000000000,0.0103323460
0.0000000000,0.0103350487
0.0000000000,0.0103603965
0.0000000000,0.0103872409
0.0000000000,0.0104034794
0.0000000000,0.0104323952
0.0000000000,0.0104575902
0.0000000000,0.0104691982
0.0000000000,0.0104830032
0.0000000000,0.0105133187
0.0000000000,0.0105192242
0.0000000000,0.0105215386
0.0000000000,0.0105231274
0.0000000000,0.0105300238
0.0000000000,0.0105390903
0.0000000000,0.0105790133
0.0000000000,0.0105801718
0.0000000000,0.0105831688
0.0000000000,0.0105892988
0.0000000000,0.0105935950
0.0000000000,0.0106044123
0.0000000000,0.0106553026
0.0000000000,0.0106717208
0.0000000000,0.0106729455
0.0000000000,0.0106751518
0.0000000000,0.0107040284
0.0000000000,0.0107132858
0.0000000000,0.0107178660
0.0000000000,0.0107224565
0.0000000000,0.0107423291
0.0000000000,0.0108085135
0.0000000000,0.0108139357
0.0000000000,0.0108265430
0.0000000000,0.0108385691
0.0000000000,0.0108409319
0.0000000000,0.0108457645
0.0000000000,0.0108692218
0.0000000000,0.0108723044
0.0000000000,0.0109059215
0.0000000000,0.0109387152
0.0000000000,0.0109659741
0.0000000000,0.0109839188
0.0000000000,0.0109992335
0.0000000000,0.0110341627
0.0000000000,0.0110504311
0.0000000000,0.0110545857
0.0000000000,0.0110729793
0.0000000000,0.0110758953
0.0000000000,0.0110897198
0.0000000000,0.0110996971
0.0000000000,0.0111120902
0.0000000000,0.0111137237
0.0000000000,0.0111282114
0.0000000000,0.0111288363
0.0000000000,0.0111421468
0.0000000000,0.0111909853
0.0000000000,0.0112017067
0.0000000000,0.0112303672
0.0000000000,0.0112628192
0.0000000000,0.0112651512
0.0000000000,0.0112667205
0.0000000000,0.0112729203
0.0000000000,0.0112969549
0.0000000000,0.0113139004
0.0000000000,0.0113173248
0.0000000000,0.0113287242
0.0000000000,0.0113729732
0.0000000000,0.0113779735
0.0000000000,0.0113795083
0.0000000000,0.0113900397
0.0000000000,0.0113907326
0.0000000000,0.0113914423
0.0000000000,0.0114259999
0.0000000000,0.0114629362
0.0000000000,0.0115327630
0.0000000000,0.0115412967
0.0000000000,0.0115624843
0.0000000000,0.0115745803
0.0000000000,0.0115748001
0.0000000000,0.0115787964
0.0000000000,0.0116103934
0.0000000000,0.0116170757
0.0000000000,0.0116360728
0.0000000000,0.0116389114
0.0000000000,0.0116717536
0.0000000000,0.0116767045
0.0000000000,0.0117163211
0.0000000000,0.0117678018
0.0000000000,0.0117758326
0.0000000000,0.0117867701
0.0000000000,0.0117869684
0.0000000000,0.0117967576
0.0000000000,0.0118221315
0.0000000000,0.0118318563
0.0000000000,0.0118486853
0.0000000000,0.0118559962
0.0000000000,0.0119030345
0.0000000000,0.0119139040
0.0000000000,0.0119151212
0.0000000000,0.0119422600
0.0000000000,0.0119650550
0.0000000000,0.0119839376
0.0000000000,0.0120432172
0.0000000000,0.0120972116
0.0000000000,0.0121550551
0.0000000000,0.0121823922
0.0000000000,0.0121921729
0.0000000000,0.0121934190
0.0000000000,0.0121952426
0.0000000000,0.0122021101
0.0000000000,0.0122091649
0.0000000000,0.0122137778
0.0000000000,0.0122169163
0.0000000000,0.0122283362
0.0000000000,0.0122313844
0.0000000000,0.0122362012
0.0000000000,0.0122458991
0.0000000000,0.0122492434
0.0000000000,0.0122604715
0.0000000000,0.0122608989
0.0000000000,0.0122638065
0.0000000000,0.0123105794
0.0000000000,0.0123237325
0.0000000000,0.0123377489
0.0000000000,0.0123400269
0.0000000000,0.0123515967
0.0000000000,0.0123904916
0.0000000000,0.0124317817
0.0000000000,0.0124355257
0.0000000000,0.0124483928
0.0000000000,0.0124512957
0.0000000000,0.0124584986
0.0000000000,0.0124621345
0.0000000000,0.0124857733
0.0000000000,0.0124999238
0.0000000000,0.0125193391
0.0000000000,0.0125206029
0.0000000000,0.0125581808
0.0000000000,0.0125669250
0.0000000000,0.0125877038
0.0000000000,0.0126029123
0.0000000000,0.0126350103
0.0000000000,0.0126682920
0.0000000000,0.0126802269
0.0000000000,0.0127233136
0.0000000000,0.0127264988
0.0000000000,0.0127267875
0.0000000000,0.0127275400
0.0000000000,0.0127325002
0.0000000000,0.0127452184
0.0000000000,0.0127550457
0.0000000000,0.0128293158
0.0000000000,0.0128568057
0.0000000000,0.0128589403
0.0000000000,0.0128590129
0.0000000000,0.0128774252
0.0000000000,0.0129001411
0.0000000000,0.0129033960
0.0000000000,0.0129266949
0.0000000000,0.0129370820
0.0000000000,0.0129394522
0.0000000000,0.0129642431
0.0000000000,0.0129951537
0.0000000000,0.0130043570
0.0000000000,0.0130256545
0.0000000000,0.0130433878
0.0000000000,0.0130439531
0.0000000000,0.0130591700
0.0000000000,0.0130632296
0.0000000000,0.0130759841
0.0000000000,0.0130774658
0.0000000000,0.0130787017
0.0000000000,0.0131026469
0.0000000000,0.0131718079
0.0000000000,0.0131871533
0.0000000000,0.0131964032
0.0000000000,0.0132181589
0.0000000000,0.0132371616
0.0000000000,0.0132434759
0.0000000000,0.0132497242
0.0000000000,0.0132622626
0.0000000000,0.0132643757
0.0000000000,0.0132736219
0.0000000000,0.0132973082
0.0000000000,0.0133429077
0.0000000000,0.0133870617
0.0000000000,0.0134036364
0.0000000000,0.0134077519
0.0000000000,0.0134079223
0.0000000000,0.0134276506
0.0000000000,0.0134442151
0.0000000000,0.0134448204
0.0000000000,0.0134503273
0.0000000000,0.0134551227
0.0000000000,0.0135300299
0.0000000000,0.0135527859
0.0000000000,0.0135649256
0.0000000000,0.0135680139
0.0000000000,0.0135762217
0.0000000000,0.0135800764
0.0000000000,0.0135977622
0.0000000000,0.0136042498
0.0000000000,0.0136289261
0.0000000000,0.0136536779
0.0000000000,0.0136827277
0.0000000000,0.0136877503
0.0000000000,0.0136882039
0.0000000000,0.0136903673
0.0000000000,0.0137077989
0.0000000000,0.0137405274
0.0000000000,0.0137438234
0.0000000000,0.0137693081
0.0000000000,0.0138075380
0.0000000000,0.0138121061
0.0000000000,0.0138530200
0.0000000000,0.0138561437
0.0000000000,0.0139043164
0.0000000000,0.0139139602
0.0000000000,0.0139175290
0.0000000000,0.0139273452
0.0000000000,0.0139354728
0.0000000000,0.0139610441
0.0000000000,0.0139797749
0.0000000000,0.0140021984
0.0000000000,0.0140121346
0.0000000000,0.0140142804
0.0000000000,0.0140213240
0.0000000000,0.0140442839
0.0000000000,0.0140592577
0.0000000000,0.0140672559
0.0000000000,0.0140846558
0.0000000000,0.0140921893
0.0000000000,0.0140962983
0.0000000000,0.0140997814
0.0000000000,0.0141154015
0.0000000000,0.0141328918
0.0000000000,0.0141595993
0.0000000000,0.0141738057
0.0000000000,0.0141770700
0.0000000000,0.0141933030
0.0000000000,0.0141942883
0.0000000000,0.0142018450
0.0000000000,0.0142092379
0.0000000000,0.0142122861
0.0000000000,0.0142182261
0.0000000000,0.0142228417
0.0000000000,0.0142371496
0.0000000000,0.0142583065
0.0000000000,0.0142713049
0.0000000000,0.0142775113
0.0000000000,0.0142929293
0.0000000000,0.0143029662
0.0000000000,0.0143207889
0.0000000000,0.0143215591
0.0000000000,0.0143351937
0.0000000000,0.0143468399
0.0000000000,0.0143628269
0.0000000000,0.0144005157
0.0000000000,0.0144283641
0.0000000000,0.0144604631
0.0000000000,0.0144643122
0.0000000000,0.0145125948
0.0000000000,0.0145162307
0.0000000000,0.0145375337
0.0000000000,0.0145380823
0.0000000000,0.0145391505
0.0000000000,0.0145411026
0.0000000000,0.0145464092
0.0000000000,0.0145603120
0.0000000000,0.0145631908
0.0000000000,0.0145654874
0.0000000000,0.0145894783
0.0000000000,0.0145899598
0.0000000000,0.0145981563
0.0000000000,0.0146066528
0.0000000000,0.0146130575
0.0000000000,0.0146418000
0.0000000000,0.0146419788
0.0000000000,0.0146548618
0.0000000000,0.0146683985
0.0000000000,0.0147108547
0.0000000000,0.0147126373
0.0000000000,0.0147262318
0.0000000000,0.0147531210
0.0000000000,0.0147972787
0.0000000000,0.0148018952
0.0000000000,0.0148126762
0.0000000000,0.0148170162
0.0000000000,0.0148330415
0.0000000000,0.0148521131
0.0000000000,0.0148614524
0.0000000000,0.0148721719
0.0000000000,0.0148841832
0.0000000000,0.0148915015
0.0000000000,0.0149038369
0.0000000000,0.0149532882
0.0000000000,0.0149537260
0.0000000000,0.0149537632
0.0000000000,0.0149589935
0.0000000000,0.0149671808
0.0000000000,0.0149729187
0.0000000000,0.0149762565
0.0000000000,0.0150082046
0.0000000000,0.0150164673
0.0000000000,0.0150313741
0.0000000000,0.0150324767
0.0000000000,0.0150465509
0.0000000000,0.0150546348
0.0000000000,0.0150564481
0.0000000000,0.0150812091
0.0000000000,0.0150983641
0.0000000000,0.0151037965
0.0000000000,0.0151239475
0.0000000000,0.0151346875
0.0000000000,0.0151419463
0.0000000000,0.0151975714
0.0000000000,0.0152055779
0.0000000000,0.0152254794
0.0000000000,0.0152457589
0.0000000000,0.0152954524
0.0000000000,0.0152977565
0.0000000000,0.0153251598
0.0000000000,0.0153279398
0.0000000000,0.0153371869
0.0000000000,0.0153513495
0.0000000000,0.0153648434
0.0000000000,0.0153681738
0.0000000000,0.0153789287
0.0000000000,0.0153872343
0.0000000000,0.0153899686
0.0000000000,0.0153980898
0.0000000000,0.0154090924
0.0000000000,0.0154093876
0.0000000000,0.0154119236
0.0000000000,0.0154235465
0.0000000000,0.0154505009
0.0000000000,0.0154786771
0.0000000000,0.0154858259
0.0000000000,0.0155139975
0.0000000000,0.0155240530
0.0000000000,0.0155296521
0.0000000000,0.0155464811
0.0000000000,0.0155568710
0.0000000000,0.0155648636
0.0000000000,0.0155653926
0.0000000000,0.0156020913
0.0000000000,0.0156301484
0.0000000000,0.0156485662
0.0000000000,0.0156656038
0.0000000000,0.0156834088
0.0000000000,0.0156890899
0.0000000000,0.0157252867
0.0000000000,0.0157318041
0.0000000000,0.0157852508
0.0000000000,0.0157938972
0.0000000000,0.0157948751
0.0000000000,0.0158312228
0.0000000000,0.0158396643
0.0000000000,0.0158416554
0.0000000000,0.0158476625
0.0000000000,0.0158595759
0.0000000000,0.0158717651
0.0000000000,0.0158960111
0.0000000000,0.0159568787
0.0000000000,0.0159781743
0.0000000000,0.0159784723
0.0000000000,0.0159834903
0.0000000000,0.0159934219
0.0000000000,0.0160060152
0.0000000000,0.0160273314
0.0000000000,0.0160309710
0.0000000000,0.0160348639
0.0000000000,0.0160449110
0.0000000000,0.0160603430
0.0000000000,0.0160615426
0.0000000000,0.0160635803
0.0000000000,0.0160671584
0.0000000000,0.0160726868
0.0000000000,0.0160831828
0.0000000000,0.0161045231
0.0000000000,0.0161338896
0.0000000000,0.0161346812
0.0000000000,0.0161700603
0.0000000000,0.0161872897
0.0000000000,0.0162135288
0.0000000000,0.0162279513
0.0000000000,0.0162325241
0.0000000000,0.0162774362
0.0000000000,0.0162800960
0.0000000000,0.0163061693
0.0000000000,0.0163320191
0.0000000000,0.0163553562
0.0000000000,0.0164136700
0.0000000000,0.0164206084
0.0000000000,0.0164220743
0.0000000000,0.0164581612
0.0000000000,0.0164621249
0.0000000000,0.0164943058
0.0000000000,0.0164955948
0.0000000000,0.0165025834
0.0000000000,0.0165058598
0.0000000000,0.0165068042
0.0000000000,0.0165124703
0.0000000000,0.0165809076
0.0000000000,0.0165869351
0.0000000000,0.0166217107
0.0000000000,0.0166302416
0.0000000000,0.0166546274
0.0000000000,0.0166747924
0.0000000000,0.0167084578
0.0000000000,0.0167944394
0.0000000000,0.0168104824
0.0000000000,0.0168452039
0.0000000000,0.0168482233
0.0000000000,0.0168627091
0.0000000000,0.0169138126
0.0000000000,0.0169452112
0.0000000000,0.0169772636
0.0000000000,0.0169887226
0.0000000000,0.0169888381
0.0000000000,0.0169922467
0.0000000000,0.0169946030
0.0000000000,0.0169979446
0.0000000000,0.0170133449
0.0000000000,0.0170649532
0.0000000000,0.0170790423
0.0000000000,0.0171186011
0.0000000000,0.0171573069
0.0000000000,0.0171611644
0.0000000000,0.0171816684
0.0000000000,0.0171995480
0.0000000000,0.0172621869
0.0000000000,0.0172710959
0.0000000000,0.0173261631
0.0000000000,0.0173578076
0.0000000000,0.0173656065
0.0000000000,0.0173746627
0.0000000000,0.0174111072
0.0000000000,0.0174258836
0.0000000000,0.0174319874
0.0000000000,0.0174769145
0.0000000000,0.0174813066
0.0000000000,0.0174894687
0.0000000000,0.0175274406
0.0000000000,0.0175430737
0.0000000000,0.0175734162
0.0000000000,0.0176129118
0.0000000000,0.0176172648
0.0000000000,0.0176259391
0.0000000000,0.0176335163
0.0000000000,0.0176478755
0.0000000000,0.0176627785
0.0000000000,0.0176789667
0.0000000000,0.0177051090
0.0000000000,0.0177109558
0.0000000000,0.0177537948
0.0000000000,0.0177603010
0.0000000000,0.0177612118
0.0000000000,0.0177616253
0.0000000000,0.0177722648
0.0000000000,0.0177936312
0.0000000000,0.0177961495
0.0000000000,0.0177972540
0.0000000000,0.0178365353
0.0000000000,0.0178369917
0.0000000000,0.0178507026
0.0000000000,0.0178854689
0.0000000000,0.0178871080
0.0000000000,0.0179666709
0.0000000000,0.0179676302
0.0000000000,0.0180040244
0.0000000000,0.0180287044
0.0000000000,0.0180307887
0.0000000000,0.0180403441
0.0000000000,0.0180533137
0.0000000000,0.0180605911
0.0000000000,0.0180612616
0.0000000000,0.0180627368
0.0000000000,0.0180691294
0.0000000000,0.0180720780
0.0000000000,0.0180745777
0.0000000000,0.0180770326
0.0000000000,0.0180928521
0.0000000000,0.0180977266
0.0000000000,0.0181244221
0.0000000000,0.0181472432
0.0000000000,0.0181517694
0.0000000000,0.0181629919
0.0000000000,0.0181858148
0.0000000000,0.0181873199
0.0000000000,0.0182043724
0.0000000000,0.0182062872
0.0000000000,0.0182207637
0.0000000000,0.0182687938
0.0000000000,0.0183015075
0.0000000000,0.0183432475
0.0000000000,0.0183725655
0.0000000000,0.0183760338
0.0000000000,0.0183762182
0.0000000000,0.0183904860
0.0000000000,0.0183945596
0.0000000000,0.0184202213
0.0000000000,0.0185009446
0.0000000000,0.0185294934
0.0000000000,0.0185475741
0.0000000000,0.0185761526
0.0000000000,0.0185830239
0.0000000000,0.0185830668
0.0000000000,0.0185889080
0.0000000000,0.0185892899
0.0000000000,0.0186334699
0.0000000000,0.0186409205
0.0000000000,0.0186428707
0.0000000000,0.0186839141
0.0000000000,0.0187009238
0.0000000000,0.0187235754
0.0000000000,0.0187288132
0.0000000000,0.0187375322
0.0000000000,0.0187795702
0.0000000000,0.0187829603
0.0000000000,0.0188006181
0.0000000000,0.0188373346
0.0000000000,0.0188865121
0.0000000000,0.0189007912
0.0000000000,0.0189084299
0.0000000000,0.0189704672
0.0000000000,0.0189851224
0.0000000000,0.0189867690
0.0000000000,0.0189968236
0.0000000000,0.0190087799
0.0000000000,0.0190132037
0.0000000000,0.0190292597
0.0000000000,0.0190415531
0.0000000000,0.0190430973
0.0000000000,0.0190539192
0.0000000000,0.0191023033
0.0000000000,0.0191033334
0.0000000000,0.0191520639
0.0000000000,0.0191614050
0.0000000000,0.0191617124
0.0000000000,0.0191768743
0.0000000000,0.0192260575
0.0000000000,0.0192484297
0.0000000000,0.0192523133
0.0000000000,0.0192586165
0.0000000000,0.0192729309
0.0000000000,0.0192822088
0.0000000000,0.0193332843
0.0000000000,0.0193426199
0.0000000000,0.0193502493
0.0000000000,0.0193828065
0.0000000000,0.0193918217
0.0000000000,0.0194455441
0.0000000000,0.0194648728
0.0000000000,0.0194785055
0.0000000000,0.0195140317
0.0000000000,0.0195265319
0.0000000000,0.0195368566
0.0000000000,0.0195437651
0.0000000000,0.0195472408
0.0000000000,0.0196318384
0.0000000000,0.0196486972
0.0000000000,0.0196648277
0.0000000000,0.0196833946
0.0000000000,0.0196884442
0.0000000000,0.0196991935
0.0000000000,0.0197320376
0.0000000000,0.0197398979
0.0000000000,0.0197706372
0.0000000000,0.0197744556
0.0000000000,0.0197824445
0.0000000000,0.0198536087
0.0000000000,0.0198765025
0.0000000000,0.0198802650
0.0000000000,0.0199047811
0.0000000000,0.0199156124
0.0000000000,0.0199205354
0.0000000000,0.0199247338
0.0000000000,0.0199493486
0.0000000000,0.0199735574
0.0000000000,0.0199921913
0.0000000000,0.0199951399
0.0000000000,0.0200649742
0.0000000000,0.0200810358
0.0000000000,0.0201409683
0.0000000000,0.0201526452
0.0000000000,0.0201774854
0.0000000000,0.0202124603
0.0000000000,0.0202241484
0.0000000000,0.0202266984
0.0000000000,0.0202423558
0.0000000000,0.0202681795
0.0000000000,0.0203051437
0.0000000000,0.0203067269
0.0000000000,0.0203129742
0.0000000000,0.0203315485
0.0000000000,0.0203591380
0.0000000000,0.0203824509
0.0000000000,0.0203926787
0.0000000000,0.0204127692
0.0000000000,0.0204983838
0.0000000000,0.0205669906
0.0000000000,0.0205884613
0.0000000000,0.0205966532
0.0000000000,0.0206176676
0.0000000000,0.0206235014
0.0000000000,0.0206260588
0.0000000000,0.0206534974
0.0000000000,0.0206556227
0.0000000000,0.0206700973
0.0000000000,0.0206720904
0.0000000000,0.0207744818
0.0000000000,0.0207860991
0.0000000000,0.0207869150
0.0000000000,0.0207887776
0.0000000000,0.0208028220
0.0000000000,0.0208345987
0.0000000000,0.0208730549
0.0000000000,0.0209126379
0.0000000000,0.0209350344
0.0000000000,0.0209522620
0.0000000000,0.0209755469
0.0000000000,0.0209875591
0.0000000000,0.0209894888
0.0000000000,0.0209908411
0.0000000000,0.0210286938
0.0000000000,0.0210384484
0.0000000000,0.0210430771
0.0000000000,0.0210462548
0.0000000000,0.0210531168
0.0000000000,0.0210600477
0.0000000000,0.0210741442
0.0000000000,0.0210751649
0.0000000000,0.0210887957
0.0000000000,0.0210956410
0.0000000000,0.0211078301
0.0000000000,0.0211197231
0.0000000000,0.0211580265
0.0000000000,0.0212042369
0.0000000000,0.0212131087
0.0000000000,0.0212345738
0.0000000000,0.0212371852
0.0000000000,0.0212685112
0.0000000000,0.0212818999
0.0000000000,0.0213106051
0.0000000000,0.0213149805
0.0000000000,0.0213341936
0.0000000000,0.0213434417
0.0000000000,0.0213917028
0.0000000000,0.0214169137
0.0000000000,0.0215079244
0.0000000000,0.0215466786
0.0000000000,0.0216278713
0.0000000000,0.0216295142
0.0000000000,0.0216431078
0.0000000000,0.0216639712
0.0000000000,0.0216645431
0.0000000000,0.0216915291
0.0000000000,0.0216977447
0.0000000000,0.0217138845
0.0000000000,0.0217201281
0.0000000000,0.0217482112
0.0000000000,0.0217528827
0.0000000000,0.0217640307
0.0000000000,0.0217812099
0.0000000000,0.0218118429
0.0000000000,0.0218191445
0.0000000000,0.0218312461
0.0000000000,0.0218358636
0.0000000000,0.0218537915
0.0000000000,0.0218771975
0.0000000000,0.0218942985
0.0000000000,0.0219057892
0.0000000000,0.0219229963
0.0000000000,0.0219319481
0.0000000000,0.0219678376
0.0000000000,0.0219803192
0.0000000000,0.0219984669
0.0000000000,0.0220238511
0.0000000000,0.0220366213
0.0000000000,0.0220382418
0.0000000000,0.0220504738
0.0000000000,0.0220668335
0.0000000000,0.0221018661
0.0000000000,0.0221091714
0.0000000000,0.0221397709
0.0000000000,0.0222158208
0.0000000000,0.0222192984
0.0000000000,0.0222469326
0.0000000000,0.0222661570
0.0000000000,0.0222836472
0.0000000000,0.0222906079
0.0000000000,0.0223137084
0.0000000000,0.0223720763
0.0000000000,0.0223752148
0.0000000000,0.0223819707
0.0000000000,0.0223926604
0.0000000000,0.0224034134
0.0000000000,0.0224099476
0.0000000000,0.0224213246
0.0000000000,0.0224780515
0.0000000000,0.0224873908
0.0000000000,0.0225228257
0.0000000000,0.0225334410
0.0000000000,0.0225939099
0.0000000000,0.0226561725
0.0000000000,0.0226574484
0.0000000000,0.0226590727
0.0000000000,0.0226679314
0.0000000000,0.0227559470
0.0000000000,0.0227561668
0.0000000000,0.0227800794
0.0000000000,0.0227814652
0.0000000000,0.0228061453
0.0000000000,0.0228310563
0.0000000000,0.0228320621
0.0000000000,0.0228326693
0.0000000000,0.0228470173
0.0000000000,0.0228743926
0.0000000000,0.0229478627
0.0000000000,0.0229760818
0.0000000000,0.0229896493
0.0000000000,0.0230155792
0.0000000000,0.0230216123
0.0000000000,0.0231249686
0.0000000000,0.0231359843
0.0000000000,0.0231488403
0.0000000000,0.0232207868
0.0000000000,0.0232341513
0.0000000000,0.0232775323
0.0000000000,0.0232778229
0.0000000000,0.0232872050
0.0000000000,0.0232915394
0.0000000000,0.0233139917
0.0000000000,0.0234126803
0.0000000000,0.0234507024
0.0000000000,0.0234666802
0.0000000000,0.0235210322
0.0000000000,0.0235516652
0.0000000000,0.0236537177
0.0000000000,0.0236584675
0.0000000000,0.0236637127
0.0000000000,0.0236721840
0.0000000000,0.0236752667
0.0000000000,0.0236798562
0.0000000000,0.0236818921
0.0000000000,0.0236957837
0.0000000000,0.0236973707
0.0000000000,0.0237013698
0.0000000000,0.0237132479
0.0000000000,0.0237205997
0.0000000000,0.0237256475
0.0000000000,0.0237826221
0.0000000000,0.0237902794
0.0000000000,0.0238060690
0.0000000000,0.0238199085
0.0000000000,0.0238278080
0.0000000000,0.0238312501
0.0000000000,0.0238454454
0.0000000000,0.0238845199
0.0000000000,0.0239160098
0.0000000000,0.0239301100
0.0000000000,0.0239336062
0.0000000000,0.0239677578
0.0000000000,0.0239678752
0.0000000000,0.0240302850
0.0000000000,0.0240794811
0.0000000000,0.0240864344
0.0000000000,0.0240894463
0.0000000000,0.0241494868
0.0000000000,0.0241697878
0.0000000000,0.0241806433
0.0000000000,0.0242550950
0.0000000000,0.0242768340
0.0000000000,0.0243184865
0.0000000000,0.0243325569
0.0000000000,0.0243462287
0.0000000000,0.0244042203
0.0000000000,0.0244376566
0.0000000000,0.0244563296
0.0000000000,0.0244627688
0.0000000000,0.0244749449
0.0000000000,0.0244917981
0.0000000000,0.0245126747
0.0000000000,0.0245148595
0.0000000000,0.0245209429
0.0000000000,0.0245217979
0.0000000000,0.0245766342
0.0000000000,0.0246135332
0.0000000000,0.0246474650
0.0000000000,0.0246655382
0.0000000000,0.0246994048
0.0000000000,0.0247120094
0.0000000000,0.0247198958
0.0000000000,0.0247320216
0.0000000000,0.0247446094
0.0000000000,0.0247538276
0.0000000000,0.0247556698
0.0000000000,0.0247776955
0.0000000000,0.0247931089
0.0000000000,0.0248967856
0.0000000000,0.0249264147
0.0000000000,0.0249333885
0.0000000000,0.0249673612
0.0000000000,0.0250158086
0.0000000000,0.0250310656
0.0000000000,0.0250351876
0.0000000000,0.0250386782
0.0000000000,0.0250412058
0.0000000000,0.0250683371
0.0000000000,0.0250725858
0.0000000000,0.0251338501
0.0000000000,0.0251370240
0.0000000000,0.0251678862
0.0000000000,0.0252058245
0.0000000000,0.0252615456
0.0000000000,0.0253016688
0.0000000000,0.0253372788
0.0000000000,0.0253996104
0.0000000000,0.0254466273
0.0000000000,0.0254550800
0.0000000000,0.0254636332
0.0000000000,0.0254650004
0.0000000000,0.0256326664
0.0000000000,0.0256729759
0.0000000000,0.0256752186
0.0000000000,0.0256974753
0.0000000000,0.0257476252
0.0000000000,0.0257820543
0.0000000000,0.0258070361
0.0000000000,0.0258892532
0.0000000000,0.0259288121
0.0000000000,0.0259962436
0.0000000000,0.0260087140
0.0000000000,0.0260665119
0.0000000000,0.0261264592
0.0000000000,0.0261311121
0.0000000000,0.0263903402
0.0000000000,0.0263993870
0.0000000000,0.0264363177
0.0000000000,0.0265173800
0.0000000000,0.0265287515
0.0000000000,0.0265340786
0.0000000000,0.0265555568
0.0000000000,0.0265768059
0.0000000000,0.0265784059
0.0000000000,0.0265979301
0.0000000000,0.0266438220
0.0000000000,0.0267067458
0.0000000000,0.0267343167
0.0000000000,0.0267564859
0.0000000000,0.0267905146
0.0000000000,0.0268127453
0.0000000000,0.0268190708
0.0000000000,0.0268553011
0.0000000000,0.0268884301
0.0000000000,0.0269020814
0.0000000000,0.0269102454
0.0000000000,0.0269276407
0.0000000000,0.0269902833
0.0000000000,0.0270508733
0.0000000000,0.0270600598
0.0000000000,0.0270697065
0.0000000000,0.0271093082
0.0000000000,0.0272084996
0.0000000000,0.0272372235
0.0000000000,0.0272498373
0.0000000000,0.0272519831
0.0000000000,0.0272578523
0.0000000000,0.0272956640
0.0000000000,0.0273073558
0.0000000000,0.0273249634
0.0000000000,0.0275274217
0.0000000000,0.0275386162
0.0000000000,0.0275488254
0.0000000000,0.0275518857
0.0000000000,0.0276150759
0.0000000000,0.0276680626
0.0000000000,0.0277083609
0.0000000000,0.0277216695
0.0000000000,0.0277427807
0.0000000000,0.0278686248
0.0000000000,0.0279133432
0.0000000000,0.0279595498
0.0000000000,0.0279688444
0.0000000000,0.0280052759
0.0000000000,0.0280140731
0.0000000000,0.0280495845
0.0000000000,0.0280825514
0.0000000000,0.0281113330
0.0000000000,0.0281838644
0.0000000000,0.0281925965
0.0000000000,0.0281935558
0.0000000000,0.0282308031
0.0000000000,0.0283457004
0.0000000000,0.0284001324
0.0000000000,0.0284456834
0.0000000000,0.0284537878
0.0000000000,0.0284983963
0.0000000000,0.0285166129
0.0000000000,0.0285298228
0.0000000000,0.0285969339
0.0000000000,0.0286258515
0.0000000000,0.0286431182
0.0000000000,0.0286543611
0.0000000000,0.0287573095
0.0000000000,0.0287875291
0.0000000000,0.0288567282
0.0000000000,0.0288951397
0.0000000000,0.0289408360
0.0000000000,0.0290251896
0.0000000000,0.0291206241
0.0000000000,0.0293706637
0.0000000000,0.0293913987
0.0000000000,0.0294168051
0.0000000000,0.0294217095
0.0000000000,0.0294524636
0.0000000000,0.0295030456
0.0000000000,0.0296037905
0.0000000000,0.0297695659
0.0000000000,0.0297784954
0.0000000000,0.0298364814
0.0000000000,0.0299065765
0.0000000000,0.0299133379
0.0000000000,0.0299260374
0.0000000000,0.0299507082
0.0000000000,0.0300559513
0.0000000000,0.0301307812
0.0000000000,0.0302838925
0.0000000000,0.0303555001
0.0000000000,0.0304509588
0.0000000000,0.0304826405
0.0000000000,0.0306503195
0.0000000000,0.0307578575
0.0000000000,0.0308383796
0.0000000000,0.0309010018
0.0000000000,0.0310929623
0.0000000000,0.0311116911
0.0000000000,0.0311137419
0.0000000000,0.0312041827
0.0000000000,0.0312480852
0.0000000000,0.0312971324
0.0000000000,0.0313423350
0.0000000000,0.0314679220
0.0000000000,0.0315103568
0.0000000000,0.0316705890
0.0000000000,0.0317014083
0.0000000000,0.0317191519
0.0000000000,0.0317949615
0.0000000000,0.0319549441
0.0000000000,0.0320342742
0.0000000000,0.0321206860
0.0000000000,0.0321271606
0.0000000000,0.0323002264
0.0000000000,0.0323251560
0.0000000000,0.0323976614
0.0000000000,0.0324019119
0.0000000000,0.0324559025
0.0000000000,0.0325548723
0.0000000000,0.0325601920
0.0000000000,0.0326640382
0.0000000000,0.0327485390
0.0000000000,0.0327743664
0.0000000000,0.0328273401
0.0000000000,0.0330026485
0.0000000000,0.0332434215
0.0000000000,0.0334052667
0.0000000000,0.0335559025
0.0000000000,0.0336701609
0.0000000000,0.0339078121
0.0000000000,0.0339176618
0.0000000000,0.0339776762
0.0000000000,0.0340266898
0.0000000000,0.0342449211
0.0000000000,0.0343412310
0.0000000000,0.0343841948
0.0000000000,0.0343851782
0.0000000000,0.0344738886
0.0000000000,0.0346290693
0.0000000000,0.0352435112
0.0000000000,0.0355745107
0.0000000000,0.0356385708
0.0000000000,0.0358225144
0.0000000000,0.0358538665
0.0000000000,0.0358663611
0.0000000000,0.0360505022
0.0000000000,0.0361379348
0.0000000000,0.0361587405
0.0000000000,0.0362373665
0.0000000000,0.0362788886
0.0000000000,0.0363492444
0.0000000000,0.0366190337
0.0000000000,0.0369033590
0.0000000000,0.0374471508
0.0000000000,0.0378869176
0.0000000000,0.0386193730
0.0000000000,0.0390692428
0.0000000000,0.0391019620
0.0000000000,0.0395597294
0.0000000000,0.0397406071
0.0000000000,0.0397659391
0.0000000000,0.0413069949
0.0000000000,0.0418242402
0.0000000000,0.0418664403
0.0000000000,0.0426056571
0.0000000000,0.0426447168
0.0000000000,0.0432114489
0.0000000000,0.0432264097
0.0000000000,0.0435057655
0.0000000000,0.0438727066
0.0000000000,0.0457487851
0.0000000000,0.0459696688
0.0000000000,0.0513459519
0.0000000000,0.0577902794
0.0000000000,       inf
