0.0000000000,0.0011574861
0.0000000000,0.0012166748
0.0000000000,0.0012507782
0.0000000000,0.0013782115
0.0000000000,0.0014075702
0.0000000000,0.0014231763
0.0000000000,0.0016187470
0.0000000000,0.0016866173
0.0000000000,0.0016887516
0.0000000000,0.0017582070
0.0000000000,0.0018173917
0.0000000000,0.0018356122
0.0000000000,0.0018840034
0.0000000000,0.0019217459
0.0000000000,0.0020311640
0.0000000000,0.0020894017
0.0000000000,0.0021530224
0.0000000000,0.0022161917
0.0000000000,0.0022433305
0.0000000000,0.0023149722
0.0000000000,0.0023461813
0.0000000000,0.0023514221
0.0000000000,0.0023612557
0.0000000000,0.0024260974
0.0000000000,0.0024333496
0.0000000000,0.0024451627
0.0000000000,0.0024868117
0.0000000000,0.0025015564
0.0000000000,0.0025692838
0.0000000000,0.0027564231
0.0000000000,0.0028151404
0.0000000000,0.0028463525
0.0000000000,0.0030312054
0.0000000000,0.0031263831
0.0000000000,0.0031430300
0.0000000000,0.0031523814
0.0000000000,0.0032374940
0.0000000000,0.0032650956
0.0000000000,0.0032978032
0.0000000000,0.0033413346
0.0000000000,0.0033732345
0.0000000000,0.0033775032
0.0000000000,0.0034013642
0.0000000000,0.0034389785
0.0000000000,0.0034986050
0.0000000000,0.0035051710
0.0000000000,0.0035078593
0.0000000000,0.0035164140
0.0000000000,0.0035185104
0.0000000000,0.0035528305
0.0000000000,0.0035923275
0.0000000000,0.0036217964
0.0000000000,0.0036347834
0.0000000000,0.0036409008
0.0000000000,0.0036712245
0.0000000000,0.0037680068
0.0000000000,0.0038434919
0.0000000000,0.0040623280
0.0000000000,0.0041429959
0.0000000000,0.0041788034
0.0000000000,0.0042736898
0.0000000000,0.0042995443
0.0000000000,0.0043060449
0.0000000000,0.0043590590
0.0000000000,0.0043609212
0.0000000000,0.0043926071
0.0000000000,0.0044066701
0.0000000000,0.0044128546
0.0000000000,0.0044201370
0.0000000000,0.0044323835
0.0000000000,0.0044402489
0.0000000000,0.0044430606
0.0000000000,0.0044722212
0.0000000000,0.0044732685
0.0000000000,0.0044866609
0.0000000000,0.0045168018
0.0000000000,0.0045661931
0.0000000000,0.0046299445
0.0000000000,0.0046711536
0.0000000000,0.0046923626
0.0000000000,0.0047028442
0.0000000000,0.0047225114
0.0000000000,0.0047872686
0.0000000000,0.0047967266
0.0000000000,0.0048521948
0.0000000000,0.0048666992
0.0000000000,0.0048831566
0.0000000000,0.0048903255
0.0000000000,0.0049129971
0.0000000000,0.0049736234
0.0000000000,0.0049931374
0.0000000000,0.0050002686
0.0000000000,0.0050031128
0.0000000000,0.0050529479
0.0000000000,0.0050855228
0.0000000000,0.0051385676
0.0000000000,0.0051447805
0.0000000000,0.0051460625
0.0000000000,0.0051593673
0.0000000000,0.0052223061
0.0000000000,0.0053367941
0.0000000000,0.0053863036
0.0000000000,0.0053957165
0.0000000000,0.0054492271
0.0000000000,0.0055128462
0.0000000000,0.0055596270
0.0000000000,0.0056302808
0.0000000000,0.0056927050
0.0000000000,0.0057082404
0.0000000000,0.0057179532
0.0000000000,0.0057317163
0.0000000000,0.0057450118
0.0000000000,0.0057686474
0.0000000000,0.0057870755
0.0000000000,0.0058600469
0.0000000000,0.0058668521
0.0000000000,0.0058998261
0.0000000000,0.0059084487
0.0000000000,0.0059578330
0.0000000000,0.0060030683
0.0000000000,0.0060610832
0.0000000000,0.0060624108
0.0000000000,0.0060939137
0.0000000000,0.0062527661
0.0000000000,0.0062688510
0.0000000000,0.0062860600
0.0000000000,0.0063047628
0.0000000000,0.0063331756
0.0000000000,0.0063473601
0.0000000000,0.0063966243
0.0000000000,0.0064027626
0.0000000000,0.0064064441
0.0000000000,0.0064077266
0.0000000000,0.0064701573
0.0000000000,0.0064749881
0.0000000000,0.0064851032
0.0000000000,0.0065301913
0.0000000000,0.0065535116
0.0000000000,0.0065779747
0.0000000000,0.0065956064
0.0000000000,0.0066417740
0.0000000000,0.0066767046
0.0000000000,0.0066826693
0.0000000000,0.0066899708
0.0000000000,0.0067464691
0.0000000000,0.0067491783
0.0000000000,0.0067534395
0.0000000000,0.0067550065
0.0000000000,0.0067748060
0.0000000000,0.0068027284
0.0000000000,0.0068239961
0.0000000000,0.0068678516
0.0000000000,0.0068779569
0.0000000000,0.0069097062
0.0000000000,0.0069234865
0.0000000000,0.0069235899
0.0000000000,0.0069255345
0.0000000000,0.0069425874
0.0000000000,0.0069770352
0.0000000000,0.0069774562
0.0000000000,0.0069829267
0.0000000000,0.0069893496
0.0000000000,0.0069972100
0.0000000000,0.0070070280
0.0000000000,0.0070103421
0.0000000000,0.0070157186
0.0000000000,0.0070328279
0.0000000000,0.0070370208
0.0000000000,0.0070710131
0.0000000000,0.0070711039
0.0000000000,0.0071056611
0.0000000000,0.0071183909
0.0000000000,0.0071317325
0.0000000000,0.0071846549
0.0000000000,0.0072346977
0.0000000000,0.0072435928
0.0000000000,0.0072444319
0.0000000000,0.0072573712
0.0000000000,0.0072695669
0.0000000000,0.0072716754
0.0000000000,0.0072818017
0.0000000000,0.0072818082
0.0000000000,0.0073424489
0.0000000000,0.0073794392
0.0000000000,0.0073817521
0.0000000000,0.0073871003
0.0000000000,0.0073883533
0.0000000000,0.0073901159
0.0000000000,0.0074627264
0.0000000000,0.0074974233
0.0000000000,0.0075036301
0.0000000000,0.0075068213
0.0000000000,0.0075281542
0.0000000000,0.0075360136
0.0000000000,0.0075598946
0.0000000000,0.0075983261
0.0000000000,0.0076081641
0.0000000000,0.0076414719
0.0000000000,0.0076482552
0.0000000000,0.0076497621
0.0000000000,0.0076585514
0.0000000000,0.0077684750
0.0000000000,0.0077866130
0.0000000000,0.0078028678
0.0000000000,0.0078090159
0.0000000000,0.0078114900
0.0000000000,0.0078257108
0.0000000000,0.0078416858
0.0000000000,0.0078812996
0.0000000000,0.0079026977
0.0000000000,0.0079417918
0.0000000000,0.0079441862
0.0000000000,0.0079542957
0.0000000000,0.0079633277
0.0000000000,0.0079738712
0.0000000000,0.0079828035
0.0000000000,0.0080031846
0.0000000000,0.0080086822
0.0000000000,0.0080322148
0.0000000000,0.0080552809
0.0000000000,0.0080553032
0.0000000000,0.0080782101
0.0000000000,0.0081061572
0.0000000000,0.0081124874
0.0000000000,0.0081189694
0.0000000000,0.0081246560
0.0000000000,0.0081273895
0.0000000000,0.0082226731
0.0000000000,0.0082448460
0.0000000000,0.0082465168
0.0000000000,0.0082653863
0.0000000000,0.0082817720
0.0000000000,0.0082859918
0.0000000000,0.0083022807
0.0000000000,0.0083075175
0.0000000000,0.0083267204
0.0000000000,0.0083358288
0.0000000000,0.0083576068
0.0000000000,0.0084441053
0.0000000000,0.0084720328
0.0000000000,0.0085221734
0.0000000000,0.0085282838
0.0000000000,0.0085473796
0.0000000000,0.0085960506
0.0000000000,0.0085990885
0.0000000000,0.0086061740
0.0000000000,0.0086120898
0.0000000000,0.0086188857
0.0000000000,0.0086431475
0.0000000000,0.0086516412
0.0000000000,0.0086756796
0.0000000000,0.0086968299
0.0000000000,0.0087181181
0.0000000000,0.0087191416
0.0000000000,0.0087204259
0.0000000000,0.0087396316
0.0000000000,0.0087420447
0.0000000000,0.0087490315
0.0000000000,0.0087802494
0.0000000000,0.0087852143
0.0000000000,0.0087992214
0.0000000000,0.0088133402
0.0000000000,0.0088168001
0.0000000000,0.0088188658
0.0000000000,0.0088229859
0.0000000000,0.0088257091
0.0000000000,0.0088402741
0.0000000000,0.0088406643
0.0000000000,0.0088498788
0.0000000000,0.0088647669
0.0000000000,0.0088804979
0.0000000000,0.0088871103
0.0000000000,0.0088977385
0.0000000000,0.0089052888
0.0000000000,0.0089182341
0.0000000000,0.0089242710
0.0000000000,0.0089444425
0.0000000000,0.0089695062
0.0000000000,0.0089733219
0.0000000000,0.0090044700
0.0000000000,0.0090336036
0.0000000000,0.0090349969
0.0000000000,0.0090472484
0.0000000000,0.0090681715
0.0000000000,0.0090754796
0.0000000000,0.0090932995
0.0000000000,0.0091051580
0.0000000000,0.0091187246
0.0000000000,0.0091323862
0.0000000000,0.0091799460
0.0000000000,0.0091894120
0.0000000000,0.0092214644
0.0000000000,0.0092488239
0.0000000000,0.0092556151
0.0000000000,0.0092598889
0.0000000000,0.0092881983
0.0000000000,0.0093260640
0.0000000000,0.0093423072
0.0000000000,0.0093497131
0.0000000000,0.0093815764
0.0000000000,0.0093829473
0.0000000000,0.0093847252
0.0000000000,0.0093936604
0.0000000000,0.0093957894
0.0000000000,0.0093971575
0.0000000000,0.0094056884
0.0000000000,0.0094141848
0.0000000000,0.0094450228
0.0000000000,0.0094712898
0.0000000000,0.0094735725
0.0000000000,0.0094888099
0.0000000000,0.0095104091
0.0000000000,0.0095249964
0.0000000000,0.0095368298
0.0000000000,0.0095420787
0.0000000000,0.0095692305
0.0000000000,0.0095837172
0.0000000000,0.0095934533
0.0000000000,0.0096469270
0.0000000000,0.0096570598
0.0000000000,0.0097043896
0.0000000000,0.0097158542
0.0000000000,0.0097333984
0.0000000000,0.0097663132
0.0000000000,0.0097678751
0.0000000000,0.0097806510
0.0000000000,0.0097821979
0.0000000000,0.0098046875
0.0000000000,0.0098109152
0.0000000000,0.0098204082
0.0000000000,0.0098259943
0.0000000000,0.0098560061
0.0000000000,0.0098750768
0.0000000000,0.0098941196
0.0000000000,0.0099397795
0.0000000000,0.0099472469
0.0000000000,0.0099663278
0.0000000000,0.0099862749
0.0000000000,0.0100005371
0.0000000000,0.0100059472
0.0000000000,0.0100062257
0.0000000000,0.0100487489
0.0000000000,0.0100528747
0.0000000000,0.0100587625
0.0000000000,0.0100628929
0.0000000000,0.0100773042
0.0000000000,0.0100836148
0.0000000000,0.0101228002
0.0000000000,0.0101417294
0.0000000000,0.0101532834
0.0000000000,0.0101599470
0.0000000000,0.0101710455
0.0000000000,0.0101761306
0.0000000000,0.0102157956
0.0000000000,0.0102181928
0.0000000000,0.0102623217
0.0000000000,0.0102623906
0.0000000000,0.0102739558
0.0000000000,0.0102771353
0.0000000000,0.0102850273
0.0000000000,0.0102895610
0.0000000000,0.0102921249
0.0000000000,0.0103187347
0.0000000000,0.0103270449
0.0000000000,0.0103631634
0.0000000000,0.0103664435
0.0000000000,0.0103826476
0.0000000000,0.0103837987
0.0000000000,0.0104446122
0.0000000000,0.0104698148
0.0000000000,0.0104872547
0.0000000000,0.0104933791
0.0000000000,0.0105093382
0.0000000000,0.0105578797
0.0000000000,0.0105740726
0.0000000000,0.0105752936
0.0000000000,0.0106013166
0.0000000000,0.0106104407
0.0000000000,0.0106297098
0.0000000000,0.0106703574
0.0000000000,0.0106735881
0.0000000000,0.0106966915
0.0000000000,0.0106999334
0.0000000000,0.0106999911
0.0000000000,0.0107381325
0.0000000000,0.0107506383
0.0000000000,0.0107726073
0.0000000000,0.0107759936
0.0000000000,0.0107914330
0.0000000000,0.0107932817
0.0000000000,0.0107957898
0.0000000000,0.0108006522
0.0000000000,0.0108153075
0.0000000000,0.0108157853
0.0000000000,0.0108289979
0.0000000000,0.0108516468
0.0000000000,0.0108712269
0.0000000000,0.0108906385
0.0000000000,0.0108984541
0.0000000000,0.0109581845
0.0000000000,0.0109798461
0.0000000000,0.0110256923
0.0000000000,0.0110406214
0.0000000000,0.0110753821
0.0000000000,0.0110991476
0.0000000000,0.0111192539
0.0000000000,0.0111314571
0.0000000000,0.0112017691
0.0000000000,0.0112097114
0.0000000000,0.0112123676
0.0000000000,0.0112282308
0.0000000000,0.0112363333
0.0000000000,0.0112560960
0.0000000000,0.0112605616
0.0000000000,0.0112747066
0.0000000000,0.0113260830
0.0000000000,0.0113582481
0.0000000000,0.0113854101
0.0000000000,0.0114164390
0.0000000000,0.0114359064
0.0000000000,0.0114676850
0.0000000000,0.0114900237
0.0000000000,0.0115295481
0.0000000000,0.0115372948
0.0000000000,0.0115572913
0.0000000000,0.0115617309
0.0000000000,0.0115621435
0.0000000000,0.0115741510
0.0000000000,0.0115811098
0.0000000000,0.0116046816
0.0000000000,0.0116165755
0.0000000000,0.0116413897
0.0000000000,0.0116609279
0.0000000000,0.0117200939
0.0000000000,0.0117337042
0.0000000000,0.0117486892
0.0000000000,0.0117867701
0.0000000000,0.0117996521
0.0000000000,0.0118099293
0.0000000000,0.0118168974
0.0000000000,0.0118184015
0.0000000000,0.0118281664
0.0000000000,0.0118378988
0.0000000000,0.0118465535
0.0000000000,0.0118716033
0.0000000000,0.0118719423
0.0000000000,0.0118965786
0.0000000000,0.0119128395
0.0000000000,0.0119156661
0.0000000000,0.0119420197
0.0000000000,0.0119962199
0.0000000000,0.0120007666
0.0000000000,0.0120061366
0.0000000000,0.0120244129
0.0000000000,0.0120283514
0.0000000000,0.0120408665
0.0000000000,0.0120598245
0.0000000000,0.0120761301
0.0000000000,0.0120855179
0.0000000000,0.0120967478
0.0000000000,0.0120975366
0.0000000000,0.0121221663
0.0000000000,0.0121248215
0.0000000000,0.0121310037
0.0000000000,0.0121393669
0.0000000000,0.0121595468
0.0000000000,0.0121647380
0.0000000000,0.0121727744
0.0000000000,0.0121766897
0.0000000000,0.0121878274
0.0000000000,0.0121926321
0.0000000000,0.0122187026
0.0000000000,0.0122350026
0.0000000000,0.0122436257
0.0000000000,0.0122479647
0.0000000000,0.0122565441
0.0000000000,0.0122627839
0.0000000000,0.0123123201
0.0000000000,0.0123234103
0.0000000000,0.0123453559
0.0000000000,0.0123576261
0.0000000000,0.0123970667
0.0000000000,0.0124319205
0.0000000000,0.0124324542
0.0000000000,0.0124345711
0.0000000000,0.0124362092
0.0000000000,0.0124455513
0.0000000000,0.0124496995
0.0000000000,0.0124604255
0.0000000000,0.0124773690
0.0000000000,0.0125018684
0.0000000000,0.0125055322
0.0000000000,0.0125352275
0.0000000000,0.0125559010
0.0000000000,0.0125721199
0.0000000000,0.0126018086
0.0000000000,0.0126095256
0.0000000000,0.0126398802
0.0000000000,0.0126404380
0.0000000000,0.0126663512
0.0000000000,0.0127685554
0.0000000000,0.0127932485
0.0000000000,0.0127964132
0.0000000000,0.0127976462
0.0000000000,0.0128055252
0.0000000000,0.0128245745
0.0000000000,0.0128306272
0.0000000000,0.0128542772
0.0000000000,0.0128588146
0.0000000000,0.0129017616
0.0000000000,0.0129403146
0.0000000000,0.0129499761
0.0000000000,0.0129567701
0.0000000000,0.0129702063
0.0000000000,0.0129738348
0.0000000000,0.0129788853
0.0000000000,0.0130479727
0.0000000000,0.0130603826
0.0000000000,0.0130770933
0.0000000000,0.0131070232
0.0000000000,0.0131267933
0.0000000000,0.0131559493
0.0000000000,0.0131937144
0.0000000000,0.0131949866
0.0000000000,0.0131986858
0.0000000000,0.0132359415
0.0000000000,0.0132571831
0.0000000000,0.0132601559
0.0000000000,0.0132607613
0.0000000000,0.0132832332
0.0000000000,0.0132941362
0.0000000000,0.0133314794
0.0000000000,0.0133575993
0.0000000000,0.0133799417
0.0000000000,0.0133908875
0.0000000000,0.0134000909
0.0000000000,0.0134073701
0.0000000000,0.0134321190
0.0000000000,0.0134618040
0.0000000000,0.0134880403
0.0000000000,0.0134929381
0.0000000000,0.0134948287
0.0000000000,0.0134983566
0.0000000000,0.0135068791
0.0000000000,0.0135100130
0.0000000000,0.0135114966
0.0000000000,0.0135182403
0.0000000000,0.0135243936
0.0000000000,0.0135326255
0.0000000000,0.0135440864
0.0000000000,0.0135513088
0.0000000000,0.0135586653
0.0000000000,0.0135683967
0.0000000000,0.0135756135
0.0000000000,0.0135825854
0.0000000000,0.0135933934
0.0000000000,0.0136114582
0.0000000000,0.0136127872
0.0000000000,0.0136159649
0.0000000000,0.0136225820
0.0000000000,0.0136359399
0.0000000000,0.0136479922
0.0000000000,0.0136605920
0.0000000000,0.0136979977
0.0000000000,0.0137037504
0.0000000000,0.0137202125
0.0000000000,0.0137254167
0.0000000000,0.0137335248
0.0000000000,0.0137357032
0.0000000000,0.0137559138
0.0000000000,0.0137728639
0.0000000000,0.0138469730
0.0000000000,0.0138471797
0.0000000000,0.0138510689
0.0000000000,0.0138615957
0.0000000000,0.0138851749
0.0000000000,0.0138888173
0.0000000000,0.0139182657
0.0000000000,0.0139549123
0.0000000000,0.0139639033
0.0000000000,0.0139658535
0.0000000000,0.0139675690
0.0000000000,0.0139786992
0.0000000000,0.0139944199
0.0000000000,0.0139994575
0.0000000000,0.0140206842
0.0000000000,0.0140314372
0.0000000000,0.0140434466
0.0000000000,0.0140509801
0.0000000000,0.0140619883
0.0000000000,0.0140740415
0.0000000000,0.0140986266
0.0000000000,0.0141135249
0.0000000000,0.0141422078
0.0000000000,0.0141430665
0.0000000000,0.0141897267
0.0000000000,0.0142055377
0.0000000000,0.0142113222
0.0000000000,0.0142158261
0.0000000000,0.0142179187
0.0000000000,0.0142367817
0.0000000000,0.0142587526
0.0000000000,0.0142634651
0.0000000000,0.0142725594
0.0000000000,0.0142872781
0.0000000000,0.0143310390
0.0000000000,0.0143517675
0.0000000000,0.0143693099
0.0000000000,0.0143856769
0.0000000000,0.0144106541
0.0000000000,0.0144255748
0.0000000000,0.0144301495
0.0000000000,0.0144693954
0.0000000000,0.0144871855
0.0000000000,0.0145104825
0.0000000000,0.0145174582
0.0000000000,0.0145300189
0.0000000000,0.0145433508
0.0000000000,0.0145636033
0.0000000000,0.0145636164
0.0000000000,0.0145710660
0.0000000000,0.0145785799
0.0000000000,0.0145892445
0.0000000000,0.0146277854
0.0000000000,0.0146848978
0.0000000000,0.0147260744
0.0000000000,0.0147586055
0.0000000000,0.0147588784
0.0000000000,0.0147658112
0.0000000000,0.0147802318
0.0000000000,0.0148003595
0.0000000000,0.0148094203
0.0000000000,0.0148166250
0.0000000000,0.0148286624
0.0000000000,0.0148422718
0.0000000000,0.0148486849
0.0000000000,0.0148588018
0.0000000000,0.0148691917
0.0000000000,0.0148774693
0.0000000000,0.0149140870
0.0000000000,0.0149227083
0.0000000000,0.0149254529
0.0000000000,0.0149293682
0.0000000000,0.0149324210
0.0000000000,0.0149456654
0.0000000000,0.0149948467
0.0000000000,0.0150072603
0.0000000000,0.0150087560
0.0000000000,0.0150136426
0.0000000000,0.0150407469
0.0000000000,0.0150465723
0.0000000000,0.0150563084
0.0000000000,0.0150994444
0.0000000000,0.0151052056
0.0000000000,0.0151133649
0.0000000000,0.0151387090
0.0000000000,0.0151888086
0.0000000000,0.0152098387
0.0000000000,0.0152829438
0.0000000000,0.0152995242
0.0000000000,0.0153105557
0.0000000000,0.0153142661
0.0000000000,0.0153171029
0.0000000000,0.0153358541
0.0000000000,0.0154175516
0.0000000000,0.0154224476
0.0000000000,0.0154363699
0.0000000000,0.0154915107
0.0000000000,0.0155219529
0.0000000000,0.0155384168
0.0000000000,0.0155625744
0.0000000000,0.0155732259
0.0000000000,0.0155758504
0.0000000000,0.0155982459
0.0000000000,0.0156229800
0.0000000000,0.0156385843
0.0000000000,0.0156514216
0.0000000000,0.0156568456
0.0000000000,0.0156597681
0.0000000000,0.0157582089
0.0000000000,0.0157959070
0.0000000000,0.0158053953
0.0000000000,0.0158546921
0.0000000000,0.0158995111
0.0000000000,0.0159085914
0.0000000000,0.0159120932
0.0000000000,0.0159121454
0.0000000000,0.0159266554
0.0000000000,0.0159306265
0.0000000000,0.0159429815
0.0000000000,0.0159656070
0.0000000000,0.0159787145
0.0000000000,0.0159942806
0.0000000000,0.0160063691
0.0000000000,0.0160173643
0.0000000000,0.0160226598
0.0000000000,0.0160448663
0.0000000000,0.0160644297
0.0000000000,0.0161105618
0.0000000000,0.0161564201
0.0000000000,0.0161587819
0.0000000000,0.0161603875
0.0000000000,0.0161741935
0.0000000000,0.0162086319
0.0000000000,0.0162123144
0.0000000000,0.0162354708
0.0000000000,0.0162379388
0.0000000000,0.0162419751
0.0000000000,0.0162525382
0.0000000000,0.0162547790
0.0000000000,0.0162657388
0.0000000000,0.0162737258
0.0000000000,0.0162803400
0.0000000000,0.0162821561
0.0000000000,0.0163834784
0.0000000000,0.0163851511
0.0000000000,0.0164033212
0.0000000000,0.0164243765
0.0000000000,0.0164453462
0.0000000000,0.0164900962
0.0000000000,0.0165358633
0.0000000000,0.0165447481
0.0000000000,0.0165459681
0.0000000000,0.0165704098
0.0000000000,0.0165719837
0.0000000000,0.0165805016
0.0000000000,0.0165992621
0.0000000000,0.0166045614
0.0000000000,0.0166105423
0.0000000000,0.0166111328
0.0000000000,0.0166123156
0.0000000000,0.0166143700
0.0000000000,0.0166150350
0.0000000000,0.0166221820
0.0000000000,0.0166228432
0.0000000000,0.0166409723
0.0000000000,0.0166534409
0.0000000000,0.0166780464
0.0000000000,0.0166815948
0.0000000000,0.0166978315
0.0000000000,0.0167152137
0.0000000000,0.0167177580
0.0000000000,0.0167383160
0.0000000000,0.0167415347
0.0000000000,0.0167828985
0.0000000000,0.0168000888
0.0000000000,0.0168470144
0.0000000000,0.0168586560
0.0000000000,0.0168882105
0.0000000000,0.0169054046
0.0000000000,0.0169083793
0.0000000000,0.0169143546
0.0000000000,0.0169240348
0.0000000000,0.0169273857
0.0000000000,0.0169402156
0.0000000000,0.0169406682
0.0000000000,0.0169440657
0.0000000000,0.0169617888
0.0000000000,0.0169910248
0.0000000000,0.0169924479
0.0000000000,0.0170317627
0.0000000000,0.0170443468
0.0000000000,0.0170780662
0.0000000000,0.0170947593
0.0000000000,0.0171047579
0.0000000000,0.0171582568
0.0000000000,0.0171921011
0.0000000000,0.0171981771
0.0000000000,0.0172136240
0.0000000000,0.0172201749
0.0000000000,0.0172241796
0.0000000000,0.0172933061
0.0000000000,0.0172970779
0.0000000000,0.0173038412
0.0000000000,0.0173513591
0.0000000000,0.0173755847
0.0000000000,0.0173936598
0.0000000000,0.0174240116
0.0000000000,0.0174362361
0.0000000000,0.0174382832
0.0000000000,0.0174514372
0.0000000000,0.0174710564
0.0000000000,0.0174792632
0.0000000000,0.0174840894
0.0000000000,0.0175569449
0.0000000000,0.0175604988
0.0000000000,0.0175960846
0.0000000000,0.0176266804
0.0000000000,0.0176377315
0.0000000000,0.0176489614
0.0000000000,0.0176514182
0.0000000000,0.0176567286
0.0000000000,0.0176626462
0.0000000000,0.0177295338
0.0000000000,0.0177298784
0.0000000000,0.0177302510
0.0000000000,0.0177469943
0.0000000000,0.0177549105
0.0000000000,0.0177609958
0.0000000000,0.0177625567
0.0000000000,0.0177742206
0.0000000000,0.0177924037
0.0000000000,0.0177954771
0.0000000000,0.0178364683
0.0000000000,0.0178366881
0.0000000000,0.0178485420
0.0000000000,0.0178494882
0.0000000000,0.0178634990
0.0000000000,0.0178888850
0.0000000000,0.0178902280
0.0000000000,0.0178942978
0.0000000000,0.0179390125
0.0000000000,0.0179466438
0.0000000000,0.0179588255
0.0000000000,0.0180036761
0.0000000000,0.0180089399
0.0000000000,0.0180363208
0.0000000000,0.0180513151
0.0000000000,0.0180699937
0.0000000000,0.0181000475
0.0000000000,0.0181659162
0.0000000000,0.0181708969
0.0000000000,0.0181747172
0.0000000000,0.0181814972
0.0000000000,0.0182103161
0.0000000000,0.0182647724
0.0000000000,0.0182902534
0.0000000000,0.0183019061
0.0000000000,0.0183579233
0.0000000000,0.0183598921
0.0000000000,0.0183900390
0.0000000000,0.0184407048
0.0000000000,0.0184827410
0.0000000000,0.0184976477
0.0000000000,0.0185197778
0.0000000000,0.0185354427
0.0000000000,0.0185763966
0.0000000000,0.0185892358
0.0000000000,0.0186047815
0.0000000000,0.0186225828
0.0000000000,0.0186322946
0.0000000000,0.0186422709
0.0000000000,0.0186521281
0.0000000000,0.0186561197
0.0000000000,0.0186594650
0.0000000000,0.0186712462
0.0000000000,0.0186846144
0.0000000000,0.0186994262
0.0000000000,0.0187346321
0.0000000000,0.0187631529
0.0000000000,0.0187658947
0.0000000000,0.0187718160
0.0000000000,0.0187873207
0.0000000000,0.0187943149
0.0000000000,0.0188113768
0.0000000000,0.0188283697
0.0000000000,0.0188513212
0.0000000000,0.0188767482
0.0000000000,0.0188812502
0.0000000000,0.0188828446
0.0000000000,0.0189211946
0.0000000000,0.0189281553
0.0000000000,0.0189393945
0.0000000000,0.0189535916
0.0000000000,0.0189776197
0.0000000000,0.0190208182
0.0000000000,0.0190315135
0.0000000000,0.0190437771
0.0000000000,0.0190736596
0.0000000000,0.0190796088
0.0000000000,0.0190841574
0.0000000000,0.0191384610
0.0000000000,0.0192203559
0.0000000000,0.0192210414
0.0000000000,0.0192242507
0.0000000000,0.0193141196
0.0000000000,0.0193685051
0.0000000000,0.0193779841
0.0000000000,0.0193934087
0.0000000000,0.0194087792
0.0000000000,0.0194497649
0.0000000000,0.0194543023
0.0000000000,0.0194667969
0.0000000000,0.0194869637
0.0000000000,0.0194931030
0.0000000000,0.0195326265
0.0000000000,0.0195357502
0.0000000000,0.0195410121
0.0000000000,0.0195415802
0.0000000000,0.0195529368
0.0000000000,0.0195643958
0.0000000000,0.0195862968
0.0000000000,0.0195927843
0.0000000000,0.0195977073
0.0000000000,0.0196093749
0.0000000000,0.0196104664
0.0000000000,0.0196218304
0.0000000000,0.0196408164
0.0000000000,0.0196416192
0.0000000000,0.0196429249
0.0000000000,0.0196977668
0.0000000000,0.0197257120
0.0000000000,0.0197283234
0.0000000000,0.0197501536
0.0000000000,0.0197811257
0.0000000000,0.0197882392
0.0000000000,0.0198022053
0.0000000000,0.0198116936
0.0000000000,0.0198569279
0.0000000000,0.0198640600
0.0000000000,0.0198944937
0.0000000000,0.0199490096
0.0000000000,0.0200085137
0.0000000000,0.0200087037
0.0000000000,0.0200381055
0.0000000000,0.0200466122
0.0000000000,0.0200495869
0.0000000000,0.0200766064
0.0000000000,0.0200974979
0.0000000000,0.0200995933
0.0000000000,0.0201175250
0.0000000000,0.0201501958
0.0000000000,0.0201660208
0.0000000000,0.0201706253
0.0000000000,0.0201794039
0.0000000000,0.0202456005
0.0000000000,0.0202834588
0.0000000000,0.0203065667
0.0000000000,0.0203198940
0.0000000000,0.0203492474
0.0000000000,0.0203515310
0.0000000000,0.0203522611
0.0000000000,0.0203563776
0.0000000000,0.0203964915
0.0000000000,0.0204252396
0.0000000000,0.0204315912
0.0000000000,0.0204357840
0.0000000000,0.0204656161
0.0000000000,0.0204690993
0.0000000000,0.0204847939
0.0000000000,0.0204918180
0.0000000000,0.0205247812
0.0000000000,0.0205542706
0.0000000000,0.0205700547
0.0000000000,0.0205829106
0.0000000000,0.0205831882
0.0000000000,0.0205976125
0.0000000000,0.0206166189
0.0000000000,0.0206462741
0.0000000000,0.0206574481
0.0000000000,0.0207077395
0.0000000000,0.0207096636
0.0000000000,0.0207603257
0.0000000000,0.0207711793
0.0000000000,0.0207914524
0.0000000000,0.0208164174
0.0000000000,0.0208765585
0.0000000000,0.0208880436
0.0000000000,0.0208892245
0.0000000000,0.0208998471
0.0000000000,0.0209124032
0.0000000000,0.0209467765
0.0000000000,0.0209745094
0.0000000000,0.0210041534
0.0000000000,0.0210262053
0.0000000000,0.0211126879
0.0000000000,0.0211201534
0.0000000000,0.0211202018
0.0000000000,0.0211212914
0.0000000000,0.0211505871
0.0000000000,0.0211624131
0.0000000000,0.0211806688
0.0000000000,0.0212026332
0.0000000000,0.0212256219
0.0000000000,0.0212418158
0.0000000000,0.0212594196
0.0000000000,0.0212750975
0.0000000000,0.0213137865
0.0000000000,0.0213162992
0.0000000000,0.0213407148
0.0000000000,0.0213998668
0.0000000000,0.0214180239
0.0000000000,0.0214661993
0.0000000000,0.0214914531
0.0000000000,0.0214959700
0.0000000000,0.0215000659
0.0000000000,0.0215012766
0.0000000000,0.0215136297
0.0000000000,0.0215167943
0.0000000000,0.0215519872
0.0000000000,0.0216039903
0.0000000000,0.0216274075
0.0000000000,0.0216304213
0.0000000000,0.0216334332
0.0000000000,0.0216579959
0.0000000000,0.0216834508
0.0000000000,0.0216846596
0.0000000000,0.0217203423
0.0000000000,0.0217243973
0.0000000000,0.0217305087
0.0000000000,0.0217780694
0.0000000000,0.0218113456
0.0000000000,0.0218765363
0.0000000000,0.0219046958
0.0000000000,0.0219304059
0.0000000000,0.0219324045
0.0000000000,0.0219504349
0.0000000000,0.0219596922
0.0000000000,0.0220111236
0.0000000000,0.0220319759
0.0000000000,0.0220320597
0.0000000000,0.0220480077
0.0000000000,0.0220513847
0.0000000000,0.0220629126
0.0000000000,0.0220634565
0.0000000000,0.0220792573
0.0000000000,0.0220981203
0.0000000000,0.0221507642
0.0000000000,0.0221596155
0.0000000000,0.0221737754
0.0000000000,0.0221834388
0.0000000000,0.0221982952
0.0000000000,0.0222018510
0.0000000000,0.0222171340
0.0000000000,0.0222375467
0.0000000000,0.0222629141
0.0000000000,0.0223186743
0.0000000000,0.0223229509
0.0000000000,0.0224097185
0.0000000000,0.0224194229
0.0000000000,0.0224247351
0.0000000000,0.0224564616
0.0000000000,0.0224590283
0.0000000000,0.0225197263
0.0000000000,0.0225211233
0.0000000000,0.0225494131
0.0000000000,0.0225794017
0.0000000000,0.0226005334
0.0000000000,0.0226036869
0.0000000000,0.0226521660
0.0000000000,0.0226625707
0.0000000000,0.0226690657
0.0000000000,0.0226814188
0.0000000000,0.0227005854
0.0000000000,0.0227230340
0.0000000000,0.0227316692
0.0000000000,0.0227420386
0.0000000000,0.0227708202
0.0000000000,0.0227869917
0.0000000000,0.0228249244
0.0000000000,0.0229353700
0.0000000000,0.0229654778
0.0000000000,0.0229695849
0.0000000000,0.0229788311
0.0000000000,0.0229800474
0.0000000000,0.0230039936
0.0000000000,0.0230189245
0.0000000000,0.0230590962
0.0000000000,0.0231240038
0.0000000000,0.0231408626
0.0000000000,0.0231622197
0.0000000000,0.0231713895
0.0000000000,0.0232955012
0.0000000000,0.0233001374
0.0000000000,0.0233119391
0.0000000000,0.0233218558
0.0000000000,0.0234327503
0.0000000000,0.0234674085
0.0000000000,0.0234801173
0.0000000000,0.0235024057
0.0000000000,0.0235086568
0.0000000000,0.0235993043
0.0000000000,0.0236198585
0.0000000000,0.0236563329
0.0000000000,0.0236757975
0.0000000000,0.0236805957
0.0000000000,0.0236903802
0.0000000000,0.0236907769
0.0000000000,0.0236958060
0.0000000000,0.0237039514
0.0000000000,0.0237100888
0.0000000000,0.0237432066
0.0000000000,0.0237438846
0.0000000000,0.0237460267
0.0000000000,0.0237748735
0.0000000000,0.0238227528
0.0000000000,0.0238256790
0.0000000000,0.0238693524
0.0000000000,0.0239329655
0.0000000000,0.0239352286
0.0000000000,0.0239477865
0.0000000000,0.0239798278
0.0000000000,0.0239897221
0.0000000000,0.0240078438
0.0000000000,0.0240088832
0.0000000000,0.0240567029
0.0000000000,0.0241139531
0.0000000000,0.0241446197
0.0000000000,0.0241522603
0.0000000000,0.0241628233
0.0000000000,0.0241710357
0.0000000000,0.0241934955
0.0000000000,0.0242126659
0.0000000000,0.0242145322
0.0000000000,0.0242416933
0.0000000000,0.0242724977
0.0000000000,0.0242787339
0.0000000000,0.0243039578
0.0000000000,0.0243097451
0.0000000000,0.0243190937
0.0000000000,0.0243379623
0.0000000000,0.0243852641
0.0000000000,0.0243890807
0.0000000000,0.0244082846
0.0000000000,0.0244374052
0.0000000000,0.0244872514
0.0000000000,0.0244959295
0.0000000000,0.0244988129
0.0000000000,0.0245130882
0.0000000000,0.0246246401
0.0000000000,0.0246907119
0.0000000000,0.0246931594
0.0000000000,0.0247076098
0.0000000000,0.0247152522
0.0000000000,0.0247517377
0.0000000000,0.0247941334
0.0000000000,0.0248638410
0.0000000000,0.0248691421
0.0000000000,0.0249065608
0.0000000000,0.0250084233
0.0000000000,0.0250110645
0.0000000000,0.0250566844
0.0000000000,0.0250602216
0.0000000000,0.0250658877
0.0000000000,0.0251034275
0.0000000000,0.0251118019
0.0000000000,0.0251442399
0.0000000000,0.0251478609
0.0000000000,0.0251578912
0.0000000000,0.0251865052
0.0000000000,0.0252046175
0.0000000000,0.0252119731
0.0000000000,0.0252461713
0.0000000000,0.0252470002
0.0000000000,0.0252784770
0.0000000000,0.0253012553
0.0000000000,0.0254509971
0.0000000000,0.0255371109
0.0000000000,0.0255416520
0.0000000000,0.0255747996
0.0000000000,0.0255898461
0.0000000000,0.0255928263
0.0000000000,0.0256437939
0.0000000000,0.0257018209
0.0000000000,0.0257274341
0.0000000000,0.0257528275
0.0000000000,0.0257664695
0.0000000000,0.0258097760
0.0000000000,0.0258685071
0.0000000000,0.0259577706
0.0000000000,0.0259781778
0.0000000000,0.0259919763
0.0000000000,0.0260311142
0.0000000000,0.0260369480
0.0000000000,0.0261351336
0.0000000000,0.0261371322
0.0000000000,0.0261388626
0.0000000000,0.0261684842
0.0000000000,0.0262278523
0.0000000000,0.0262535866
0.0000000000,0.0262598954
0.0000000000,0.0262885280
0.0000000000,0.0264151692
0.0000000000,0.0264718831
0.0000000000,0.0264793206
0.0000000000,0.0265203118
0.0000000000,0.0265664663
0.0000000000,0.0267052259
0.0000000000,0.0267151985
0.0000000000,0.0267345980
0.0000000000,0.0267348643
0.0000000000,0.0267817751
0.0000000000,0.0268001817
0.0000000000,0.0269004609
0.0000000000,0.0269036926
0.0000000000,0.0269194748
0.0000000000,0.0269760806
0.0000000000,0.0269896574
0.0000000000,0.0269967131
0.0000000000,0.0270229932
0.0000000000,0.0271173306
0.0000000000,0.0271475483
0.0000000000,0.0271512270
0.0000000000,0.0271618273
0.0000000000,0.0271651708
0.0000000000,0.0271778740
0.0000000000,0.0271867868
0.0000000000,0.0271878298
0.0000000000,0.0272319298
0.0000000000,0.0272766352
0.0000000000,0.0273106284
0.0000000000,0.0273211841
0.0000000000,0.0273563191
0.0000000000,0.0273749903
0.0000000000,0.0273953583
0.0000000000,0.0274048951
0.0000000000,0.0274404250
0.0000000000,0.0274670497
0.0000000000,0.0274877679
0.0000000000,0.0275118276
0.0000000000,0.0275457278
0.0000000000,0.0276054014
0.0000000000,0.0276074111
0.0000000000,0.0276479460
0.0000000000,0.0276939459
0.0000000000,0.0276943594
0.0000000000,0.0277249310
0.0000000000,0.0277723577
0.0000000000,0.0277958103
0.0000000000,0.0278446488
0.0000000000,0.0279573984
0.0000000000,0.0279782694
0.0000000000,0.0280083008
0.0000000000,0.0280496255
0.0000000000,0.0280624162
0.0000000000,0.0280812513
0.0000000000,0.0280947778
0.0000000000,0.0281463321
0.0000000000,0.0282844156
0.0000000000,0.0283255037
0.0000000000,0.0284213703
0.0000000000,0.0284591392
0.0000000000,0.0284735635
0.0000000000,0.0285181645
0.0000000000,0.0285269301
0.0000000000,0.0285451189
0.0000000000,0.0285732877
0.0000000000,0.0285745561
0.0000000000,0.0286037270
0.0000000000,0.0286939349
0.0000000000,0.0287386198
0.0000000000,0.0287713539
0.0000000000,0.0287931282
0.0000000000,0.0288082566
0.0000000000,0.0288293771
0.0000000000,0.0289743710
0.0000000000,0.0290131364
0.0000000000,0.0290349163
0.0000000000,0.0290600378
0.0000000000,0.0290906336
0.0000000000,0.0290947873
0.0000000000,0.0291272327
0.0000000000,0.0291293580
0.0000000000,0.0291784890
0.0000000000,0.0292442981
0.0000000000,0.0292850621
0.0000000000,0.0293004438
0.0000000000,0.0293381661
0.0000000000,0.0294057690
0.0000000000,0.0294060521
0.0000000000,0.0294393022
0.0000000000,0.0295163430
0.0000000000,0.0295172110
0.0000000000,0.0295188297
0.0000000000,0.0295316223
0.0000000000,0.0296403561
0.0000000000,0.0296502300
0.0000000000,0.0296724066
0.0000000000,0.0296919234
0.0000000000,0.0297227465
0.0000000000,0.0297526680
0.0000000000,0.0298281740
0.0000000000,0.0298302732
0.0000000000,0.0298913307
0.0000000000,0.0298922434
0.0000000000,0.0300272852
0.0000000000,0.0300931446
0.0000000000,0.0302104112
0.0000000000,0.0303776171
0.0000000000,0.0303880069
0.0000000000,0.0305990484
0.0000000000,0.0306296125
0.0000000000,0.0306342058
0.0000000000,0.0306585599
0.0000000000,0.0309536960
0.0000000000,0.0309962984
0.0000000000,0.0310213249
0.0000000000,0.0310650636
0.0000000000,0.0311964918
0.0000000000,0.0313686542
0.0000000000,0.0314034112
0.0000000000,0.0314800218
0.0000000000,0.0314825848
0.0000000000,0.0315031409
0.0000000000,0.0315313302
0.0000000000,0.0315752886
0.0000000000,0.0315918140
0.0000000000,0.0316267870
0.0000000000,0.0317990221
0.0000000000,0.0318171829
0.0000000000,0.0318719260
0.0000000000,0.0318859629
0.0000000000,0.0318936035
0.0000000000,0.0319253020
0.0000000000,0.0320511498
0.0000000000,0.0321246870
0.0000000000,0.0322211236
0.0000000000,0.0322754569
0.0000000000,0.0322798006
0.0000000000,0.0323128402
0.0000000000,0.0324123576
0.0000000000,0.0324246287
0.0000000000,0.0324709415
0.0000000000,0.0324839503
0.0000000000,0.0325314775
0.0000000000,0.0326923877
0.0000000000,0.0328906924
0.0000000000,0.0329801925
0.0000000000,0.0331907384
0.0000000000,0.0332222655
0.0000000000,0.0334944129
0.0000000000,0.0335380994
0.0000000000,0.0335398950
0.0000000000,0.0335966498
0.0000000000,0.0338518396
0.0000000000,0.0341561325
0.0000000000,0.0341895185
0.0000000000,0.0343963541
0.0000000000,0.0345215276
0.0000000000,0.0349582285
0.0000000000,0.0351209976
0.0000000000,0.0351666994
0.0000000000,0.0351921692
0.0000000000,0.0353134573
0.0000000000,0.0353283733
0.0000000000,0.0355782583
0.0000000000,0.0357462093
0.0000000000,0.0360073522
0.0000000000,0.0360611230
0.0000000000,0.0369786397
0.0000000000,0.0370234139
0.0000000000,0.0370675884
0.0000000000,0.0372532383
0.0000000000,0.0373218507
0.0000000000,0.0377631225
0.0000000000,0.0381592177
0.0000000000,0.0384407118
0.0000000000,0.0386282392
0.0000000000,0.0387631543
0.0000000000,0.0389367454
0.0000000000,0.0398448966
0.0000000000,0.0400245637
0.0000000000,0.0400932245
0.0000000000,0.0414224789
0.0000000000,0.0418935530
0.0000000000,0.0419102088
0.0000000000,0.0423613377
0.0000000000,0.0434610173
0.0000000000,0.0438656844
0.0000000000,0.0440222472
0.0000000000,0.0452010669
0.0000000000,0.0488165691
0.0000000000,0.0543236546
0.0000000000,0.0660033077
0.0000000000,0.0671481192
0.0000000000,       inf
