0.0000000000,0.0002039625
0.0000000000,0.0004079250
0.0000000000,0.0004860591
0.0000000000,0.0005772654
0.0000000000,0.0008158500
0.0000000000,0.0009721182
0.0000000000,0.0010581219
0.0000000000,0.0010665833
0.0000000000,0.0011413702
0.0000000000,0.0011545308
0.0000000000,0.0011787050
0.0000000000,0.0012078643
0.0000000000,0.0012215525
0.0000000000,0.0013567220
0.0000000000,0.0014025969
0.0000000000,0.0014588858
0.0000000000,0.0014868368
0.0000000000,0.0015241888
0.0000000000,0.0015911983
0.0000000000,0.0016123435
0.0000000000,0.0016317000
0.0000000000,0.0017648869
0.0000000000,0.0017845556
0.0000000000,0.0019442365
0.0000000000,0.0020695825
0.0000000000,0.0020762065
0.0000000000,0.0020797357
0.0000000000,0.0021067979
0.0000000000,0.0021162438
0.0000000000,0.0021260295
0.0000000000,0.0021331667
0.0000000000,0.0022292284
0.0000000000,0.0022412497
0.0000000000,0.0022588333
0.0000000000,0.0022798032
0.0000000000,0.0022827403
0.0000000000,0.0023001705
0.0000000000,0.0023090616
0.0000000000,0.0023574100
0.0000000000,0.0023686688
0.0000000000,0.0024157285
0.0000000000,0.0024431050
0.0000000000,0.0024696277
0.0000000000,0.0025715099
0.0000000000,0.0025817542
0.0000000000,0.0025900633
0.0000000000,0.0026304652
0.0000000000,0.0026421261
0.0000000000,0.0026487240
0.0000000000,0.0026572363
0.0000000000,0.0026597825
0.0000000000,0.0027134439
0.0000000000,0.0027182859
0.0000000000,0.0027194191
0.0000000000,0.0027653568
0.0000000000,0.0027772142
0.0000000000,0.0028051939
0.0000000000,0.0028929403
0.0000000000,0.0029177717
0.0000000000,0.0029243010
0.0000000000,0.0029444129
0.0000000000,0.0029448075
0.0000000000,0.0029736736
0.0000000000,0.0029994852
0.0000000000,0.0030268892
0.0000000000,0.0030483776
0.0000000000,0.0031075110
0.0000000000,0.0031273027
0.0000000000,0.0031563332
0.0000000000,0.0031823965
0.0000000000,0.0032246870
0.0000000000,0.0032457213
0.0000000000,0.0032633999
0.0000000000,0.0033277411
0.0000000000,0.0033347530
0.0000000000,0.0034128584
0.0000000000,0.0034839311
0.0000000000,0.0034969307
0.0000000000,0.0035206913
0.0000000000,0.0035297738
0.0000000000,0.0035601833
0.0000000000,0.0035691112
0.0000000000,0.0035819907
0.0000000000,0.0035907310
0.0000000000,0.0036448094
0.0000000000,0.0036684764
0.0000000000,0.0038040502
0.0000000000,0.0038179194
0.0000000000,0.0038764626
0.0000000000,0.0038884729
0.0000000000,0.0039462941
0.0000000000,0.0039503006
0.0000000000,0.0039617228
0.0000000000,0.0040084715
0.0000000000,0.0040426375
0.0000000000,0.0041122949
0.0000000000,0.0041463291
0.0000000000,0.0041594715
0.0000000000,0.0041673407
0.0000000000,0.0042065564
0.0000000000,0.0042135958
0.0000000000,0.0042139948
0.0000000000,0.0042324876
0.0000000000,0.0042370814
0.0000000000,0.0042520589
0.0000000000,0.0042663333
0.0000000000,0.0043031131
0.0000000000,0.0043289028
0.0000000000,0.0043872669
0.0000000000,0.0044383304
0.0000000000,0.0044584568
0.0000000000,0.0044768960
0.0000000000,0.0044824993
0.0000000000,0.0045010913
0.0000000000,0.0045163496
0.0000000000,0.0045596063
0.0000000000,0.0045627570
0.0000000000,0.0045654806
0.0000000000,0.0045922687
0.0000000000,0.0045969267
0.0000000000,0.0046003410
0.0000000000,0.0046080397
0.0000000000,0.0046181232
0.0000000000,0.0046971436
0.0000000000,0.0047148201
0.0000000000,0.0047373376
0.0000000000,0.0047487165
0.0000000000,0.0048216004
0.0000000000,0.0048314570
0.0000000000,0.0048862100
0.0000000000,0.0049392553
0.0000000000,0.0049396395
0.0000000000,0.0049549765
0.0000000000,0.0049735620
0.0000000000,0.0049925530
0.0000000000,0.0050190813
0.0000000000,0.0050229337
0.0000000000,0.0050920337
0.0000000000,0.0051430198
0.0000000000,0.0051568891
0.0000000000,0.0051801265
0.0000000000,0.0052084834
0.0000000000,0.0052444837
0.0000000000,0.0052470723
0.0000000000,0.0052609304
0.0000000000,0.0052974480
0.0000000000,0.0053049289
0.0000000000,0.0053075710
0.0000000000,0.0053144726
0.0000000000,0.0053195651
0.0000000000,0.0053242403
0.0000000000,0.0053405906
0.0000000000,0.0054092049
0.0000000000,0.0054268879
0.0000000000,0.0054280590
0.0000000000,0.0054365718
0.0000000000,0.0054388382
0.0000000000,0.0055010342
0.0000000000,0.0055307136
0.0000000000,0.0055338196
0.0000000000,0.0055544283
0.0000000000,0.0055553168
0.0000000000,0.0055955369
0.0000000000,0.0056061056
0.0000000000,0.0056103878
0.0000000000,0.0056661814
0.0000000000,0.0056703635
0.0000000000,0.0056726895
0.0000000000,0.0056832978
0.0000000000,0.0056859069
0.0000000000,0.0056893192
0.0000000000,0.0057166191
0.0000000000,0.0057178652
0.0000000000,0.0057858122
0.0000000000,0.0057858806
0.0000000000,0.0057932399
0.0000000000,0.0058166375
0.0000000000,0.0058251559
0.0000000000,0.0058293082
0.0000000000,0.0058355434
0.0000000000,0.0058486019
0.0000000000,0.0058630416
0.0000000000,0.0058796927
0.0000000000,0.0058888257
0.0000000000,0.0058896150
0.0000000000,0.0058960668
0.0000000000,0.0059215762
0.0000000000,0.0059284484
0.0000000000,0.0059285155
0.0000000000,0.0059307297
0.0000000000,0.0059396257
0.0000000000,0.0059445221
0.0000000000,0.0059473473
0.0000000000,0.0059767314
0.0000000000,0.0059843156
0.0000000000,0.0059989705
0.0000000000,0.0060437266
0.0000000000,0.0060537783
0.0000000000,0.0060967552
0.0000000000,0.0061260699
0.0000000000,0.0061281868
0.0000000000,0.0061519789
0.0000000000,0.0061737709
0.0000000000,0.0062016160
0.0000000000,0.0062074880
0.0000000000,0.0062150219
0.0000000000,0.0062285648
0.0000000000,0.0062546055
0.0000000000,0.0062770215
0.0000000000,0.0062775533
0.0000000000,0.0062933424
0.0000000000,0.0063126665
0.0000000000,0.0063250125
0.0000000000,0.0063382499
0.0000000000,0.0063397079
0.0000000000,0.0063443906
0.0000000000,0.0063662017
0.0000000000,0.0064153546
0.0000000000,0.0064493739
0.0000000000,0.0064661703
0.0000000000,0.0064915447
0.0000000000,0.0065260404
0.0000000000,0.0065267999
0.0000000000,0.0066217631
0.0000000000,0.0066369721
0.0000000000,0.0066554821
0.0000000000,0.0066695060
0.0000000000,0.0066835443
0.0000000000,0.0066866549
0.0000000000,0.0066946186
0.0000000000,0.0066972845
0.0000000000,0.0067035323
0.0000000000,0.0067372080
0.0000000000,0.0067489347
0.0000000000,0.0067699482
0.0000000000,0.0067986576
0.0000000000,0.0068257167
0.0000000000,0.0069108396
0.0000000000,0.0069567082
0.0000000000,0.0069678621
0.0000000000,0.0069712591
0.0000000000,0.0069938614
0.0000000000,0.0070057455
0.0000000000,0.0070195207
0.0000000000,0.0070301378
0.0000000000,0.0070413826
0.0000000000,0.0070595476
0.0000000000,0.0070625744
0.0000000000,0.0070701232
0.0000000000,0.0070981011
0.0000000000,0.0071203667
0.0000000000,0.0071563534
0.0000000000,0.0071607181
0.0000000000,0.0071639814
0.0000000000,0.0071814619
0.0000000000,0.0072073303
0.0000000000,0.0072493660
0.0000000000,0.0072497702
0.0000000000,0.0072896187
0.0000000000,0.0072958632
0.0000000000,0.0073059825
0.0000000000,0.0073271198
0.0000000000,0.0073369527
0.0000000000,0.0073651266
0.0000000000,0.0073717022
0.0000000000,0.0074070287
0.0000000000,0.0075458209
0.0000000000,0.0075492943
0.0000000000,0.0075518033
0.0000000000,0.0075685368
0.0000000000,0.0075829737
0.0000000000,0.0075951591
0.0000000000,0.0076081003
0.0000000000,0.0076358388
0.0000000000,0.0076429802
0.0000000000,0.0077156364
0.0000000000,0.0077162506
0.0000000000,0.0077252751
0.0000000000,0.0077529252
0.0000000000,0.0077593694
0.0000000000,0.0077769458
0.0000000000,0.0078355474
0.0000000000,0.0078881504
0.0000000000,0.0078925882
0.0000000000,0.0078987945
0.0000000000,0.0079006013
0.0000000000,0.0079094777
0.0000000000,0.0079234457
0.0000000000,0.0079318397
0.0000000000,0.0079531437
0.0000000000,0.0079792812
0.0000000000,0.0079941945
0.0000000000,0.0079961857
0.0000000000,0.0080169430
0.0000000000,0.0080234576
0.0000000000,0.0080311168
0.0000000000,0.0080615040
0.0000000000,0.0080778161
0.0000000000,0.0080852751
0.0000000000,0.0081022121
0.0000000000,0.0081634326
0.0000000000,0.0082168048
0.0000000000,0.0082297940
0.0000000000,0.0082467264
0.0000000000,0.0082516028
0.0000000000,0.0082614478
0.0000000000,0.0082936902
0.0000000000,0.0083127534
0.0000000000,0.0083346814
0.0000000000,0.0083578629
0.0000000000,0.0083689746
0.0000000000,0.0084047029
0.0000000000,0.0084060980
0.0000000000,0.0084131127
0.0000000000,0.0084271915
0.0000000000,0.0084279897
0.0000000000,0.0084401155
0.0000000000,0.0084461030
0.0000000000,0.0084517198
0.0000000000,0.0084741628
0.0000000000,0.0084917266
0.0000000000,0.0085041178
0.0000000000,0.0085205277
0.0000000000,0.0085326666
0.0000000000,0.0085876286
0.0000000000,0.0085957805
0.0000000000,0.0086062262
0.0000000000,0.0086075542
0.0000000000,0.0086578056
0.0000000000,0.0086579667
0.0000000000,0.0086711440
0.0000000000,0.0086933514
0.0000000000,0.0087026842
0.0000000000,0.0087086726
0.0000000000,0.0087099792
0.0000000000,0.0087100640
0.0000000000,0.0087248739
0.0000000000,0.0087359855
0.0000000000,0.0087745339
0.0000000000,0.0087885410
0.0000000000,0.0088131689
0.0000000000,0.0088249398
0.0000000000,0.0088834194
0.0000000000,0.0089169135
0.0000000000,0.0089400969
0.0000000000,0.0089537920
0.0000000000,0.0089649986
0.0000000000,0.0090021826
0.0000000000,0.0090081310
0.0000000000,0.0090326993
0.0000000000,0.0090465480
0.0000000000,0.0090556517
0.0000000000,0.0090955794
0.0000000000,0.0091192126
0.0000000000,0.0091220234
0.0000000000,0.0091309613
0.0000000000,0.0091409655
0.0000000000,0.0091448752
0.0000000000,0.0091595836
0.0000000000,0.0091757579
0.0000000000,0.0091823582
0.0000000000,0.0091845375
0.0000000000,0.0091938535
0.0000000000,0.0092006819
0.0000000000,0.0092160795
0.0000000000,0.0092300111
0.0000000000,0.0092345094
0.0000000000,0.0092362463
0.0000000000,0.0092491079
0.0000000000,0.0092740441
0.0000000000,0.0093102232
0.0000000000,0.0093930922
0.0000000000,0.0094392551
0.0000000000,0.0094501954
0.0000000000,0.0094746752
0.0000000000,0.0095098615
0.0000000000,0.0095267277
0.0000000000,0.0095285401
0.0000000000,0.0096055027
0.0000000000,0.0096155964
0.0000000000,0.0096432008
0.0000000000,0.0096524153
0.0000000000,0.0096673965
0.0000000000,0.0096818646
0.0000000000,0.0096903630
0.0000000000,0.0097011859
0.0000000000,0.0097060688
0.0000000000,0.0097147478
0.0000000000,0.0097250184
0.0000000000,0.0097649992
0.0000000000,0.0097724199
0.0000000000,0.0097767198
0.0000000000,0.0097775264
0.0000000000,0.0098007321
0.0000000000,0.0098250154
0.0000000000,0.0098616220
0.0000000000,0.0098785106
0.0000000000,0.0098792790
0.0000000000,0.0098941922
0.0000000000,0.0099099530
0.0000000000,0.0099125979
0.0000000000,0.0099146953
0.0000000000,0.0099518234
0.0000000000,0.0099577149
0.0000000000,0.0099851061
0.0000000000,0.0099888481
0.0000000000,0.0100095216
0.0000000000,0.0100134090
0.0000000000,0.0100430651
0.0000000000,0.0100458674
0.0000000000,0.0100743435
0.0000000000,0.0100836921
0.0000000000,0.0101028848
0.0000000000,0.0101072695
0.0000000000,0.0101077985
0.0000000000,0.0101742754
0.0000000000,0.0101910885
0.0000000000,0.0101938145
0.0000000000,0.0102008488
0.0000000000,0.0102102859
0.0000000000,0.0102202492
0.0000000000,0.0102256136
0.0000000000,0.0102264322
0.0000000000,0.0102265971
0.0000000000,0.0102577349
0.0000000000,0.0102733672
0.0000000000,0.0102860397
0.0000000000,0.0103062736
0.0000000000,0.0103137782
0.0000000000,0.0103195738
0.0000000000,0.0103275375
0.0000000000,0.0103317751
0.0000000000,0.0103602530
0.0000000000,0.0103830975
0.0000000000,0.0104169669
0.0000000000,0.0104329381
0.0000000000,0.0104407948
0.0000000000,0.0104555497
0.0000000000,0.0104864333
0.0000000000,0.0104889674
0.0000000000,0.0104904342
0.0000000000,0.0104941446
0.0000000000,0.0105018681
0.0000000000,0.0105218608
0.0000000000,0.0105389869
0.0000000000,0.0105498359
0.0000000000,0.0105653973
0.0000000000,0.0105752209
0.0000000000,0.0105840042
0.0000000000,0.0105948960
0.0000000000,0.0106092645
0.0000000000,0.0106098577
0.0000000000,0.0106151421
0.0000000000,0.0106289452
0.0000000000,0.0106391301
0.0000000000,0.0106484806
0.0000000000,0.0106502082
0.0000000000,0.0106753372
0.0000000000,0.0106811812
0.0000000000,0.0107242288
0.0000000000,0.0107300319
0.0000000000,0.0107413037
0.0000000000,0.0107744681
0.0000000000,0.0107777724
0.0000000000,0.0107984850
0.0000000000,0.0108243637
0.0000000000,0.0108450912
0.0000000000,0.0108537758
0.0000000000,0.0108731436
0.0000000000,0.0108776763
0.0000000000,0.0108817769
0.0000000000,0.0109272264
0.0000000000,0.0109634595
0.0000000000,0.0109794214
0.0000000000,0.0109887468
0.0000000000,0.0109987035
0.0000000000,0.0110020684
0.0000000000,0.0110154990
0.0000000000,0.0110305920
0.0000000000,0.0110676391
0.0000000000,0.0110776899
0.0000000000,0.0111088566
0.0000000000,0.0111106336
0.0000000000,0.0111142388
0.0000000000,0.0111190220
0.0000000000,0.0111595327
0.0000000000,0.0111612640
0.0000000000,0.0111761354
0.0000000000,0.0112043535
0.0000000000,0.0112122111
0.0000000000,0.0112177702
0.0000000000,0.0112207755
0.0000000000,0.0112321619
0.0000000000,0.0112337871
0.0000000000,0.0112578170
0.0000000000,0.0113323629
0.0000000000,0.0113453791
0.0000000000,0.0113665955
0.0000000000,0.0113718137
0.0000000000,0.0113786384
0.0000000000,0.0114027597
0.0000000000,0.0114265969
0.0000000000,0.0114332382
0.0000000000,0.0114357304
0.0000000000,0.0115403105
0.0000000000,0.0115716243
0.0000000000,0.0115717612
0.0000000000,0.0115893995
0.0000000000,0.0115948459
0.0000000000,0.0116122346
0.0000000000,0.0116423415
0.0000000000,0.0116503118
0.0000000000,0.0116600394
0.0000000000,0.0116740419
0.0000000000,0.0116827022
0.0000000000,0.0117134452
0.0000000000,0.0117151206
0.0000000000,0.0117260832
0.0000000000,0.0117466031
0.0000000000,0.0117500555
0.0000000000,0.0117593855
0.0000000000,0.0117921336
0.0000000000,0.0118333092
0.0000000000,0.0118429959
0.0000000000,0.0118431523
0.0000000000,0.0118544241
0.0000000000,0.0118568968
0.0000000000,0.0118570309
0.0000000000,0.0118614594
0.0000000000,0.0118734268
0.0000000000,0.0118792513
0.0000000000,0.0118869981
0.0000000000,0.0118890442
0.0000000000,0.0118943397
0.0000000000,0.0118946945
0.0000000000,0.0119236205
0.0000000000,0.0119269248
0.0000000000,0.0119799469
0.0000000000,0.0119850468
0.0000000000,0.0120395329
0.0000000000,0.0120836040
0.0000000000,0.0120865274
0.0000000000,0.0120874532
0.0000000000,0.0121012181
0.0000000000,0.0121075567
0.0000000000,0.0121887242
0.0000000000,0.0121922251
0.0000000000,0.0122132516
0.0000000000,0.0122195715
0.0000000000,0.0122316806
0.0000000000,0.0122473883
0.0000000000,0.0122521399
0.0000000000,0.0122614009
0.0000000000,0.0122979758
0.0000000000,0.0122998413
0.0000000000,0.0123039577
0.0000000000,0.0123475417
0.0000000000,0.0123508452
0.0000000000,0.0123511134
0.0000000000,0.0123542175
0.0000000000,0.0123667615
0.0000000000,0.0123679833
0.0000000000,0.0123793473
0.0000000000,0.0123921689
0.0000000000,0.0124013405
0.0000000000,0.0124032320
0.0000000000,0.0124300439
0.0000000000,0.0124453828
0.0000000000,0.0125092110
0.0000000000,0.0125266192
0.0000000000,0.0125358216
0.0000000000,0.0125423176
0.0000000000,0.0125540430
0.0000000000,0.0125551065
0.0000000000,0.0125692748
0.0000000000,0.0125795379
0.0000000000,0.0125879385
0.0000000000,0.0125989811
0.0000000000,0.0126410192
0.0000000000,0.0126465764
0.0000000000,0.0126500251
0.0000000000,0.0126547311
0.0000000000,0.0126648620
0.0000000000,0.0126661481
0.0000000000,0.0126794158
0.0000000000,0.0126887811
0.0000000000,0.0127005447
0.0000000000,0.0127073452
0.0000000000,0.0127193788
0.0000000000,0.0127471564
0.0000000000,0.0127568953
0.0000000000,0.0127619505
0.0000000000,0.0128215197
0.0000000000,0.0128525663
0.0000000000,0.0128748165
0.0000000000,0.0128848990
0.0000000000,0.0128872246
0.0000000000,0.0128893284
0.0000000000,0.0128987478
0.0000000000,0.0129121067
0.0000000000,0.0129181659
0.0000000000,0.0129467240
0.0000000000,0.0129498597
0.0000000000,0.0129830893
0.0000000000,0.0129895872
0.0000000000,0.0129952161
0.0000000000,0.0130136535
0.0000000000,0.0130239986
0.0000000000,0.0130415224
0.0000000000,0.0130471447
0.0000000000,0.0130520808
0.0000000000,0.0130535997
0.0000000000,0.0130819818
0.0000000000,0.0131020267
0.0000000000,0.0131758749
0.0000000000,0.0132005513
0.0000000000,0.0132258395
0.0000000000,0.0132308193
0.0000000000,0.0132326847
0.0000000000,0.0132435262
0.0000000000,0.0132614598
0.0000000000,0.0132739441
0.0000000000,0.0132801067
0.0000000000,0.0132812867
0.0000000000,0.0132953664
0.0000000000,0.0133109642
0.0000000000,0.0133292712
0.0000000000,0.0133670885
0.0000000000,0.0133945690
0.0000000000,0.0134090194
0.0000000000,0.0134713538
0.0000000000,0.0134744160
0.0000000000,0.0134880766
0.0000000000,0.0134927798
0.0000000000,0.0134978695
0.0000000000,0.0135026397
0.0000000000,0.0135398963
0.0000000000,0.0135653606
0.0000000000,0.0135754840
0.0000000000,0.0135790687
0.0000000000,0.0135807050
0.0000000000,0.0135973152
0.0000000000,0.0136140715
0.0000000000,0.0136195440
0.0000000000,0.0136399940
0.0000000000,0.0136493752
0.0000000000,0.0136514334
0.0000000000,0.0136654433
0.0000000000,0.0136854844
0.0000000000,0.0137066646
0.0000000000,0.0137216887
0.0000000000,0.0137381842
0.0000000000,0.0137748811
0.0000000000,0.0137981810
0.0000000000,0.0138297901
0.0000000000,0.0138431387
0.0000000000,0.0138459094
0.0000000000,0.0138528738
0.0000000000,0.0138661368
0.0000000000,0.0139025124
0.0000000000,0.0139030144
0.0000000000,0.0139107648
0.0000000000,0.0139357243
0.0000000000,0.0139394384
0.0000000000,0.0139425183
0.0000000000,0.0139877228
0.0000000000,0.0139893293
0.0000000000,0.0139984256
0.0000000000,0.0139991222
0.0000000000,0.0140060680
0.0000000000,0.0140073840
0.0000000000,0.0140114911
0.0000000000,0.0140390415
0.0000000000,0.0140391365
0.0000000000,0.0140742008
0.0000000000,0.0140794413
0.0000000000,0.0140827652
0.0000000000,0.0141065484
0.0000000000,0.0141123552
0.0000000000,0.0141154267
0.0000000000,0.0141190952
0.0000000000,0.0141251488
0.0000000000,0.0141253928
0.0000000000,0.0141402464
0.0000000000,0.0141613493
0.0000000000,0.0141630219
0.0000000000,0.0141773457
0.0000000000,0.0142361503
0.0000000000,0.0142407333
0.0000000000,0.0142466743
0.0000000000,0.0142729329
0.0000000000,0.0143127069
0.0000000000,0.0143153667
0.0000000000,0.0143214362
0.0000000000,0.0143279629
0.0000000000,0.0143470913
0.0000000000,0.0143579263
0.0000000000,0.0144146606
0.0000000000,0.0144250356
0.0000000000,0.0144339241
0.0000000000,0.0144995404
0.0000000000,0.0145064816
0.0000000000,0.0145309037
0.0000000000,0.0145868314
0.0000000000,0.0145872850
0.0000000000,0.0145917265
0.0000000000,0.0146119650
0.0000000000,0.0146291889
0.0000000000,0.0146390516
0.0000000000,0.0146542396
0.0000000000,0.0146554364
0.0000000000,0.0146585116
0.0000000000,0.0146947838
0.0000000000,0.0147003522
0.0000000000,0.0147100622
0.0000000000,0.0147179700
0.0000000000,0.0147264404
0.0000000000,0.0147966556
0.0000000000,0.0148079013
0.0000000000,0.0148121202
0.0000000000,0.0148140574
0.0000000000,0.0148701575
0.0000000000,0.0149078481
0.0000000000,0.0149402954
0.0000000000,0.0149564268
0.0000000000,0.0150000071
0.0000000000,0.0150251109
0.0000000000,0.0150401657
0.0000000000,0.0150525644
0.0000000000,0.0150711928
0.0000000000,0.0150916418
0.0000000000,0.0150969438
0.0000000000,0.0150985885
0.0000000000,0.0151011189
0.0000000000,0.0151012791
0.0000000000,0.0151094142
0.0000000000,0.0151370736
0.0000000000,0.0151407719
0.0000000000,0.0151659474
0.0000000000,0.0151903182
0.0000000000,0.0152162006
0.0000000000,0.0152203562
0.0000000000,0.0152263222
0.0000000000,0.0152343875
0.0000000000,0.0152716776
0.0000000000,0.0152788339
0.0000000000,0.0152906673
0.0000000000,0.0153437071
0.0000000000,0.0153791560
0.0000000000,0.0153861335
0.0000000000,0.0154296756
0.0000000000,0.0154351080
0.0000000000,0.0154385474
0.0000000000,0.0154447854
0.0000000000,0.0154758003
0.0000000000,0.0155058503
0.0000000000,0.0155187389
0.0000000000,0.0155276172
0.0000000000,0.0155410515
0.0000000000,0.0155538917
0.0000000000,0.0155817224
0.0000000000,0.0155922426
0.0000000000,0.0156102404
0.0000000000,0.0156191466
0.0000000000,0.0156313274
0.0000000000,0.0156710949
0.0000000000,0.0157281179
0.0000000000,0.0157412011
0.0000000000,0.0157678369
0.0000000000,0.0157763008
0.0000000000,0.0157851763
0.0000000000,0.0157863535
0.0000000000,0.0158012025
0.0000000000,0.0158015639
0.0000000000,0.0158189554
0.0000000000,0.0158225913
0.0000000000,0.0158305801
0.0000000000,0.0158636793
0.0000000000,0.0158649962
0.0000000000,0.0158729162
0.0000000000,0.0158812087
0.0000000000,0.0159062874
0.0000000000,0.0159237701
0.0000000000,0.0159387011
0.0000000000,0.0159883890
0.0000000000,0.0159923714
0.0000000000,0.0160622336
0.0000000000,0.0161585193
0.0000000000,0.0161686465
0.0000000000,0.0161705501
0.0000000000,0.0161711406
0.0000000000,0.0161770266
0.0000000000,0.0161936674
0.0000000000,0.0161993243
0.0000000000,0.0162299946
0.0000000000,0.0162303578
0.0000000000,0.0162550937
0.0000000000,0.0162609406
0.0000000000,0.0162948593
0.0000000000,0.0163097586
0.0000000000,0.0163154844
0.0000000000,0.0163268652
0.0000000000,0.0163309556
0.0000000000,0.0163515285
0.0000000000,0.0163606722
0.0000000000,0.0163778570
0.0000000000,0.0163817219
0.0000000000,0.0163981449
0.0000000000,0.0164029207
0.0000000000,0.0164110307
0.0000000000,0.0164320264
0.0000000000,0.0164589398
0.0000000000,0.0164595880
0.0000000000,0.0164934527
0.0000000000,0.0165032055
0.0000000000,0.0165228955
0.0000000000,0.0165272411
0.0000000000,0.0165287647
0.0000000000,0.0165873803
0.0000000000,0.0166255068
0.0000000000,0.0166390631
0.0000000000,0.0166498963
0.0000000000,0.0166693628
0.0000000000,0.0167146232
0.0000000000,0.0167150460
0.0000000000,0.0167157259
0.0000000000,0.0167242922
0.0000000000,0.0167379491
0.0000000000,0.0167489331
0.0000000000,0.0167493224
0.0000000000,0.0167511124
0.0000000000,0.0167748313
0.0000000000,0.0168094058
0.0000000000,0.0168121960
0.0000000000,0.0168228541
0.0000000000,0.0168297626
0.0000000000,0.0168426260
0.0000000000,0.0168543831
0.0000000000,0.0168559793
0.0000000000,0.0168656465
0.0000000000,0.0168802310
0.0000000000,0.0168899409
0.0000000000,0.0168922059
0.0000000000,0.0168927815
0.0000000000,0.0169034395
0.0000000000,0.0169073306
0.0000000000,0.0169309732
0.0000000000,0.0169455782
0.0000000000,0.0169997010
0.0000000000,0.0170035139
0.0000000000,0.0170069262
0.0000000000,0.0170094892
0.0000000000,0.0170342922
0.0000000000,0.0170410555
0.0000000000,0.0170459822
0.0000000000,0.0170525070
0.0000000000,0.0170653332
0.0000000000,0.0170672555
0.0000000000,0.0170780234
0.0000000000,0.0171030853
0.0000000000,0.0171081293
0.0000000000,0.0171752572
0.0000000000,0.0171814598
0.0000000000,0.0171915609
0.0000000000,0.0172501784
0.0000000000,0.0173156112
0.0000000000,0.0173677839
0.0000000000,0.0173938908
0.0000000000,0.0174022429
0.0000000000,0.0174053684
0.0000000000,0.0174199585
0.0000000000,0.0174377821
0.0000000000,0.0174380243
0.0000000000,0.0174497478
0.0000000000,0.0174819790
0.0000000000,0.0174820460
0.0000000000,0.0174899343
0.0000000000,0.0175303910
0.0000000000,0.0175490677
0.0000000000,0.0175532904
0.0000000000,0.0175770819
0.0000000000,0.0175789278
0.0000000000,0.0176263377
0.0000000000,0.0176963843
0.0000000000,0.0177038889
0.0000000000,0.0177135263
0.0000000000,0.0177253485
0.0000000000,0.0177592300
0.0000000000,0.0177668389
0.0000000000,0.0178309437
0.0000000000,0.0178893879
0.0000000000,0.0178952701
0.0000000000,0.0179075841
0.0000000000,0.0179456268
0.0000000000,0.0179538969
0.0000000000,0.0179731324
0.0000000000,0.0179738812
0.0000000000,0.0179834403
0.0000000000,0.0180043653
0.0000000000,0.0180164762
0.0000000000,0.0180215538
0.0000000000,0.0180307869
0.0000000000,0.0180345606
0.0000000000,0.0180653986
0.0000000000,0.0180888940
0.0000000000,0.0180930961
0.0000000000,0.0181102846
0.0000000000,0.0181113034
0.0000000000,0.0181440786
0.0000000000,0.0181911588
0.0000000000,0.0182239618
0.0000000000,0.0182315893
0.0000000000,0.0182819311
0.0000000000,0.0182897504
0.0000000000,0.0183165688
0.0000000000,0.0183191672
0.0000000000,0.0183515642
0.0000000000,0.0183593724
0.0000000000,0.0183647163
0.0000000000,0.0183690749
0.0000000000,0.0183778480
0.0000000000,0.0183877070
0.0000000000,0.0183952507
0.0000000000,0.0184013639
0.0000000000,0.0184151568
0.0000000000,0.0184223000
0.0000000000,0.0184321590
0.0000000000,0.0184448995
0.0000000000,0.0184684806
0.0000000000,0.0184724927
0.0000000000,0.0184937287
0.0000000000,0.0184970591
0.0000000000,0.0185057018
0.0000000000,0.0185796991
0.0000000000,0.0186134633
0.0000000000,0.0186204463
0.0000000000,0.0186376926
0.0000000000,0.0187281817
0.0000000000,0.0187553093
0.0000000000,0.0187869202
0.0000000000,0.0188220646
0.0000000000,0.0188225172
0.0000000000,0.0188235790
0.0000000000,0.0188695583
0.0000000000,0.0188785102
0.0000000000,0.0188973621
0.0000000000,0.0189003907
0.0000000000,0.0189062320
0.0000000000,0.0189184602
0.0000000000,0.0189204793
0.0000000000,0.0189493503
0.0000000000,0.0189608894
0.0000000000,0.0189883243
0.0000000000,0.0190221239
0.0000000000,0.0190534554
0.0000000000,0.0190558229
0.0000000000,0.0190570801
0.0000000000,0.0190882441
0.0000000000,0.0190950669
0.0000000000,0.0191004798
0.0000000000,0.0191256218
0.0000000000,0.0191336665
0.0000000000,0.0191648863
0.0000000000,0.0191930402
0.0000000000,0.0192311928
0.0000000000,0.0192599259
0.0000000000,0.0192985348
0.0000000000,0.0193048306
0.0000000000,0.0193504449
0.0000000000,0.0193637293
0.0000000000,0.0193734709
0.0000000000,0.0193794165
0.0000000000,0.0193807259
0.0000000000,0.0194023717
0.0000000000,0.0194294956
0.0000000000,0.0194333866
0.0000000000,0.0194680654
0.0000000000,0.0195344165
0.0000000000,0.0195448399
0.0000000000,0.0195550527
0.0000000000,0.0195982344
0.0000000000,0.0195985753
0.0000000000,0.0196093544
0.0000000000,0.0196198896
0.0000000000,0.0196262859
0.0000000000,0.0196645167
0.0000000000,0.0196770802
0.0000000000,0.0196989439
0.0000000000,0.0197477173
0.0000000000,0.0197576936
0.0000000000,0.0197628960
0.0000000000,0.0197800156
0.0000000000,0.0197869819
0.0000000000,0.0197883844
0.0000000000,0.0197989866
0.0000000000,0.0198199060
0.0000000000,0.0198251959
0.0000000000,0.0198280271
0.0000000000,0.0198589265
0.0000000000,0.0198745169
0.0000000000,0.0199036468
0.0000000000,0.0199154299
0.0000000000,0.0199335571
0.0000000000,0.0199493822
0.0000000000,0.0199530777
0.0000000000,0.0199702121
0.0000000000,0.0199765638
0.0000000000,0.0199839082
0.0000000000,0.0200268179
0.0000000000,0.0200349335
0.0000000000,0.0200803410
0.0000000000,0.0200845562
0.0000000000,0.0200871695
0.0000000000,0.0200917348
0.0000000000,0.0201282091
0.0000000000,0.0201534946
0.0000000000,0.0201897062
0.0000000000,0.0202134326
0.0000000000,0.0202155970
0.0000000000,0.0202309974
0.0000000000,0.0202539545
0.0000000000,0.0202890895
0.0000000000,0.0202940833
0.0000000000,0.0202965066
0.0000000000,0.0203570370
0.0000000000,0.0203766506
0.0000000000,0.0203821771
0.0000000000,0.0203915350
0.0000000000,0.0204016976
0.0000000000,0.0204205718
0.0000000000,0.0204404984
0.0000000000,0.0204512719
0.0000000000,0.0204528645
0.0000000000,0.0204531942
0.0000000000,0.0205040295
0.0000000000,0.0205099881
0.0000000000,0.0205151662
0.0000000000,0.0205154698
0.0000000000,0.0205507372
0.0000000000,0.0205656178
0.0000000000,0.0205709785
0.0000000000,0.0205720793
0.0000000000,0.0205789339
0.0000000000,0.0206125472
0.0000000000,0.0206275564
0.0000000000,0.0206469148
0.0000000000,0.0206791349
0.0000000000,0.0206839144
0.0000000000,0.0206898954
0.0000000000,0.0207442027
0.0000000000,0.0207718536
0.0000000000,0.0207764693
0.0000000000,0.0207821783
0.0000000000,0.0208257791
0.0000000000,0.0208301898
0.0000000000,0.0208357163
0.0000000000,0.0208544228
0.0000000000,0.0208589919
0.0000000000,0.0208658762
0.0000000000,0.0208760500
0.0000000000,0.0209253468
0.0000000000,0.0209407695
0.0000000000,0.0209647268
0.0000000000,0.0209728666
0.0000000000,0.0209903587
0.0000000000,0.0210638363
0.0000000000,0.0210644454
0.0000000000,0.0210691746
0.0000000000,0.0210952461
0.0000000000,0.0210973099
0.0000000000,0.0211151782
0.0000000000,0.0211156700
0.0000000000,0.0211465545
0.0000000000,0.0211482346
0.0000000000,0.0211680084
0.0000000000,0.0211692210
0.0000000000,0.0211897921
0.0000000000,0.0212099813
0.0000000000,0.0212185290
0.0000000000,0.0212600529
0.0000000000,0.0212662313
0.0000000000,0.0213004164
0.0000000000,0.0213078447
0.0000000000,0.0213142559
0.0000000000,0.0213258713
0.0000000000,0.0213509966
0.0000000000,0.0214007609
0.0000000000,0.0214162786
0.0000000000,0.0214484576
0.0000000000,0.0214559212
0.0000000000,0.0215375647
0.0000000000,0.0216185842
0.0000000000,0.0217075516
0.0000000000,0.0217244644
0.0000000000,0.0217257794
0.0000000000,0.0217553526
0.0000000000,0.0217635538
0.0000000000,0.0217879899
0.0000000000,0.0218112804
0.0000000000,0.0218480919
0.0000000000,0.0218544528
0.0000000000,0.0218832027
0.0000000000,0.0219269190
0.0000000000,0.0219293721
0.0000000000,0.0219822824
0.0000000000,0.0220021904
0.0000000000,0.0220039207
0.0000000000,0.0220055617
0.0000000000,0.0220287070
0.0000000000,0.0220487844
0.0000000000,0.0220611840
0.0000000000,0.0221352782
0.0000000000,0.0221773293
0.0000000000,0.0221819878
0.0000000000,0.0222212672
0.0000000000,0.0222284775
0.0000000000,0.0222656727
0.0000000000,0.0222703610
0.0000000000,0.0223055650
0.0000000000,0.0223493539
0.0000000000,0.0223522708
0.0000000000,0.0223572571
0.0000000000,0.0224239603
0.0000000000,0.0224244222
0.0000000000,0.0224355403
0.0000000000,0.0224634372
0.0000000000,0.0224643238
0.0000000000,0.0224675741
0.0000000000,0.0224831756
0.0000000000,0.0225714650
0.0000000000,0.0225808546
0.0000000000,0.0226052329
0.0000000000,0.0226236805
0.0000000000,0.0226543136
0.0000000000,0.0226796679
0.0000000000,0.0227010120
0.0000000000,0.0227515437
0.0000000000,0.0227692295
0.0000000000,0.0228246227
0.0000000000,0.0230272990
0.0000000000,0.0230760463
0.0000000000,0.0230806209
0.0000000000,0.0230852403
0.0000000000,0.0230944287
0.0000000000,0.0230976082
0.0000000000,0.0231036432
0.0000000000,0.0231075250
0.0000000000,0.0231120456
0.0000000000,0.0231646895
0.0000000000,0.0231896918
0.0000000000,0.0232470948
0.0000000000,0.0232628323
0.0000000000,0.0233200788
0.0000000000,0.0233324766
0.0000000000,0.0233455468
0.0000000000,0.0233475305
0.0000000000,0.0233750362
0.0000000000,0.0234436337
0.0000000000,0.0234539509
0.0000000000,0.0234779064
0.0000000000,0.0234983638
0.0000000000,0.0235187709
0.0000000000,0.0235561412
0.0000000000,0.0236129574
0.0000000000,0.0236192159
0.0000000000,0.0236617215
0.0000000000,0.0236666184
0.0000000000,0.0236764699
0.0000000000,0.0236863047
0.0000000000,0.0237071663
0.0000000000,0.0237184856
0.0000000000,0.0237585027
0.0000000000,0.0237780884
0.0000000000,0.0237966105
0.0000000000,0.0238099396
0.0000000000,0.0238130707
0.0000000000,0.0238188896
0.0000000000,0.0238234401
0.0000000000,0.0238383003
0.0000000000,0.0239481647
0.0000000000,0.0239598937
0.0000000000,0.0239761621
0.0000000000,0.0239980966
0.0000000000,0.0240222160
0.0000000000,0.0241279062
0.0000000000,0.0241382625
0.0000000000,0.0241730548
0.0000000000,0.0241749063
0.0000000000,0.0241954792
0.0000000000,0.0242548641
0.0000000000,0.0242774114
0.0000000000,0.0243361164
0.0000000000,0.0243379660
0.0000000000,0.0243448783
0.0000000000,0.0243774485
0.0000000000,0.0243844502
0.0000000000,0.0244050100
0.0000000000,0.0244921613
0.0000000000,0.0245042797
0.0000000000,0.0245228019
0.0000000000,0.0245284867
0.0000000000,0.0245959517
0.0000000000,0.0245966241
0.0000000000,0.0246079154
0.0000000000,0.0246235784
0.0000000000,0.0246300623
0.0000000000,0.0246569831
0.0000000000,0.0246724654
0.0000000000,0.0247022267
0.0000000000,0.0247026533
0.0000000000,0.0247359667
0.0000000000,0.0247586947
0.0000000000,0.0247662161
0.0000000000,0.0247886851
0.0000000000,0.0247959662
0.0000000000,0.0248026811
0.0000000000,0.0248176251
0.0000000000,0.0248659365
0.0000000000,0.0248907655
0.0000000000,0.0249892250
0.0000000000,0.0249941722
0.0000000000,0.0250202212
0.0000000000,0.0250716433
0.0000000000,0.0250877310
0.0000000000,0.0251239240
0.0000000000,0.0251337588
0.0000000000,0.0251601823
0.0000000000,0.0251846816
0.0000000000,0.0252072848
0.0000000000,0.0252132919
0.0000000000,0.0252197534
0.0000000000,0.0252592564
0.0000000000,0.0252600498
0.0000000000,0.0253251251
0.0000000000,0.0253260508
0.0000000000,0.0254146904
0.0000000000,0.0254387576
0.0000000000,0.0254522711
0.0000000000,0.0254962482
0.0000000000,0.0255137905
0.0000000000,0.0255239010
0.0000000000,0.0255323835
0.0000000000,0.0256139245
0.0000000000,0.0256270897
0.0000000000,0.0256839879
0.0000000000,0.0256967377
0.0000000000,0.0257417671
0.0000000000,0.0257496331
0.0000000000,0.0257744491
0.0000000000,0.0258251075
0.0000000000,0.0258274321
0.0000000000,0.0258704126
0.0000000000,0.0259107538
0.0000000000,0.0259576626
0.0000000000,0.0260479972
0.0000000000,0.0260738004
0.0000000000,0.0260898136
0.0000000000,0.0261041615
0.0000000000,0.0262040533
0.0000000000,0.0262587704
0.0000000000,0.0262835938
0.0000000000,0.0263032950
0.0000000000,0.0263925549
0.0000000000,0.0264344253
0.0000000000,0.0264718048
0.0000000000,0.0265280847
0.0000000000,0.0265504960
0.0000000000,0.0267577842
0.0000000000,0.0267873406
0.0000000000,0.0268942676
0.0000000000,0.0269337539
0.0000000000,0.0269465577
0.0000000000,0.0270671472
0.0000000000,0.0271102134
0.0000000000,0.0271229278
0.0000000000,0.0272060744
0.0000000000,0.0272281431
0.0000000000,0.0272390880
0.0000000000,0.0272629540
0.0000000000,0.0273028668
0.0000000000,0.0273308866
0.0000000000,0.0273535848
0.0000000000,0.0273709688
0.0000000000,0.0276533552
0.0000000000,0.0276595559
0.0000000000,0.0276760980
0.0000000000,0.0276862774
0.0000000000,0.0276956297
0.0000000000,0.0277479701
0.0000000000,0.0277841724
0.0000000000,0.0277933665
0.0000000000,0.0278050248
0.0000000000,0.0278215297
0.0000000000,0.0279392432
0.0000000000,0.0279968511
0.0000000000,0.0279982444
0.0000000000,0.0280229822
0.0000000000,0.0280780829
0.0000000000,0.0281394646
0.0000000000,0.0282130968
0.0000000000,0.0282247104
0.0000000000,0.0282308534
0.0000000000,0.0282386560
0.0000000000,0.0282502975
0.0000000000,0.0282804929
0.0000000000,0.0283086263
0.0000000000,0.0283226985
0.0000000000,0.0283260439
0.0000000000,0.0283546913
0.0000000000,0.0284701828
0.0000000000,0.0284723006
0.0000000000,0.0284844283
0.0000000000,0.0287290066
0.0000000000,0.0287727527
0.0000000000,0.0288256202
0.0000000000,0.0289233103
0.0000000000,0.0289973803
0.0000000000,0.0289990809
0.0000000000,0.0291707162
0.0000000000,0.0292278528
0.0000000000,0.0292583779
0.0000000000,0.0293191914
0.0000000000,0.0293307956
0.0000000000,0.0294139925
0.0000000000,0.0294409860
0.0000000000,0.0294536985
0.0000000000,0.0294786990
0.0000000000,0.0294792000
0.0000000000,0.0296242405
0.0000000000,0.0296603534
0.0000000000,0.0297403149
0.0000000000,0.0298981741
0.0000000000,0.0300803315
0.0000000000,0.0301035922
0.0000000000,0.0301587768
0.0000000000,0.0301971771
0.0000000000,0.0303079747
0.0000000000,0.0303955786
0.0000000000,0.0304651633
0.0000000000,0.0304687750
0.0000000000,0.0305073988
0.0000000000,0.0305226352
0.0000000000,0.0305433553
0.0000000000,0.0306185000
0.0000000000,0.0307606086
0.0000000000,0.0308301058
0.0000000000,0.0308458228
0.0000000000,0.0308593512
0.0000000000,0.0309018046
0.0000000000,0.0309112910
0.0000000000,0.0309302974
0.0000000000,0.0309753530
0.0000000000,0.0309828948
0.0000000000,0.0310117006
0.0000000000,0.0310227070
0.0000000000,0.0310867392
0.0000000000,0.0311616343
0.0000000000,0.0312626548
0.0000000000,0.0315042771
0.0000000000,0.0316981599
0.0000000000,0.0317614861
0.0000000000,0.0318571739
0.0000000000,0.0318753943
0.0000000000,0.0318927914
0.0000000000,0.0320039354
0.0000000000,0.0322697796
0.0000000000,0.0323668234
0.0000000000,0.0325236209
0.0000000000,0.0325709768
0.0000000000,0.0325853117
0.0000000000,0.0326195173
0.0000000000,0.0327213444
0.0000000000,0.0328058414
0.0000000000,0.0329036899
0.0000000000,0.0329178795
0.0000000000,0.0332510136
0.0000000000,0.0332781263
0.0000000000,0.0333918035
0.0000000000,0.0334736444
0.0000000000,0.0335306674
0.0000000000,0.0335496329
0.0000000000,0.0337879173
0.0000000000,0.0340163596
0.0000000000,0.0344121531
0.0000000000,0.0345011652
0.0000000000,0.0346270241
0.0000000000,0.0347624086
0.0000000000,0.0347931124
0.0000000000,0.0348994955
0.0000000000,0.0350981355
0.0000000000,0.0352411754
0.0000000000,0.0352451317
0.0000000000,0.0360113978
0.0000000000,0.0361762010
0.0000000000,0.0364058912
0.0000000000,0.0368897989
0.0000000000,0.0376450345
0.0000000000,0.0377174132
0.0000000000,0.0377570204
0.0000000000,0.0378064699
0.0000000000,0.0378534012
0.0000000000,0.0381041579
0.0000000000,0.0390381478
0.0000000000,0.0392504856
0.0000000000,0.0393082388
0.0000000000,0.0400698669
0.0000000000,0.0403794125
0.0000000000,0.0405781791
0.0000000000,0.0406325310
0.0000000000,0.0408809967
0.0000000000,0.0412938297
0.0000000000,0.0417521000
0.0000000000,0.0419601612
0.0000000000,0.0419930592
0.0000000000,0.0425598733
0.0000000000,0.0428969152
0.0000000000,0.0431034528
0.0000000000,0.0449812524
0.0000000000,0.0455889739
0.0000000000,0.0469967276
0.0000000000,0.0476377793
0.0000000000,0.0493213758
0.0000000000,0.0545239635
0.0000000000,0.0570264347
0.0000000000,0.0584557056
0.0000000000,0.0784943923
0.0000000000,0.0824876875
0.0000000000,       inf
