0.0000000000,0.0002039625
0.0000000000,0.0004079250
0.0000000000,0.0004860606
0.0000000000,0.0008158500
0.0000000000,0.0009721213
0.0000000000,0.0010581487
0.0000000000,0.0010665833
0.0000000000,0.0011843293
0.0000000000,0.0011962098
0.0000000000,0.0013885960
0.0000000000,0.0014025969
0.0000000000,0.0014618954
0.0000000000,0.0015201746
0.0000000000,0.0015266148
0.0000000000,0.0015911979
0.0000000000,0.0016317000
0.0000000000,0.0017899241
0.0000000000,0.0017986997
0.0000000000,0.0018395620
0.0000000000,0.0018543407
0.0000000000,0.0019020675
0.0000000000,0.0019132263
0.0000000000,0.0019301197
0.0000000000,0.0019442425
0.0000000000,0.0020406677
0.0000000000,0.0020695867
0.0000000000,0.0020797460
0.0000000000,0.0021067976
0.0000000000,0.0021162974
0.0000000000,0.0021331667
0.0000000000,0.0022587441
0.0000000000,0.0023686585
0.0000000000,0.0023924196
0.0000000000,0.0024110069
0.0000000000,0.0024233188
0.0000000000,0.0024696279
0.0000000000,0.0025698503
0.0000000000,0.0025715309
0.0000000000,0.0025900584
0.0000000000,0.0026298163
0.0000000000,0.0026304652
0.0000000000,0.0026421258
0.0000000000,0.0027134439
0.0000000000,0.0027194191
0.0000000000,0.0027472891
0.0000000000,0.0027653961
0.0000000000,0.0027771920
0.0000000000,0.0028051939
0.0000000000,0.0028330907
0.0000000000,0.0028480645
0.0000000000,0.0029237908
0.0000000000,0.0029243010
0.0000000000,0.0029444112
0.0000000000,0.0029994762
0.0000000000,0.0030268892
0.0000000000,0.0030403491
0.0000000000,0.0030532295
0.0000000000,0.0030974541
0.0000000000,0.0031823958
0.0000000000,0.0032244937
0.0000000000,0.0032319010
0.0000000000,0.0032633999
0.0000000000,0.0032823894
0.0000000000,0.0032934032
0.0000000000,0.0032983590
0.0000000000,0.0033251061
0.0000000000,0.0033414292
0.0000000000,0.0034099245
0.0000000000,0.0034392432
0.0000000000,0.0035206913
0.0000000000,0.0035665447
0.0000000000,0.0035798482
0.0000000000,0.0035907342
0.0000000000,0.0035973995
0.0000000000,0.0036453309
0.0000000000,0.0036646696
0.0000000000,0.0036791239
0.0000000000,0.0037086813
0.0000000000,0.0037824565
0.0000000000,0.0037957611
0.0000000000,0.0038041349
0.0000000000,0.0038125888
0.0000000000,0.0038264527
0.0000000000,0.0038602394
0.0000000000,0.0038884850
0.0000000000,0.0038918725
0.0000000000,0.0039543491
0.0000000000,0.0039819875
0.0000000000,0.0039826534
0.0000000000,0.0040085576
0.0000000000,0.0040424732
0.0000000000,0.0040813354
0.0000000000,0.0041109626
0.0000000000,0.0041464465
0.0000000000,0.0041594920
0.0000000000,0.0041874833
0.0000000000,0.0042135953
0.0000000000,0.0042140977
0.0000000000,0.0042325947
0.0000000000,0.0042370814
0.0000000000,0.0042503546
0.0000000000,0.0042663333
0.0000000000,0.0043029538
0.0000000000,0.0043196590
0.0000000000,0.0043289028
0.0000000000,0.0043572625
0.0000000000,0.0043663634
0.0000000000,0.0043941038
0.0000000000,0.0044769016
0.0000000000,0.0045017665
0.0000000000,0.0045164870
0.0000000000,0.0045604720
0.0000000000,0.0045724618
0.0000000000,0.0045871907
0.0000000000,0.0045922687
0.0000000000,0.0046971538
0.0000000000,0.0047367453
0.0000000000,0.0047373171
0.0000000000,0.0047634807
0.0000000000,0.0047848392
0.0000000000,0.0048220139
0.0000000000,0.0048314566
0.0000000000,0.0048436923
0.0000000000,0.0048466376
0.0000000000,0.0049392558
0.0000000000,0.0049396395
0.0000000000,0.0049549504
0.0000000000,0.0049735624
0.0000000000,0.0050190813
0.0000000000,0.0050434745
0.0000000000,0.0050759739
0.0000000000,0.0050768517
0.0000000000,0.0050858050
0.0000000000,0.0050903847
0.0000000000,0.0051292847
0.0000000000,0.0051397006
0.0000000000,0.0051430617
0.0000000000,0.0051801167
0.0000000000,0.0052084839
0.0000000000,0.0052305553
0.0000000000,0.0052444837
0.0000000000,0.0052451962
0.0000000000,0.0052468297
0.0000000000,0.0052609304
0.0000000000,0.0052680317
0.0000000000,0.0053049293
0.0000000000,0.0053075710
0.0000000000,0.0053242403
0.0000000000,0.0053336723
0.0000000000,0.0053790216
0.0000000000,0.0054092705
0.0000000000,0.0054268879
0.0000000000,0.0054280711
0.0000000000,0.0054388382
0.0000000000,0.0054945783
0.0000000000,0.0055071767
0.0000000000,0.0055336878
0.0000000000,0.0055543841
0.0000000000,0.0055544623
0.0000000000,0.0055553168
0.0000000000,0.0055754916
0.0000000000,0.0055955369
0.0000000000,0.0056103878
0.0000000000,0.0056563588
0.0000000000,0.0056661814
0.0000000000,0.0056726844
0.0000000000,0.0056893192
0.0000000000,0.0056961291
0.0000000000,0.0057178554
0.0000000000,0.0057621729
0.0000000000,0.0057691978
0.0000000000,0.0057905223
0.0000000000,0.0057931403
0.0000000000,0.0057932795
0.0000000000,0.0058166375
0.0000000000,0.0058442913
0.0000000000,0.0058475817
0.0000000000,0.0058486019
0.0000000000,0.0058630412
0.0000000000,0.0058803507
0.0000000000,0.0058888225
0.0000000000,0.0059284484
0.0000000000,0.0059329434
0.0000000000,0.0060202740
0.0000000000,0.0060437266
0.0000000000,0.0060537783
0.0000000000,0.0060806982
0.0000000000,0.0060920096
0.0000000000,0.0061064591
0.0000000000,0.0061949082
0.0000000000,0.0062770215
0.0000000000,0.0062774424
0.0000000000,0.0062902262
0.0000000000,0.0063029015
0.0000000000,0.0063250125
0.0000000000,0.0063315257
0.0000000000,0.0063443906
0.0000000000,0.0063472278
0.0000000000,0.0063647917
0.0000000000,0.0063662017
0.0000000000,0.0064396677
0.0000000000,0.0064661703
0.0000000000,0.0064915451
0.0000000000,0.0065237605
0.0000000000,0.0065260404
0.0000000000,0.0065267999
0.0000000000,0.0065647787
0.0000000000,0.0065788613
0.0000000000,0.0065868064
0.0000000000,0.0065967180
0.0000000000,0.0066107246
0.0000000000,0.0066217631
0.0000000000,0.0066369721
0.0000000000,0.0066485624
0.0000000000,0.0066502122
0.0000000000,0.0066828583
0.0000000000,0.0067035961
0.0000000000,0.0067372089
0.0000000000,0.0067431368
0.0000000000,0.0067489347
0.0000000000,0.0067574540
0.0000000000,0.0067699482
0.0000000000,0.0067759026
0.0000000000,0.0068012495
0.0000000000,0.0068198489
0.0000000000,0.0068784864
0.0000000000,0.0069108396
0.0000000000,0.0069567082
0.0000000000,0.0069712591
0.0000000000,0.0070057455
0.0000000000,0.0070181354
0.0000000000,0.0070317765
0.0000000000,0.0070413826
0.0000000000,0.0070701232
0.0000000000,0.0070981011
0.0000000000,0.0071330895
0.0000000000,0.0071466709
0.0000000000,0.0071814684
0.0000000000,0.0071947989
0.0000000000,0.0072013843
0.0000000000,0.0072073303
0.0000000000,0.0072497707
0.0000000000,0.0072906618
0.0000000000,0.0072973226
0.0000000000,0.0073059467
0.0000000000,0.0073293392
0.0000000000,0.0073461989
0.0000000000,0.0073582479
0.0000000000,0.0073717022
0.0000000000,0.0073792450
0.0000000000,0.0073976386
0.0000000000,0.0074173626
0.0000000000,0.0074344152
0.0000000000,0.0074669928
0.0000000000,0.0075459275
0.0000000000,0.0075649130
0.0000000000,0.0075685368
0.0000000000,0.0076082698
0.0000000000,0.0076115723
0.0000000000,0.0076529053
0.0000000000,0.0077108815
0.0000000000,0.0077156350
0.0000000000,0.0077204788
0.0000000000,0.0077252751
0.0000000000,0.0077593168
0.0000000000,0.0077658682
0.0000000000,0.0077769700
0.0000000000,0.0078479107
0.0000000000,0.0078881504
0.0000000000,0.0078987945
0.0000000000,0.0079086982
0.0000000000,0.0079639750
0.0000000000,0.0079653068
0.0000000000,0.0079792822
0.0000000000,0.0079941945
0.0000000000,0.0079961857
0.0000000000,0.0080171153
0.0000000000,0.0080312258
0.0000000000,0.0080615068
0.0000000000,0.0080745416
0.0000000000,0.0080849463
0.0000000000,0.0081022121
0.0000000000,0.0081179505
0.0000000000,0.0081626708
0.0000000000,0.0081995931
0.0000000000,0.0082467264
0.0000000000,0.0082516028
0.0000000000,0.0082618762
0.0000000000,0.0082838135
0.0000000000,0.0082928929
0.0000000000,0.0083525488
0.0000000000,0.0083689643
0.0000000000,0.0083749667
0.0000000000,0.0083790412
0.0000000000,0.0084193870
0.0000000000,0.0084208073
0.0000000000,0.0084271906
0.0000000000,0.0084281955
0.0000000000,0.0084300758
0.0000000000,0.0084447786
0.0000000000,0.0084461030
0.0000000000,0.0084586469
0.0000000000,0.0084630689
0.0000000000,0.0084741628
0.0000000000,0.0084888181
0.0000000000,0.0084917266
0.0000000000,0.0085007092
0.0000000000,0.0085088173
0.0000000000,0.0085200360
0.0000000000,0.0085326666
0.0000000000,0.0085957805
0.0000000000,0.0086059077
0.0000000000,0.0086075459
0.0000000000,0.0086258138
0.0000000000,0.0086578056
0.0000000000,0.0086711282
0.0000000000,0.0086917579
0.0000000000,0.0087086726
0.0000000000,0.0087100668
0.0000000000,0.0087145250
0.0000000000,0.0087260185
0.0000000000,0.0087882075
0.0000000000,0.0087918080
0.0000000000,0.0087950975
0.0000000000,0.0088141281
0.0000000000,0.0088249398
0.0000000000,0.0089112893
0.0000000000,0.0089199999
0.0000000000,0.0089538032
0.0000000000,0.0089837387
0.0000000000,0.0090035331
0.0000000000,0.0090062544
0.0000000000,0.0090081729
0.0000000000,0.0090329740
0.0000000000,0.0090465480
0.0000000000,0.0090546133
0.0000000000,0.0090556517
0.0000000000,0.0091412570
0.0000000000,0.0091448752
0.0000000000,0.0091449236
0.0000000000,0.0091595836
0.0000000000,0.0091757579
0.0000000000,0.0091797672
0.0000000000,0.0091823060
0.0000000000,0.0091845375
0.0000000000,0.0092231482
0.0000000000,0.0092300111
0.0000000000,0.0092371926
0.0000000000,0.0092433793
0.0000000000,0.0092491079
0.0000000000,0.0092561264
0.0000000000,0.0092926184
0.0000000000,0.0093058404
0.0000000000,0.0093160253
0.0000000000,0.0093557481
0.0000000000,0.0094394004
0.0000000000,0.0094501963
0.0000000000,0.0094746342
0.0000000000,0.0094903726
0.0000000000,0.0095098615
0.0000000000,0.0095269615
0.0000000000,0.0095696785
0.0000000000,0.0096155964
0.0000000000,0.0096312733
0.0000000000,0.0096440278
0.0000000000,0.0096615544
0.0000000000,0.0096810060
0.0000000000,0.0096818637
0.0000000000,0.0096873846
0.0000000000,0.0096904170
0.0000000000,0.0096908826
0.0000000000,0.0096932752
0.0000000000,0.0097011859
0.0000000000,0.0097128227
0.0000000000,0.0097147478
0.0000000000,0.0097250221
0.0000000000,0.0097657423
0.0000000000,0.0097797001
0.0000000000,0.0097829532
0.0000000000,0.0098307859
0.0000000000,0.0098622702
0.0000000000,0.0098785115
0.0000000000,0.0098792790
0.0000000000,0.0099002263
0.0000000000,0.0099099008
0.0000000000,0.0099568060
0.0000000000,0.0099577149
0.0000000000,0.0099592814
0.0000000000,0.0099705392
0.0000000000,0.0100095216
0.0000000000,0.0100430651
0.0000000000,0.0100593893
0.0000000000,0.0100743258
0.0000000000,0.0100869490
0.0000000000,0.0101019172
0.0000000000,0.0101028848
0.0000000000,0.0101077985
0.0000000000,0.0101091275
0.0000000000,0.0101299444
0.0000000000,0.0101519478
0.0000000000,0.0101537034
0.0000000000,0.0101716099
0.0000000000,0.0101742558
0.0000000000,0.0101900958
0.0000000000,0.0102187246
0.0000000000,0.0102244411
0.0000000000,0.0102265971
0.0000000000,0.0102266613
0.0000000000,0.0102572860
0.0000000000,0.0102585694
0.0000000000,0.0102733616
0.0000000000,0.0102794012
0.0000000000,0.0102861235
0.0000000000,0.0103195738
0.0000000000,0.0103249820
0.0000000000,0.0103275385
0.0000000000,0.0103342338
0.0000000000,0.0103602335
0.0000000000,0.0104169678
0.0000000000,0.0104555506
0.0000000000,0.0104611106
0.0000000000,0.0104857730
0.0000000000,0.0104889674
0.0000000000,0.0104903923
0.0000000000,0.0104936594
0.0000000000,0.0105218608
0.0000000000,0.0105390167
0.0000000000,0.0105438223
0.0000000000,0.0105499122
0.0000000000,0.0105657233
0.0000000000,0.0105662234
0.0000000000,0.0105840042
0.0000000000,0.0106094144
0.0000000000,0.0106098587
0.0000000000,0.0106151421
0.0000000000,0.0106169516
0.0000000000,0.0106291957
0.0000000000,0.0106484806
0.0000000000,0.0106673446
0.0000000000,0.0106738387
0.0000000000,0.0107145915
0.0000000000,0.0107206581
0.0000000000,0.0107242288
0.0000000000,0.0107275015
0.0000000000,0.0107299909
0.0000000000,0.0107334256
0.0000000000,0.0107413037
0.0000000000,0.0107458876
0.0000000000,0.0107580433
0.0000000000,0.0107777724
0.0000000000,0.0107953176
0.0000000000,0.0107984850
0.0000000000,0.0108185410
0.0000000000,0.0108243637
0.0000000000,0.0108311772
0.0000000000,0.0108537758
0.0000000000,0.0108776763
0.0000000000,0.0108817769
0.0000000000,0.0109272264
0.0000000000,0.0109794214
0.0000000000,0.0109879961
0.0000000000,0.0109887468
0.0000000000,0.0109891566
0.0000000000,0.0109932823
0.0000000000,0.0109941028
0.0000000000,0.0110028377
0.0000000000,0.0110143535
0.0000000000,0.0110154990
0.0000000000,0.0110274395
0.0000000000,0.0110673755
0.0000000000,0.0110784937
0.0000000000,0.0111068469
0.0000000000,0.0111087682
0.0000000000,0.0111089246
0.0000000000,0.0111090513
0.0000000000,0.0111106336
0.0000000000,0.0111139026
0.0000000000,0.0111509832
0.0000000000,0.0111605311
0.0000000000,0.0111977663
0.0000000000,0.0112151764
0.0000000000,0.0112177711
0.0000000000,0.0112207755
0.0000000000,0.0112232231
0.0000000000,0.0112321619
0.0000000000,0.0112350909
0.0000000000,0.0112514617
0.0000000000,0.0112578124
0.0000000000,0.0112893190
0.0000000000,0.0113127176
0.0000000000,0.0113232927
0.0000000000,0.0113323629
0.0000000000,0.0113453688
0.0000000000,0.0113786384
0.0000000000,0.0113806967
0.0000000000,0.0113922581
0.0000000000,0.0114138955
0.0000000000,0.0114357108
0.0000000000,0.0115243457
0.0000000000,0.0115383957
0.0000000000,0.0115488041
0.0000000000,0.0115810446
0.0000000000,0.0115862805
0.0000000000,0.0115893995
0.0000000000,0.0116122207
0.0000000000,0.0116153974
0.0000000000,0.0116717285
0.0000000000,0.0116885826
0.0000000000,0.0116951633
0.0000000000,0.0117020290
0.0000000000,0.0117069734
0.0000000000,0.0117134452
0.0000000000,0.0117217088
0.0000000000,0.0117260823
0.0000000000,0.0117402859
0.0000000000,0.0117607014
0.0000000000,0.0118306093
0.0000000000,0.0118502127
0.0000000000,0.0118544251
0.0000000000,0.0118658869
0.0000000000,0.0118869981
0.0000000000,0.0118894754
0.0000000000,0.0119021805
0.0000000000,0.0119507359
0.0000000000,0.0119797578
0.0000000000,0.0119799469
0.0000000000,0.0120277219
0.0000000000,0.0120395329
0.0000000000,0.0120405480
0.0000000000,0.0120739359
0.0000000000,0.0120836049
0.0000000000,0.0120874532
0.0000000000,0.0120927170
0.0000000000,0.0121012181
0.0000000000,0.0121075567
0.0000000000,0.0121110016
0.0000000000,0.0121444836
0.0000000000,0.0121840192
0.0000000000,0.0122129181
0.0000000000,0.0122195715
0.0000000000,0.0122443335
0.0000000000,0.0122664357
0.0000000000,0.0122847743
0.0000000000,0.0122998329
0.0000000000,0.0123357605
0.0000000000,0.0123508452
0.0000000000,0.0123617053
0.0000000000,0.0123898163
0.0000000000,0.0124588450
0.0000000000,0.0124689126
0.0000000000,0.0124885179
0.0000000000,0.0125249438
0.0000000000,0.0125358226
0.0000000000,0.0125488704
0.0000000000,0.0125540430
0.0000000000,0.0125544202
0.0000000000,0.0125548849
0.0000000000,0.0125795379
0.0000000000,0.0126058031
0.0000000000,0.0126147810
0.0000000000,0.0126411589
0.0000000000,0.0126500251
0.0000000000,0.0126580223
0.0000000000,0.0126630515
0.0000000000,0.0126661481
0.0000000000,0.0126699144
0.0000000000,0.0126846721
0.0000000000,0.0126887811
0.0000000000,0.0126944557
0.0000000000,0.0127005400
0.0000000000,0.0127062937
0.0000000000,0.0127324034
0.0000000000,0.0127441566
0.0000000000,0.0127557507
0.0000000000,0.0127619505
0.0000000000,0.0127849588
0.0000000000,0.0127940821
0.0000000000,0.0128312353
0.0000000000,0.0128472485
0.0000000000,0.0128793353
0.0000000000,0.0128849037
0.0000000000,0.0129121067
0.0000000000,0.0129362559
0.0000000000,0.0129466848
0.0000000000,0.0129498597
0.0000000000,0.0129687833
0.0000000000,0.0129824793
0.0000000000,0.0129830902
0.0000000000,0.0129898591
0.0000000000,0.0129952161
0.0000000000,0.0130427592
0.0000000000,0.0130475210
0.0000000000,0.0130520808
0.0000000000,0.0130535997
0.0000000000,0.0130688986
0.0000000000,0.0130819818
0.0000000000,0.0131020267
0.0000000000,0.0131295575
0.0000000000,0.0131577225
0.0000000000,0.0131715322
0.0000000000,0.0131736128
0.0000000000,0.0132005522
0.0000000000,0.0132214492
0.0000000000,0.0132306088
0.0000000000,0.0132435262
0.0000000000,0.0132739441
0.0000000000,0.0132801067
0.0000000000,0.0132812075
0.0000000000,0.0132953664
0.0000000000,0.0132971248
0.0000000000,0.0133004244
0.0000000000,0.0133292731
0.0000000000,0.0133410180
0.0000000000,0.0133657167
0.0000000000,0.0133849168
0.0000000000,0.0133946221
0.0000000000,0.0133975707
0.0000000000,0.0134307053
0.0000000000,0.0134444349
0.0000000000,0.0134594319
0.0000000000,0.0134744179
0.0000000000,0.0134862736
0.0000000000,0.0134927798
0.0000000000,0.0134978695
0.0000000000,0.0135008926
0.0000000000,0.0135149080
0.0000000000,0.0135398963
0.0000000000,0.0135517018
0.0000000000,0.0135518052
0.0000000000,0.0135653559
0.0000000000,0.0135760643
0.0000000000,0.0136024989
0.0000000000,0.0136180697
0.0000000000,0.0136260111
0.0000000000,0.0136488480
0.0000000000,0.0136654433
0.0000000000,0.0136854844
0.0000000000,0.0137066646
0.0000000000,0.0137325255
0.0000000000,0.0137569727
0.0000000000,0.0137844542
0.0000000000,0.0137961181
0.0000000000,0.0138284583
0.0000000000,0.0138297901
0.0000000000,0.0138430651
0.0000000000,0.0138431387
0.0000000000,0.0138443429
0.0000000000,0.0138583817
0.0000000000,0.0138661368
0.0000000000,0.0138847046
0.0000000000,0.0139003340
0.0000000000,0.0139015438
0.0000000000,0.0139110899
0.0000000000,0.0139425183
0.0000000000,0.0139599135
0.0000000000,0.0139799733
0.0000000000,0.0139891487
0.0000000000,0.0139929689
0.0000000000,0.0140060680
0.0000000000,0.0140073840
0.0000000000,0.0140114911
0.0000000000,0.0140362708
0.0000000000,0.0140794404
0.0000000000,0.0140823564
0.0000000000,0.0140827652
0.0000000000,0.0141123552
0.0000000000,0.0141200433
0.0000000000,0.0141402464
0.0000000000,0.0141570373
0.0000000000,0.0141773457
0.0000000000,0.0141977053
0.0000000000,0.0142474305
0.0000000000,0.0143153723
0.0000000000,0.0143206604
0.0000000000,0.0143579151
0.0000000000,0.0143620567
0.0000000000,0.0143629368
0.0000000000,0.0143908579
0.0000000000,0.0144027686
0.0000000000,0.0144146606
0.0000000000,0.0144339241
0.0000000000,0.0144365598
0.0000000000,0.0144745912
0.0000000000,0.0144995414
0.0000000000,0.0145648578
0.0000000000,0.0145872841
0.0000000000,0.0145946452
0.0000000000,0.0146089373
0.0000000000,0.0146118933
0.0000000000,0.0146291889
0.0000000000,0.0146346018
0.0000000000,0.0146554364
0.0000000000,0.0146586783
0.0000000000,0.0146787278
0.0000000000,0.0146847516
0.0000000000,0.0146909049
0.0000000000,0.0146923978
0.0000000000,0.0146956407
0.0000000000,0.0147248507
0.0000000000,0.0147275291
0.0000000000,0.0147564495
0.0000000000,0.0147911767
0.0000000000,0.0147952773
0.0000000000,0.0148207825
0.0000000000,0.0148347253
0.0000000000,0.0148522267
0.0000000000,0.0148688303
0.0000000000,0.0148744220
0.0000000000,0.0149081275
0.0000000000,0.0149492370
0.0000000000,0.0150000071
0.0000000000,0.0150247598
0.0000000000,0.0150550064
0.0000000000,0.0150918551
0.0000000000,0.0150969438
0.0000000000,0.0151012791
0.0000000000,0.0151291611
0.0000000000,0.0151298260
0.0000000000,0.0151370736
0.0000000000,0.0151407719
0.0000000000,0.0151654733
0.0000000000,0.0152142877
0.0000000000,0.0152165396
0.0000000000,0.0152231446
0.0000000000,0.0152343875
0.0000000000,0.0152863450
0.0000000000,0.0152917467
0.0000000000,0.0153004089
0.0000000000,0.0153058106
0.0000000000,0.0153275942
0.0000000000,0.0153360730
0.0000000000,0.0153736016
0.0000000000,0.0154123995
0.0000000000,0.0154296719
0.0000000000,0.0154351080
0.0000000000,0.0154385474
0.0000000000,0.0154409576
0.0000000000,0.0154447854
0.0000000000,0.0154797845
0.0000000000,0.0155068170
0.0000000000,0.0155186336
0.0000000000,0.0155317364
0.0000000000,0.0155539401
0.0000000000,0.0155922426
0.0000000000,0.0155953094
0.0000000000,0.0156003181
0.0000000000,0.0156313274
0.0000000000,0.0156651009
0.0000000000,0.0156904627
0.0000000000,0.0156958215
0.0000000000,0.0157034509
0.0000000000,0.0157281179
0.0000000000,0.0157518703
0.0000000000,0.0157763008
0.0000000000,0.0157988351
0.0000000000,0.0158065371
0.0000000000,0.0158173963
0.0000000000,0.0158305913
0.0000000000,0.0158900060
0.0000000000,0.0158982910
0.0000000000,0.0159237236
0.0000000000,0.0159262028
0.0000000000,0.0159279499
0.0000000000,0.0159383975
0.0000000000,0.0159760639
0.0000000000,0.0159883890
0.0000000000,0.0159923714
0.0000000000,0.0160125997
0.0000000000,0.0160388630
0.0000000000,0.0160624515
0.0000000000,0.0160648469
0.0000000000,0.0160935689
0.0000000000,0.0161698926
0.0000000000,0.0161711406
0.0000000000,0.0161852762
0.0000000000,0.0161993243
0.0000000000,0.0162044242
0.0000000000,0.0162081625
0.0000000000,0.0162303578
0.0000000000,0.0162310936
0.0000000000,0.0162359010
0.0000000000,0.0162566546
0.0000000000,0.0162609406
0.0000000000,0.0163089242
0.0000000000,0.0163154956
0.0000000000,0.0163253415
0.0000000000,0.0163774583
0.0000000000,0.0163851753
0.0000000000,0.0163981449
0.0000000000,0.0163991861
0.0000000000,0.0164110251
0.0000000000,0.0164934527
0.0000000000,0.0165032055
0.0000000000,0.0165237524
0.0000000000,0.0165401939
0.0000000000,0.0165676270
0.0000000000,0.0165857859
0.0000000000,0.0166051015
0.0000000000,0.0166390631
0.0000000000,0.0166498963
0.0000000000,0.0166599117
0.0000000000,0.0166872665
0.0000000000,0.0167050976
0.0000000000,0.0167092253
0.0000000000,0.0167095922
0.0000000000,0.0167140141
0.0000000000,0.0167242922
0.0000000000,0.0167483892
0.0000000000,0.0167499334
0.0000000000,0.0167580824
0.0000000000,0.0167749245
0.0000000000,0.0168228541
0.0000000000,0.0168255530
0.0000000000,0.0168387741
0.0000000000,0.0168416146
0.0000000000,0.0168543812
0.0000000000,0.0168563910
0.0000000000,0.0168601517
0.0000000000,0.0168895572
0.0000000000,0.0168899409
0.0000000000,0.0168922059
0.0000000000,0.0168927815
0.0000000000,0.0169073474
0.0000000000,0.0169107970
0.0000000000,0.0169261377
0.0000000000,0.0169834532
0.0000000000,0.0169996992
0.0000000000,0.0170014184
0.0000000000,0.0170069262
0.0000000000,0.0170092434
0.0000000000,0.0170176346
0.0000000000,0.0170342922
0.0000000000,0.0170400720
0.0000000000,0.0170459822
0.0000000000,0.0170653332
0.0000000000,0.0170688834
0.0000000000,0.0170733500
0.0000000000,0.0170780234
0.0000000000,0.0170962401
0.0000000000,0.0171915609
0.0000000000,0.0172501784
0.0000000000,0.0172516275
0.0000000000,0.0173117537
0.0000000000,0.0173156112
0.0000000000,0.0173367504
0.0000000000,0.0173374340
0.0000000000,0.0173835158
0.0000000000,0.0173938908
0.0000000000,0.0174022429
0.0000000000,0.0174290501
0.0000000000,0.0174411796
0.0000000000,0.0174416192
0.0000000000,0.0174461994
0.0000000000,0.0174488015
0.0000000000,0.0174577460
0.0000000000,0.0175256692
0.0000000000,0.0175457951
0.0000000000,0.0175575949
0.0000000000,0.0175836161
0.0000000000,0.0175901949
0.0000000000,0.0176465530
0.0000000000,0.0176498797
0.0000000000,0.0176621992
0.0000000000,0.0176920202
0.0000000000,0.0177901648
0.0000000000,0.0178309157
0.0000000000,0.0178893879
0.0000000000,0.0178952701
0.0000000000,0.0179064162
0.0000000000,0.0179076064
0.0000000000,0.0179188568
0.0000000000,0.0179704651
0.0000000000,0.0179738812
0.0000000000,0.0179817732
0.0000000000,0.0180070661
0.0000000000,0.0180125087
0.0000000000,0.0180659480
0.0000000000,0.0180800725
0.0000000000,0.0180846229
0.0000000000,0.0180930961
0.0000000000,0.0181102846
0.0000000000,0.0181113034
0.0000000000,0.0182224065
0.0000000000,0.0182450879
0.0000000000,0.0182516500
0.0000000000,0.0182531103
0.0000000000,0.0182544906
0.0000000000,0.0182897504
0.0000000000,0.0182898473
0.0000000000,0.0183167197
0.0000000000,0.0183191672
0.0000000000,0.0183514412
0.0000000000,0.0183583014
0.0000000000,0.0183646120
0.0000000000,0.0183651540
0.0000000000,0.0183690749
0.0000000000,0.0183877070
0.0000000000,0.0183952507
0.0000000000,0.0184129737
0.0000000000,0.0184223000
0.0000000000,0.0184379350
0.0000000000,0.0184448995
0.0000000000,0.0184504818
0.0000000000,0.0184519850
0.0000000000,0.0184611157
0.0000000000,0.0185057018
0.0000000000,0.0185345504
0.0000000000,0.0185403451
0.0000000000,0.0185423829
0.0000000000,0.0185852367
0.0000000000,0.0185868945
0.0000000000,0.0186134633
0.0000000000,0.0186320506
0.0000000000,0.0186359044
0.0000000000,0.0186376926
0.0000000000,0.0186947398
0.0000000000,0.0187281575
0.0000000000,0.0187468026
0.0000000000,0.0187869202
0.0000000000,0.0188224744
0.0000000000,0.0188695583
0.0000000000,0.0188788008
0.0000000000,0.0188973602
0.0000000000,0.0189003926
0.0000000000,0.0189022906
0.0000000000,0.0189048294
0.0000000000,0.0189062320
0.0000000000,0.0189104155
0.0000000000,0.0189204793
0.0000000000,0.0189492684
0.0000000000,0.0189609304
0.0000000000,0.0189807452
0.0000000000,0.0189879909
0.0000000000,0.0189935584
0.0000000000,0.0190882459
0.0000000000,0.0191005860
0.0000000000,0.0191129949
0.0000000000,0.0191372521
0.0000000000,0.0191372968
0.0000000000,0.0191575084
0.0000000000,0.0191673506
0.0000000000,0.0191934649
0.0000000000,0.0192311928
0.0000000000,0.0192595553
0.0000000000,0.0192625467
0.0000000000,0.0192880556
0.0000000000,0.0193057321
0.0000000000,0.0193211809
0.0000000000,0.0193231087
0.0000000000,0.0193504449
0.0000000000,0.0193620119
0.0000000000,0.0193637274
0.0000000000,0.0193646569
0.0000000000,0.0193794165
0.0000000000,0.0193808340
0.0000000000,0.0193817653
0.0000000000,0.0194023717
0.0000000000,0.0194077231
0.0000000000,0.0194294956
0.0000000000,0.0194679666
0.0000000000,0.0194680654
0.0000000000,0.0195058025
0.0000000000,0.0195594002
0.0000000000,0.0196093544
0.0000000000,0.0196645167
0.0000000000,0.0196669921
0.0000000000,0.0196770784
0.0000000000,0.0197245404
0.0000000000,0.0197570920
0.0000000000,0.0197682381
0.0000000000,0.0197792705
0.0000000000,0.0197869819
0.0000000000,0.0197989866
0.0000000000,0.0198073592
0.0000000000,0.0198198017
0.0000000000,0.0198212229
0.0000000000,0.0198251959
0.0000000000,0.0198589265
0.0000000000,0.0198738798
0.0000000000,0.0198745169
0.0000000000,0.0199016035
0.0000000000,0.0199136119
0.0000000000,0.0199154299
0.0000000000,0.0199216027
0.0000000000,0.0199390352
0.0000000000,0.0199410785
0.0000000000,0.0199670121
0.0000000000,0.0199765731
0.0000000000,0.0199879203
0.0000000000,0.0199892092
0.0000000000,0.0200294275
0.0000000000,0.0200562496
0.0000000000,0.0200845562
0.0000000000,0.0200871695
0.0000000000,0.0200955961
0.0000000000,0.0201534946
0.0000000000,0.0201738980
0.0000000000,0.0201934613
0.0000000000,0.0202134326
0.0000000000,0.0202155970
0.0000000000,0.0202363580
0.0000000000,0.0203025602
0.0000000000,0.0203038957
0.0000000000,0.0203123577
0.0000000000,0.0203432199
0.0000000000,0.0203598514
0.0000000000,0.0203792714
0.0000000000,0.0203801915
0.0000000000,0.0203915350
0.0000000000,0.0204277262
0.0000000000,0.0204374492
0.0000000000,0.0204488821
0.0000000000,0.0204531942
0.0000000000,0.0205145720
0.0000000000,0.0205220208
0.0000000000,0.0205483530
0.0000000000,0.0205588024
0.0000000000,0.0205722470
0.0000000000,0.0205802582
0.0000000000,0.0205887426
0.0000000000,0.0206124857
0.0000000000,0.0206143185
0.0000000000,0.0206168555
0.0000000000,0.0206405222
0.0000000000,0.0206899699
0.0000000000,0.0207204670
0.0000000000,0.0207675323
0.0000000000,0.0208217911
0.0000000000,0.0208295044
0.0000000000,0.0208354257
0.0000000000,0.0208417196
0.0000000000,0.0208544228
0.0000000000,0.0208760500
0.0000000000,0.0209153183
0.0000000000,0.0209222212
0.0000000000,0.0209227242
0.0000000000,0.0209407508
0.0000000000,0.0209614281
0.0000000000,0.0209715459
0.0000000000,0.0209924188
0.0000000000,0.0210337006
0.0000000000,0.0210349727
0.0000000000,0.0210469142
0.0000000000,0.0210638363
0.0000000000,0.0210644454
0.0000000000,0.0210691746
0.0000000000,0.0210774690
0.0000000000,0.0210998245
0.0000000000,0.0211155768
0.0000000000,0.0211324468
0.0000000000,0.0211465545
0.0000000000,0.0211482346
0.0000000000,0.0211680084
0.0000000000,0.0211692192
0.0000000000,0.0212188289
0.0000000000,0.0212600529
0.0000000000,0.0212945007
0.0000000000,0.0213078447
0.0000000000,0.0213475134
0.0000000000,0.0214484576
0.0000000000,0.0214623101
0.0000000000,0.0214650705
0.0000000000,0.0214917753
0.0000000000,0.0215853378
0.0000000000,0.0216623545
0.0000000000,0.0217033420
0.0000000000,0.0217075516
0.0000000000,0.0217244513
0.0000000000,0.0217252094
0.0000000000,0.0217553526
0.0000000000,0.0218398385
0.0000000000,0.0218480919
0.0000000000,0.0218544528
0.0000000000,0.0218840316
0.0000000000,0.0219681822
0.0000000000,0.0219733976
0.0000000000,0.0219835266
0.0000000000,0.0219865646
0.0000000000,0.0220022015
0.0000000000,0.0220056754
0.0000000000,0.0220251754
0.0000000000,0.0220287070
0.0000000000,0.0220622923
0.0000000000,0.0221338179
0.0000000000,0.0221569873
0.0000000000,0.0221923422
0.0000000000,0.0221929625
0.0000000000,0.0222136937
0.0000000000,0.0222181026
0.0000000000,0.0222212672
0.0000000000,0.0222245399
0.0000000000,0.0222278051
0.0000000000,0.0222682208
0.0000000000,0.0223072097
0.0000000000,0.0223493539
0.0000000000,0.0224239603
0.0000000000,0.0224303529
0.0000000000,0.0224355422
0.0000000000,0.0224450044
0.0000000000,0.0224464461
0.0000000000,0.0224634372
0.0000000000,0.0224643238
0.0000000000,0.0224701818
0.0000000000,0.0225029234
0.0000000000,0.0225049164
0.0000000000,0.0225296468
0.0000000000,0.0225697495
0.0000000000,0.0225714613
0.0000000000,0.0226052329
0.0000000000,0.0226236582
0.0000000000,0.0226435866
0.0000000000,0.0226465855
0.0000000000,0.0226523913
0.0000000000,0.0226724651
0.0000000000,0.0226784535
0.0000000000,0.0227513257
0.0000000000,0.0227551740
0.0000000000,0.0227692332
0.0000000000,0.0227697082
0.0000000000,0.0228246227
0.0000000000,0.0228277911
0.0000000000,0.0228391718
0.0000000000,0.0228631850
0.0000000000,0.0230486915
0.0000000000,0.0230553634
0.0000000000,0.0230760463
0.0000000000,0.0230976082
0.0000000000,0.0231075268
0.0000000000,0.0231120456
0.0000000000,0.0232307948
0.0000000000,0.0232470967
0.0000000000,0.0232628323
0.0000000000,0.0233200062
0.0000000000,0.0233750362
0.0000000000,0.0233903266
0.0000000000,0.0233939365
0.0000000000,0.0234742537
0.0000000000,0.0234805718
0.0000000000,0.0235214029
0.0000000000,0.0235555898
0.0000000000,0.0235561412
0.0000000000,0.0236088876
0.0000000000,0.0236218832
0.0000000000,0.0236865301
0.0000000000,0.0236989316
0.0000000000,0.0237184856
0.0000000000,0.0237396602
0.0000000000,0.0238234401
0.0000000000,0.0238411650
0.0000000000,0.0238495301
0.0000000000,0.0239069071
0.0000000000,0.0239483006
0.0000000000,0.0239512865
0.0000000000,0.0239521004
0.0000000000,0.0239598863
0.0000000000,0.0239598937
0.0000000000,0.0239638295
0.0000000000,0.0240172036
0.0000000000,0.0240554437
0.0000000000,0.0240790658
0.0000000000,0.0240810961
0.0000000000,0.0241163019
0.0000000000,0.0241285246
0.0000000000,0.0241675582
0.0000000000,0.0241749063
0.0000000000,0.0241954792
0.0000000000,0.0242171157
0.0000000000,0.0242220033
0.0000000000,0.0242391992
0.0000000000,0.0242774114
0.0000000000,0.0243379660
0.0000000000,0.0243465155
0.0000000000,0.0243492313
0.0000000000,0.0243591834
0.0000000000,0.0243893359
0.0000000000,0.0244886670
0.0000000000,0.0244921613
0.0000000000,0.0245048646
0.0000000000,0.0245284848
0.0000000000,0.0245493855
0.0000000000,0.0246724654
0.0000000000,0.0247016903
0.0000000000,0.0247027408
0.0000000000,0.0247662086
0.0000000000,0.0248026811
0.0000000000,0.0248108171
0.0000000000,0.0248176251
0.0000000000,0.0248883367
0.0000000000,0.0249046218
0.0000000000,0.0249378253
0.0000000000,0.0249984972
0.0000000000,0.0250202212
0.0000000000,0.0250716452
0.0000000000,0.0250876844
0.0000000000,0.0250977408
0.0000000000,0.0251080859
0.0000000000,0.0251088403
0.0000000000,0.0251607224
0.0000000000,0.0251846816
0.0000000000,0.0252008028
0.0000000000,0.0252451785
0.0000000000,0.0252454840
0.0000000000,0.0252496768
0.0000000000,0.0252776910
0.0000000000,0.0253361017
0.0000000000,0.0253437068
0.0000000000,0.0253775623
0.0000000000,0.0253868662
0.0000000000,0.0254125874
0.0000000000,0.0254523531
0.0000000000,0.0254591852
0.0000000000,0.0254648067
0.0000000000,0.0255239010
0.0000000000,0.0255323797
0.0000000000,0.0255352426
0.0000000000,0.0256270897
0.0000000000,0.0256624706
0.0000000000,0.0256944969
0.0000000000,0.0256967396
0.0000000000,0.0257152561
0.0000000000,0.0257984586
0.0000000000,0.0258159526
0.0000000000,0.0258242134
0.0000000000,0.0258725118
0.0000000000,0.0258805808
0.0000000000,0.0258997194
0.0000000000,0.0259165112
0.0000000000,0.0260807145
0.0000000000,0.0260950420
0.0000000000,0.0260972753
0.0000000000,0.0260990635
0.0000000000,0.0261041615
0.0000000000,0.0261119977
0.0000000000,0.0262040533
0.0000000000,0.0262430757
0.0000000000,0.0262536593
0.0000000000,0.0262769312
0.0000000000,0.0262835938
0.0000000000,0.0263634510
0.0000000000,0.0264733993
0.0000000000,0.0264984444
0.0000000000,0.0265280847
0.0000000000,0.0267043170
0.0000000000,0.0267571900
0.0000000000,0.0267873406
0.0000000000,0.0268618036
0.0000000000,0.0268914681
0.0000000000,0.0269336663
0.0000000000,0.0269465558
0.0000000000,0.0270224530
0.0000000000,0.0270671472
0.0000000000,0.0271070376
0.0000000000,0.0271123108
0.0000000000,0.0271803308
0.0000000000,0.0272361394
0.0000000000,0.0272976961
0.0000000000,0.0272996873
0.0000000000,0.0273028612
0.0000000000,0.0273175184
0.0000000000,0.0273308866
0.0000000000,0.0273709688
0.0000000000,0.0273833033
0.0000000000,0.0274014957
0.0000000000,0.0274965744
0.0000000000,0.0275674183
0.0000000000,0.0276595559
0.0000000000,0.0276862774
0.0000000000,0.0276994463
0.0000000000,0.0277229138
0.0000000000,0.0277506243
0.0000000000,0.0277694091
0.0000000000,0.0277841724
0.0000000000,0.0278006680
0.0000000000,0.0278022978
0.0000000000,0.0278221797
0.0000000000,0.0278881676
0.0000000000,0.0279392432
0.0000000000,0.0279599465
0.0000000000,0.0280229822
0.0000000000,0.0280725416
0.0000000000,0.0282247104
0.0000000000,0.0282308683
0.0000000000,0.0282400865
0.0000000000,0.0282804929
0.0000000000,0.0282994173
0.0000000000,0.0283124670
0.0000000000,0.0283546913
0.0000000000,0.0284701847
0.0000000000,0.0284844283
0.0000000000,0.0286428574
0.0000000000,0.0287460033
0.0000000000,0.0287520848
0.0000000000,0.0288604777
0.0000000000,0.0289233103
0.0000000000,0.0289973803
0.0000000000,0.0289990827
0.0000000000,0.0291471761
0.0000000000,0.0291919224
0.0000000000,0.0292583779
0.0000000000,0.0292627141
0.0000000000,0.0292692035
0.0000000000,0.0293632653
0.0000000000,0.0293695033
0.0000000000,0.0294311959
0.0000000000,0.0294536985
0.0000000000,0.0294550583
0.0000000000,0.0296278205
0.0000000000,0.0296303108
0.0000000000,0.0296610165
0.0000000000,0.0296694506
0.0000000000,0.0297067296
0.0000000000,0.0297079030
0.0000000000,0.0297693219
0.0000000000,0.0298350323
0.0000000000,0.0299584381
0.0000000000,0.0299588908
0.0000000000,0.0300230458
0.0000000000,0.0301576555
0.0000000000,0.0303955618
0.0000000000,0.0304462891
0.0000000000,0.0304574929
0.0000000000,0.0304687750
0.0000000000,0.0304948613
0.0000000000,0.0305634681
0.0000000000,0.0306116212
0.0000000000,0.0307606086
0.0000000000,0.0308247991
0.0000000000,0.0308593437
0.0000000000,0.0309018046
0.0000000000,0.0309301484
0.0000000000,0.0309753530
0.0000000000,0.0310634729
0.0000000000,0.0312059503
0.0000000000,0.0312626548
0.0000000000,0.0313155949
0.0000000000,0.0313302018
0.0000000000,0.0313809253
0.0000000000,0.0315042809
0.0000000000,0.0315597393
0.0000000000,0.0315704644
0.0000000000,0.0317620076
0.0000000000,0.0318134949
0.0000000000,0.0318571739
0.0000000000,0.0318842903
0.0000000000,0.0319148637
0.0000000000,0.0320559777
0.0000000000,0.0321871378
0.0000000000,0.0323046409
0.0000000000,0.0324163251
0.0000000000,0.0324718021
0.0000000000,0.0325563364
0.0000000000,0.0325706638
0.0000000000,0.0325947516
0.0000000000,0.0326110981
0.0000000000,0.0326178484
0.0000000000,0.0326554477
0.0000000000,0.0327667855
0.0000000000,0.0328717455
0.0000000000,0.0330257900
0.0000000000,0.0332781263
0.0000000000,0.0334101953
0.0000000000,0.0335495621
0.0000000000,0.0336832292
0.0000000000,0.0340163596
0.0000000000,0.0340801440
0.0000000000,0.0341924801
0.0000000000,0.0347928293
0.0000000000,0.0349352062
0.0000000000,0.0350719467
0.0000000000,0.0350981355
0.0000000000,0.0352077894
0.0000000000,0.0352420583
0.0000000000,0.0352931060
0.0000000000,0.0357965380
0.0000000000,0.0359229818
0.0000000000,0.0361601450
0.0000000000,0.0361762010
0.0000000000,0.0364088379
0.0000000000,0.0367305651
0.0000000000,0.0368758701
0.0000000000,0.0368897989
0.0000000000,0.0371704735
0.0000000000,0.0371856503
0.0000000000,0.0372860953
0.0000000000,0.0373595692
0.0000000000,0.0376449488
0.0000000000,0.0377332494
0.0000000000,0.0377576016
0.0000000000,0.0378045812
0.0000000000,0.0378096588
0.0000000000,0.0378769785
0.0000000000,0.0379102491
0.0000000000,0.0379440598
0.0000000000,0.0381551459
0.0000000000,0.0382259898
0.0000000000,0.0390381478
0.0000000000,0.0392719470
0.0000000000,0.0393049419
0.0000000000,0.0398780704
0.0000000000,0.0399115495
0.0000000000,0.0399676822
0.0000000000,0.0405618064
0.0000000000,0.0412810445
0.0000000000,0.0417521000
0.0000000000,0.0427913964
0.0000000000,0.0433956943
0.0000000000,0.0449403636
0.0000000000,0.0452871732
0.0000000000,0.0462623276
0.0000000000,0.0481621921
0.0000000000,0.0491475612
0.0000000000,0.0510615818
0.0000000000,0.0519279838
0.0000000000,0.0560199805
0.0000000000,0.0582943521
0.0000000000,0.0587265305
0.0000000000,0.0603723042
0.0000000000,0.0623299666
0.0000000000,0.0657500625
0.0000000000,       inf
