0.0000000000,0.0006852469
0.0000000000,0.0010859165
0.0000000000,0.0011378929
0.0000000000,0.0011464527
0.0000000000,0.0012090886
0.0000000000,0.0012864199
0.0000000000,0.0013228961
0.0000000000,0.0013704938
0.0000000000,0.0013760600
0.0000000000,0.0013861081
0.0000000000,0.0015904142
0.0000000000,0.0016134084
0.0000000000,0.0017035584
0.0000000000,0.0019051206
0.0000000000,0.0019351447
0.0000000000,0.0019847131
0.0000000000,0.0019886971
0.0000000000,0.0021247431
0.0000000000,0.0021302584
0.0000000000,0.0021555868
0.0000000000,0.0021718331
0.0000000000,0.0022362529
0.0000000000,0.0022697523
0.0000000000,0.0022757859
0.0000000000,0.0022929055
0.0000000000,0.0023785140
0.0000000000,0.0024091245
0.0000000000,0.0024181772
0.0000000000,0.0024429706
0.0000000000,0.0024909435
0.0000000000,0.0025728398
0.0000000000,0.0025758385
0.0000000000,0.0026457922
0.0000000000,0.0026614829
0.0000000000,0.0026760071
0.0000000000,0.0027409876
0.0000000000,0.0027521199
0.0000000000,0.0027689713
0.0000000000,0.0027722162
0.0000000000,0.0027757159
0.0000000000,0.0028242408
0.0000000000,0.0030652247
0.0000000000,0.0030844372
0.0000000000,0.0031146246
0.0000000000,0.0031552645
0.0000000000,0.0031808284
0.0000000000,0.0032268169
0.0000000000,0.0033870053
0.0000000000,0.0033988415
0.0000000000,0.0033994406
0.0000000000,0.0034071167
0.0000000000,0.0034095428
0.0000000000,0.0034838682
0.0000000000,0.0034843534
0.0000000000,0.0036260122
0.0000000000,0.0036366023
0.0000000000,0.0036748294
0.0000000000,0.0036910137
0.0000000000,0.0037401512
0.0000000000,0.0037424879
0.0000000000,0.0037510952
0.0000000000,0.0038312899
0.0000000000,0.0038702893
0.0000000000,0.0038739194
0.0000000000,0.0039274022
0.0000000000,0.0039329510
0.0000000000,0.0039438228
0.0000000000,0.0039694263
0.0000000000,0.0039773942
0.0000000000,0.0039946181
0.0000000000,0.0040068924
0.0000000000,0.0040150858
0.0000000000,0.0040632421
0.0000000000,0.0040803887
0.0000000000,0.0040962673
0.0000000000,0.0041139037
0.0000000000,0.0041554277
0.0000000000,0.0041686981
0.0000000000,0.0042494861
0.0000000000,0.0042534322
0.0000000000,0.0042605167
0.0000000000,0.0043155374
0.0000000000,0.0043436661
0.0000000000,0.0043527768
0.0000000000,0.0043622167
0.0000000000,0.0043963995
0.0000000000,0.0044008354
0.0000000000,0.0044122194
0.0000000000,0.0044598551
0.0000000000,0.0044725058
0.0000000000,0.0044919075
0.0000000000,0.0045232130
0.0000000000,0.0045395046
0.0000000000,0.0045515718
0.0000000000,0.0045858109
0.0000000000,0.0046430561
0.0000000000,0.0046507041
0.0000000000,0.0047191954
0.0000000000,0.0047251987
0.0000000000,0.0047570281
0.0000000000,0.0048041679
0.0000000000,0.0048156735
0.0000000000,0.0048182490
0.0000000000,0.0048273634
0.0000000000,0.0048363544
0.0000000000,0.0048521948
0.0000000000,0.0048859413
0.0000000000,0.0048871790
0.0000000000,0.0049456111
0.0000000000,0.0049588648
0.0000000000,0.0049818871
0.0000000000,0.0049980478
0.0000000000,0.0049981372
0.0000000000,0.0051456797
0.0000000000,0.0051516769
0.0000000000,0.0051536639
0.0000000000,0.0052804416
0.0000000000,0.0052915844
0.0000000000,0.0052946494
0.0000000000,0.0053229658
0.0000000000,0.0053276522
0.0000000000,0.0053355708
0.0000000000,0.0053520142
0.0000000000,0.0053589335
0.0000000000,0.0053731655
0.0000000000,0.0054228823
0.0000000000,0.0054361522
0.0000000000,0.0054693567
0.0000000000,0.0054819752
0.0000000000,0.0055042398
0.0000000000,0.0055272928
0.0000000000,0.0055379425
0.0000000000,0.0055444324
0.0000000000,0.0055514318
0.0000000000,0.0055895085
0.0000000000,0.0056151836
0.0000000000,0.0056333602
0.0000000000,0.0056484817
0.0000000000,0.0056626601
0.0000000000,0.0056957211
0.0000000000,0.0056968434
0.0000000000,0.0057130000
0.0000000000,0.0057190610
0.0000000000,0.0057314681
0.0000000000,0.0057400991
0.0000000000,0.0057437490
0.0000000000,0.0057975696
0.0000000000,0.0058070812
0.0000000000,0.0058072633
0.0000000000,0.0058095888
0.0000000000,0.0058384351
0.0000000000,0.0059053819
0.0000000000,0.0059159282
0.0000000000,0.0059354538
0.0000000000,0.0060127503
0.0000000000,0.0060185888
0.0000000000,0.0060668075
0.0000000000,0.0060780081
0.0000000000,0.0061013075
0.0000000000,0.0061015249
0.0000000000,0.0061246213
0.0000000000,0.0061304495
0.0000000000,0.0061367177
0.0000000000,0.0061618662
0.0000000000,0.0061688744
0.0000000000,0.0061757984
0.0000000000,0.0062158909
0.0000000000,0.0062187887
0.0000000000,0.0062241964
0.0000000000,0.0062292493
0.0000000000,0.0062695430
0.0000000000,0.0063105291
0.0000000000,0.0063341460
0.0000000000,0.0063395770
0.0000000000,0.0063401135
0.0000000000,0.0063616568
0.0000000000,0.0063627646
0.0000000000,0.0063637700
0.0000000000,0.0063738199
0.0000000000,0.0064251497
0.0000000000,0.0064294701
0.0000000000,0.0064349575
0.0000000000,0.0064521586
0.0000000000,0.0064536338
0.0000000000,0.0064576305
0.0000000000,0.0065295850
0.0000000000,0.0065383282
0.0000000000,0.0065961126
0.0000000000,0.0066092378
0.0000000000,0.0066293753
0.0000000000,0.0066358466
0.0000000000,0.0066935308
0.0000000000,0.0066959471
0.0000000000,0.0067119868
0.0000000000,0.0067221075
0.0000000000,0.0067740106
0.0000000000,0.0067966082
0.0000000000,0.0067976830
0.0000000000,0.0067988811
0.0000000000,0.0068142335
0.0000000000,0.0068190857
0.0000000000,0.0068228245
0.0000000000,0.0068413639
0.0000000000,0.0068638320
0.0000000000,0.0069265100
0.0000000000,0.0069687068
0.0000000000,0.0069701956
0.0000000000,0.0069822813
0.0000000000,0.0070123500
0.0000000000,0.0070219995
0.0000000000,0.0070336279
0.0000000000,0.0071185748
0.0000000000,0.0071387556
0.0000000000,0.0071464647
0.0000000000,0.0072149318
0.0000000000,0.0072448007
0.0000000000,0.0072486661
0.0000000000,0.0072520245
0.0000000000,0.0072580916
0.0000000000,0.0072695753
0.0000000000,0.0072732046
0.0000000000,0.0072935526
0.0000000000,0.0073209000
0.0000000000,0.0073426901
0.0000000000,0.0073496588
0.0000000000,0.0073519330
0.0000000000,0.0073677478
0.0000000000,0.0073871734
0.0000000000,0.0073990948
0.0000000000,0.0074006473
0.0000000000,0.0074121691
0.0000000000,0.0074803024
0.0000000000,0.0074849757
0.0000000000,0.0075021903
0.0000000000,0.0076477262
0.0000000000,0.0076625799
0.0000000000,0.0076639699
0.0000000000,0.0076747541
0.0000000000,0.0076840948
0.0000000000,0.0076990635
0.0000000000,0.0077046938
0.0000000000,0.0077478387
0.0000000000,0.0077631995
0.0000000000,0.0077732406
0.0000000000,0.0078010447
0.0000000000,0.0078256922
0.0000000000,0.0078548044
0.0000000000,0.0078659020
0.0000000000,0.0078876456
0.0000000000,0.0078933528
0.0000000000,0.0079103513
0.0000000000,0.0079238312
0.0000000000,0.0079298047
0.0000000000,0.0079511749
0.0000000000,0.0079547884
0.0000000000,0.0079605635
0.0000000000,0.0079742800
0.0000000000,0.0079890713
0.0000000000,0.0079892362
0.0000000000,0.0080137849
0.0000000000,0.0080237072
0.0000000000,0.0080301715
0.0000000000,0.0080561778
0.0000000000,0.0080580432
0.0000000000,0.0080850301
0.0000000000,0.0080952765
0.0000000000,0.0081447801
0.0000000000,0.0081540458
0.0000000000,0.0081607774
0.0000000000,0.0082278075
0.0000000000,0.0082477974
0.0000000000,0.0082529299
0.0000000000,0.0082562352
0.0000000000,0.0082610166
0.0000000000,0.0083108554
0.0000000000,0.0083154347
0.0000000000,0.0083373962
0.0000000000,0.0083762063
0.0000000000,0.0083974740
0.0000000000,0.0084419120
0.0000000000,0.0084913243
0.0000000000,0.0084934290
0.0000000000,0.0084989723
0.0000000000,0.0085066725
0.0000000000,0.0085068643
0.0000000000,0.0085117808
0.0000000000,0.0085210335
0.0000000000,0.0085324766
0.0000000000,0.0085456045
0.0000000000,0.0085703135
0.0000000000,0.0085792383
0.0000000000,0.0085804854
0.0000000000,0.0085855816
0.0000000000,0.0085972920
0.0000000000,0.0086310748
0.0000000000,0.0086503467
0.0000000000,0.0086873323
0.0000000000,0.0086937919
0.0000000000,0.0087055536
0.0000000000,0.0087244334
0.0000000000,0.0087409932
0.0000000000,0.0087485779
0.0000000000,0.0087550590
0.0000000000,0.0087927990
0.0000000000,0.0087928297
0.0000000000,0.0088016707
0.0000000000,0.0088079358
0.0000000000,0.0088173226
0.0000000000,0.0088244388
0.0000000000,0.0088313892
0.0000000000,0.0088657886
0.0000000000,0.0088670915
0.0000000000,0.0088712499
0.0000000000,0.0088980747
0.0000000000,0.0089247292
0.0000000000,0.0089517729
0.0000000000,0.0089838151
0.0000000000,0.0090084272
0.0000000000,0.0090145189
0.0000000000,0.0090153925
0.0000000000,0.0090345647
0.0000000000,0.0090372078
0.0000000000,0.0090372898
0.0000000000,0.0090464260
0.0000000000,0.0090790093
0.0000000000,0.0090949358
0.0000000000,0.0091031436
0.0000000000,0.0091716219
0.0000000000,0.0091786254
0.0000000000,0.0091881221
0.0000000000,0.0092101162
0.0000000000,0.0092160320
0.0000000000,0.0092372792
0.0000000000,0.0092504723
0.0000000000,0.0092517110
0.0000000000,0.0092546018
0.0000000000,0.0092861122
0.0000000000,0.0092908759
0.0000000000,0.0092915120
0.0000000000,0.0093014082
0.0000000000,0.0093051922
0.0000000000,0.0093287919
0.0000000000,0.0093550393
0.0000000000,0.0093610892
0.0000000000,0.0093793804
0.0000000000,0.0093829231
0.0000000000,0.0093925428
0.0000000000,0.0094003091
0.0000000000,0.0094186673
0.0000000000,0.0094189793
0.0000000000,0.0094266431
0.0000000000,0.0094383908
0.0000000000,0.0094450349
0.0000000000,0.0094503975
0.0000000000,0.0094542149
0.0000000000,0.0094965957
0.0000000000,0.0095140561
0.0000000000,0.0095146298
0.0000000000,0.0095275799
0.0000000000,0.0095394738
0.0000000000,0.0095832385
0.0000000000,0.0096083358
0.0000000000,0.0096313469
0.0000000000,0.0096364981
0.0000000000,0.0096411016
0.0000000000,0.0096547268
0.0000000000,0.0096727088
0.0000000000,0.0096959108
0.0000000000,0.0097043896
0.0000000000,0.0097349752
0.0000000000,0.0097570159
0.0000000000,0.0097718826
0.0000000000,0.0097873900
0.0000000000,0.0098197479
0.0000000000,0.0098225549
0.0000000000,0.0098324139
0.0000000000,0.0098378574
0.0000000000,0.0098403236
0.0000000000,0.0098912222
0.0000000000,0.0099177295
0.0000000000,0.0099319620
0.0000000000,0.0099395532
0.0000000000,0.0099596679
0.0000000000,0.0099620335
0.0000000000,0.0099637741
0.0000000000,0.0099867787
0.0000000000,0.0099960957
0.0000000000,0.0099962745
0.0000000000,0.0101060057
0.0000000000,0.0101133445
0.0000000000,0.0101177348
0.0000000000,0.0101238508
0.0000000000,0.0101348730
0.0000000000,0.0101525718
0.0000000000,0.0101780025
0.0000000000,0.0102031725
0.0000000000,0.0102087306
0.0000000000,0.0102281980
0.0000000000,0.0102387639
0.0000000000,0.0102477586
0.0000000000,0.0103073278
0.0000000000,0.0103088925
0.0000000000,0.0103154089
0.0000000000,0.0103174830
0.0000000000,0.0103318701
0.0000000000,0.0103464844
0.0000000000,0.0103603965
0.0000000000,0.0103922859
0.0000000000,0.0104155131
0.0000000000,0.0104575902
0.0000000000,0.0104691824
0.0000000000,0.0104830032
0.0000000000,0.0105205383
0.0000000000,0.0105365040
0.0000000000,0.0105790133
0.0000000000,0.0105831688
0.0000000000,0.0105892988
0.0000000000,0.0105941677
0.0000000000,0.0106352381
0.0000000000,0.0106459316
0.0000000000,0.0106553044
0.0000000000,0.0106711416
0.0000000000,0.0106717208
0.0000000000,0.0106729455
0.0000000000,0.0106751248
0.0000000000,0.0107040284
0.0000000000,0.0107178669
0.0000000000,0.0107186399
0.0000000000,0.0107224565
0.0000000000,0.0107395640
0.0000000000,0.0107423291
0.0000000000,0.0107678557
0.0000000000,0.0108069796
0.0000000000,0.0108085563
0.0000000000,0.0108265430
0.0000000000,0.0108409254
0.0000000000,0.0108457645
0.0000000000,0.0108678928
0.0000000000,0.0108723044
0.0000000000,0.0109056020
0.0000000000,0.0109093068
0.0000000000,0.0109281261
0.0000000000,0.0109387133
0.0000000000,0.0109633002
0.0000000000,0.0109659741
0.0000000000,0.0109673962
0.0000000000,0.0109854210
0.0000000000,0.0110084796
0.0000000000,0.0110504311
0.0000000000,0.0110545857
0.0000000000,0.0110758850
0.0000000000,0.0110888649
0.0000000000,0.0110897198
0.0000000000,0.0110981204
0.0000000000,0.0110996971
0.0000000000,0.0111137237
0.0000000000,0.0111319246
0.0000000000,0.0111790169
0.0000000000,0.0111909853
0.0000000000,0.0112016089
0.0000000000,0.0112303672
0.0000000000,0.0112417759
0.0000000000,0.0112426681
0.0000000000,0.0112628192
0.0000000000,0.0112651531
0.0000000000,0.0112667205
0.0000000000,0.0112969633
0.0000000000,0.0113052558
0.0000000000,0.0113173248
0.0000000000,0.0113287242
0.0000000000,0.0113425795
0.0000000000,0.0113776848
0.0000000000,0.0113779735
0.0000000000,0.0113795083
0.0000000000,0.0113900397
0.0000000000,0.0113908201
0.0000000000,0.0113914423
0.0000000000,0.0114259999
0.0000000000,0.0114300689
0.0000000000,0.0114381220
0.0000000000,0.0114629362
0.0000000000,0.0114801982
0.0000000000,0.0114874979
0.0000000000,0.0115328059
0.0000000000,0.0115558058
0.0000000000,0.0115624694
0.0000000000,0.0115745803
0.0000000000,0.0115748011
0.0000000000,0.0115784174
0.0000000000,0.0115787964
0.0000000000,0.0115951393
0.0000000000,0.0116104735
0.0000000000,0.0116191776
0.0000000000,0.0116389114
0.0000000000,0.0116436025
0.0000000000,0.0116672311
0.0000000000,0.0116768703
0.0000000000,0.0116958981
0.0000000000,0.0117678018
0.0000000000,0.0117981425
0.0000000000,0.0118107637
0.0000000000,0.0118318563
0.0000000000,0.0118486853
0.0000000000,0.0118691269
0.0000000000,0.0118709076
0.0000000000,0.0119030345
0.0000000000,0.0119139040
0.0000000000,0.0119151212
0.0000000000,0.0119422600
0.0000000000,0.0119733838
0.0000000000,0.0119762141
0.0000000000,0.0120026497
0.0000000000,0.0120217493
0.0000000000,0.0120255006
0.0000000000,0.0120432181
0.0000000000,0.0121007459
0.0000000000,0.0121444240
0.0000000000,0.0121560162
0.0000000000,0.0121921729
0.0000000000,0.0121928034
0.0000000000,0.0121952426
0.0000000000,0.0122026149
0.0000000000,0.0122091649
0.0000000000,0.0122169163
0.0000000000,0.0122283362
0.0000000000,0.0122362012
0.0000000000,0.0122492425
0.0000000000,0.0122608989
0.0000000000,0.0123116653
0.0000000000,0.0123237325
0.0000000000,0.0123377489
0.0000000000,0.0123515967
0.0000000000,0.0123625295
0.0000000000,0.0124317817
0.0000000000,0.0124355257
0.0000000000,0.0124375774
0.0000000000,0.0124483928
0.0000000000,0.0124521526
0.0000000000,0.0124584986
0.0000000000,0.0124758314
0.0000000000,0.0124769136
0.0000000000,0.0124857733
0.0000000000,0.0124999247
0.0000000000,0.0125176013
0.0000000000,0.0125185633
0.0000000000,0.0125193391
0.0000000000,0.0125390859
0.0000000000,0.0125581808
0.0000000000,0.0125877038
0.0000000000,0.0125945071
0.0000000000,0.0126029123
0.0000000000,0.0126438998
0.0000000000,0.0126682920
0.0000000000,0.0126802269
0.0000000000,0.0127233136
0.0000000000,0.0127255293
0.0000000000,0.0127269179
0.0000000000,0.0127270874
0.0000000000,0.0127273761
0.0000000000,0.0127275400
0.0000000000,0.0127452184
0.0000000000,0.0127660744
0.0000000000,0.0128293158
0.0000000000,0.0128502995
0.0000000000,0.0128568057
0.0000000000,0.0128570525
0.0000000000,0.0128589403
0.0000000000,0.0128699150
0.0000000000,0.0128851682
0.0000000000,0.0129001411
0.0000000000,0.0129446173
0.0000000000,0.0129906945
0.0000000000,0.0129925050
0.0000000000,0.0129951537
0.0000000000,0.0130256498
0.0000000000,0.0130387526
0.0000000000,0.0130433878
0.0000000000,0.0130591700
0.0000000000,0.0130632296
0.0000000000,0.0130722243
0.0000000000,0.0130787017
0.0000000000,0.0131196901
0.0000000000,0.0131261107
0.0000000000,0.0131263370
0.0000000000,0.0131271062
0.0000000000,0.0131366756
0.0000000000,0.0131398272
0.0000000000,0.0131718079
0.0000000000,0.0131725054
0.0000000000,0.0131871533
0.0000000000,0.0131922252
0.0000000000,0.0132184755
0.0000000000,0.0132434759
0.0000000000,0.0132643757
0.0000000000,0.0132737057
0.0000000000,0.0132973827
0.0000000000,0.0133638065
0.0000000000,0.0133870617
0.0000000000,0.0134036364
0.0000000000,0.0134077519
0.0000000000,0.0134239737
0.0000000000,0.0134442151
0.0000000000,0.0134448204
0.0000000000,0.0134503273
0.0000000000,0.0135284215
0.0000000000,0.0135480212
0.0000000000,0.0135649303
0.0000000000,0.0135977622
0.0000000000,0.0136042498
0.0000000000,0.0136070298
0.0000000000,0.0136491293
0.0000000000,0.0136827277
0.0000000000,0.0136877503
0.0000000000,0.0136882039
0.0000000000,0.0137077998
0.0000000000,0.0137272384
0.0000000000,0.0137404976
0.0000000000,0.0137693081
0.0000000000,0.0138121061
0.0000000000,0.0138530200
0.0000000000,0.0138561437
0.0000000000,0.0139043434
0.0000000000,0.0139066475
0.0000000000,0.0139139602
0.0000000000,0.0139273452
0.0000000000,0.0139374137
0.0000000000,0.0139645627
0.0000000000,0.0139845079
0.0000000000,0.0140143381
0.0000000000,0.0140247000
0.0000000000,0.0140439989
0.0000000000,0.0140481899
0.0000000000,0.0140672559
0.0000000000,0.0140846558
0.0000000000,0.0140921893
0.0000000000,0.0140964100
0.0000000000,0.0140997814
0.0000000000,0.0141328918
0.0000000000,0.0141595993
0.0000000000,0.0141737601
0.0000000000,0.0141878230
0.0000000000,0.0142018450
0.0000000000,0.0142182261
0.0000000000,0.0142371496
0.0000000000,0.0142713077
0.0000000000,0.0142775113
0.0000000000,0.0142876329
0.0000000000,0.0142929293
0.0000000000,0.0143351937
0.0000000000,0.0143468399
0.0000000000,0.0143628269
0.0000000000,0.0144005157
0.0000000000,0.0144180628
0.0000000000,0.0144298635
0.0000000000,0.0144363726
0.0000000000,0.0144559518
0.0000000000,0.0144604631
0.0000000000,0.0144643122
0.0000000000,0.0144896014
0.0000000000,0.0145040490
0.0000000000,0.0145161832
0.0000000000,0.0145375337
0.0000000000,0.0145380823
0.0000000000,0.0145391505
0.0000000000,0.0145411035
0.0000000000,0.0145464092
0.0000000000,0.0145631908
0.0000000000,0.0145640243
0.0000000000,0.0145654874
0.0000000000,0.0146119893
0.0000000000,0.0146418000
0.0000000000,0.0146551002
0.0000000000,0.0146683985
0.0000000000,0.0146711227
0.0000000000,0.0146816783
0.0000000000,0.0146911237
0.0000000000,0.0146979466
0.0000000000,0.0146993175
0.0000000000,0.0147038661
0.0000000000,0.0147043625
0.0000000000,0.0147126270
0.0000000000,0.0147354957
0.0000000000,0.0147972787
0.0000000000,0.0147981895
0.0000000000,0.0148520293
0.0000000000,0.0148721719
0.0000000000,0.0148821734
0.0000000000,0.0148915015
0.0000000000,0.0149356434
0.0000000000,0.0149456048
0.0000000000,0.0149518875
0.0000000000,0.0149532882
0.0000000000,0.0149589935
0.0000000000,0.0149606047
0.0000000000,0.0149671808
0.0000000000,0.0149699515
0.0000000000,0.0149727445
0.0000000000,0.0149762668
0.0000000000,0.0149858212
0.0000000000,0.0150082046
0.0000000000,0.0150164617
0.0000000000,0.0150313741
0.0000000000,0.0150357299
0.0000000000,0.0150471246
0.0000000000,0.0151037965
0.0000000000,0.0151346866
0.0000000000,0.0151419463
0.0000000000,0.0152100660
0.0000000000,0.0152254784
0.0000000000,0.0152457589
0.0000000000,0.0152896214
0.0000000000,0.0152954524
0.0000000000,0.0153079862
0.0000000000,0.0153251598
0.0000000000,0.0153279398
0.0000000000,0.0153332185
0.0000000000,0.0153513495
0.0000000000,0.0153647335
0.0000000000,0.0153681897
0.0000000000,0.0153707070
0.0000000000,0.0153938746
0.0000000000,0.0153981270
0.0000000000,0.0154004544
0.0000000000,0.0154071786
0.0000000000,0.0154090915
0.0000000000,0.0154093876
0.0000000000,0.0154525973
0.0000000000,0.0154732931
0.0000000000,0.0154858250
0.0000000000,0.0155139156
0.0000000000,0.0155240530
0.0000000000,0.0155296521
0.0000000000,0.0155464811
0.0000000000,0.0155568710
0.0000000000,0.0155978650
0.0000000000,0.0156020895
0.0000000000,0.0156244719
0.0000000000,0.0156513844
0.0000000000,0.0156711675
0.0000000000,0.0156834107
0.0000000000,0.0156890899
0.0000000000,0.0157096088
0.0000000000,0.0157264229
0.0000000000,0.0157318041
0.0000000000,0.0157346353
0.0000000000,0.0157938972
0.0000000000,0.0158416554
0.0000000000,0.0158476625
0.0000000000,0.0158594828
0.0000000000,0.0158596095
0.0000000000,0.0158717651
0.0000000000,0.0159095768
0.0000000000,0.0159235578
0.0000000000,0.0159781426
0.0000000000,0.0159784723
0.0000000000,0.0159934219
0.0000000000,0.0159963574
0.0000000000,0.0160275698
0.0000000000,0.0160348546
0.0000000000,0.0160570536
0.0000000000,0.0160603430
0.0000000000,0.0160671584
0.0000000000,0.0160889644
0.0000000000,0.0160961039
0.0000000000,0.0161045268
0.0000000000,0.0161160864
0.0000000000,0.0161339175
0.0000000000,0.0161700603
0.0000000000,0.0161782503
0.0000000000,0.0162064955
0.0000000000,0.0162222274
0.0000000000,0.0162676610
0.0000000000,0.0162903499
0.0000000000,0.0162952058
0.0000000000,0.0163080916
0.0000000000,0.0163320191
0.0000000000,0.0163553562
0.0000000000,0.0164136700
0.0000000000,0.0164206084
0.0000000000,0.0164943058
0.0000000000,0.0164955948
0.0000000000,0.0165025759
0.0000000000,0.0165058598
0.0000000000,0.0165124703
0.0000000000,0.0165543873
0.0000000000,0.0165869351
0.0000000000,0.0165884476
0.0000000000,0.0166079719
0.0000000000,0.0166217107
0.0000000000,0.0166308694
0.0000000000,0.0166747924
0.0000000000,0.0166789778
0.0000000000,0.0167024899
0.0000000000,0.0167084578
0.0000000000,0.0167520307
0.0000000000,0.0167944394
0.0000000000,0.0168104824
0.0000000000,0.0168116298
0.0000000000,0.0168452077
0.0000000000,0.0168482233
0.0000000000,0.0168657489
0.0000000000,0.0168838240
0.0000000000,0.0169138126
0.0000000000,0.0169452112
0.0000000000,0.0169740207
0.0000000000,0.0169773418
0.0000000000,0.0169868581
0.0000000000,0.0169888381
0.0000000000,0.0169946030
0.0000000000,0.0169979446
0.0000000000,0.0170133449
0.0000000000,0.0170420669
0.0000000000,0.0170649532
0.0000000000,0.0170790423
0.0000000000,0.0171160568
0.0000000000,0.0171185695
0.0000000000,0.0171406269
0.0000000000,0.0171573069
0.0000000000,0.0171711631
0.0000000000,0.0171852149
0.0000000000,0.0171913877
0.0000000000,0.0171945840
0.0000000000,0.0171995461
0.0000000000,0.0172292311
0.0000000000,0.0172427595
0.0000000000,0.0172621496
0.0000000000,0.0172676779
0.0000000000,0.0172728952
0.0000000000,0.0173261631
0.0000000000,0.0173578002
0.0000000000,0.0173656065
0.0000000000,0.0173746645
0.0000000000,0.0173844937
0.0000000000,0.0174111072
0.0000000000,0.0174177326
0.0000000000,0.0174258836
0.0000000000,0.0174774583
0.0000000000,0.0174813066
0.0000000000,0.0174894687
0.0000000000,0.0174971558
0.0000000000,0.0175076518
0.0000000000,0.0175155848
0.0000000000,0.0175818708
0.0000000000,0.0175855979
0.0000000000,0.0175886229
0.0000000000,0.0175893158
0.0000000000,0.0176033415
0.0000000000,0.0176172648
0.0000000000,0.0176488776
0.0000000000,0.0176627785
0.0000000000,0.0176700223
0.0000000000,0.0176954120
0.0000000000,0.0177051108
0.0000000000,0.0177077614
0.0000000000,0.0177096073
0.0000000000,0.0177263096
0.0000000000,0.0177341830
0.0000000000,0.0177424997
0.0000000000,0.0177603010
0.0000000000,0.0177610368
0.0000000000,0.0177722648
0.0000000000,0.0177843571
0.0000000000,0.0177876800
0.0000000000,0.0177936312
0.0000000000,0.0177961495
0.0000000000,0.0177972540
0.0000000000,0.0178369917
0.0000000000,0.0178506970
0.0000000000,0.0179099068
0.0000000000,0.0179368407
0.0000000000,0.0179676302
0.0000000000,0.0179790519
0.0000000000,0.0179900583
0.0000000000,0.0180290379
0.0000000000,0.0180307850
0.0000000000,0.0180431809
0.0000000000,0.0180533137
0.0000000000,0.0180627368
0.0000000000,0.0180691294
0.0000000000,0.0180744156
0.0000000000,0.0180745795
0.0000000000,0.0180770326
0.0000000000,0.0180800166
0.0000000000,0.0180928521
0.0000000000,0.0180977285
0.0000000000,0.0181089230
0.0000000000,0.0181317870
0.0000000000,0.0181629919
0.0000000000,0.0182062872
0.0000000000,0.0182115342
0.0000000000,0.0182207637
0.0000000000,0.0182704870
0.0000000000,0.0183154829
0.0000000000,0.0183160398
0.0000000000,0.0183432437
0.0000000000,0.0183572508
0.0000000000,0.0183725767
0.0000000000,0.0183760114
0.0000000000,0.0183849894
0.0000000000,0.0183904301
0.0000000000,0.0183962006
0.0000000000,0.0184202325
0.0000000000,0.0184320640
0.0000000000,0.0184353031
0.0000000000,0.0184745584
0.0000000000,0.0184787940
0.0000000000,0.0185009446
0.0000000000,0.0185830239
0.0000000000,0.0186028164
0.0000000000,0.0186409205
0.0000000000,0.0186425168
0.0000000000,0.0186428707
0.0000000000,0.0186839141
0.0000000000,0.0187288132
0.0000000000,0.0187375322
0.0000000000,0.0187587608
0.0000000000,0.0187795702
0.0000000000,0.0187832117
0.0000000000,0.0188006181
0.0000000000,0.0188373346
0.0000000000,0.0188379586
0.0000000000,0.0188499801
0.0000000000,0.0188767817
0.0000000000,0.0188865121
0.0000000000,0.0189007949
0.0000000000,0.0189084299
0.0000000000,0.0189851224
0.0000000000,0.0189867485
0.0000000000,0.0189931914
0.0000000000,0.0189968236
0.0000000000,0.0190087799
0.0000000000,0.0190292597
0.0000000000,0.0190415531
0.0000000000,0.0190539192
0.0000000000,0.0190998260
0.0000000000,0.0191042293
0.0000000000,0.0191520639
0.0000000000,0.0191664770
0.0000000000,0.0192166716
0.0000000000,0.0192523133
0.0000000000,0.0192729961
0.0000000000,0.0192822032
0.0000000000,0.0192978494
0.0000000000,0.0193039905
0.0000000000,0.0193187017
0.0000000000,0.0193426199
0.0000000000,0.0193502661
0.0000000000,0.0193828065
0.0000000000,0.0193918217
0.0000000000,0.0194287170
0.0000000000,0.0194455441
0.0000000000,0.0194648672
0.0000000000,0.0194693618
0.0000000000,0.0195140317
0.0000000000,0.0195265319
0.0000000000,0.0195368566
0.0000000000,0.0195407756
0.0000000000,0.0195420012
0.0000000000,0.0195437651
0.0000000000,0.0195659492
0.0000000000,0.0196317546
0.0000000000,0.0196394958
0.0000000000,0.0196463708
0.0000000000,0.0196648277
0.0000000000,0.0196806472
0.0000000000,0.0196819920
0.0000000000,0.0196822453
0.0000000000,0.0196991935
0.0000000000,0.0197320376
0.0000000000,0.0197398979
0.0000000000,0.0197608620
0.0000000000,0.0197706353
0.0000000000,0.0197824445
0.0000000000,0.0198639240
0.0000000000,0.0198800415
0.0000000000,0.0199068841
0.0000000000,0.0199196711
0.0000000000,0.0199247338
0.0000000000,0.0199307948
0.0000000000,0.0199493486
0.0000000000,0.0199735574
0.0000000000,0.0199845973
0.0000000000,0.0200475864
0.0000000000,0.0200790875
0.0000000000,0.0201397780
0.0000000000,0.0201774854
0.0000000000,0.0201920960
0.0000000000,0.0202124603
0.0000000000,0.0202266984
0.0000000000,0.0202477016
0.0000000000,0.0202681795
0.0000000000,0.0203051437
0.0000000000,0.0203067306
0.0000000000,0.0203129742
0.0000000000,0.0203272123
0.0000000000,0.0203582756
0.0000000000,0.0204563960
0.0000000000,0.0205884613
0.0000000000,0.0205966532
0.0000000000,0.0205992274
0.0000000000,0.0206146557
0.0000000000,0.0206177849
0.0000000000,0.0206235014
0.0000000000,0.0206260588
0.0000000000,0.0206283685
0.0000000000,0.0206929687
0.0000000000,0.0207025893
0.0000000000,0.0207484029
0.0000000000,0.0207576435
0.0000000000,0.0207845718
0.0000000000,0.0207849778
0.0000000000,0.0207861047
0.0000000000,0.0207869075
0.0000000000,0.0207887776
0.0000000000,0.0208354909
0.0000000000,0.0208544079
0.0000000000,0.0208730549
0.0000000000,0.0208815150
0.0000000000,0.0209126398
0.0000000000,0.0209875591
0.0000000000,0.0210410766
0.0000000000,0.0210531168
0.0000000000,0.0210658759
0.0000000000,0.0210956410
0.0000000000,0.0210994892
0.0000000000,0.0211048238
0.0000000000,0.0211197231
0.0000000000,0.0211580265
0.0000000000,0.0212042369
0.0000000000,0.0212131180
0.0000000000,0.0212245658
0.0000000000,0.0212371852
0.0000000000,0.0212458707
0.0000000000,0.0212752800
0.0000000000,0.0212907512
0.0000000000,0.0213106088
0.0000000000,0.0213149805
0.0000000000,0.0213341936
0.0000000000,0.0213422831
0.0000000000,0.0213434417
0.0000000000,0.0213545915
0.0000000000,0.0213917028
0.0000000000,0.0214376077
0.0000000000,0.0214846581
0.0000000000,0.0215079244
0.0000000000,0.0216139592
0.0000000000,0.0216155946
0.0000000000,0.0216384176
0.0000000000,0.0216431078
0.0000000000,0.0216634385
0.0000000000,0.0216641165
0.0000000000,0.0216645449
0.0000000000,0.0216887947
0.0000000000,0.0216915291
0.0000000000,0.0217131674
0.0000000000,0.0217304714
0.0000000000,0.0217305906
0.0000000000,0.0217482112
0.0000000000,0.0217640307
0.0000000000,0.0217812099
0.0000000000,0.0218112040
0.0000000000,0.0218186136
0.0000000000,0.0218312759
0.0000000000,0.0218352079
0.0000000000,0.0218506008
0.0000000000,0.0218657497
0.0000000000,0.0218942780
0.0000000000,0.0219057892
0.0000000000,0.0219203699
0.0000000000,0.0219229963
0.0000000000,0.0219319481
0.0000000000,0.0219665933
0.0000000000,0.0219708420
0.0000000000,0.0219803192
0.0000000000,0.0219880510
0.0000000000,0.0220079422
0.0000000000,0.0220238511
0.0000000000,0.0220366213
0.0000000000,0.0220375992
0.0000000000,0.0220504738
0.0000000000,0.0220815707
0.0000000000,0.0221018624
0.0000000000,0.0221091714
0.0000000000,0.0221387278
0.0000000000,0.0221509971
0.0000000000,0.0221516453
0.0000000000,0.0221962407
0.0000000000,0.0222158208
0.0000000000,0.0222241767
0.0000000000,0.0222350061
0.0000000000,0.0222469326
0.0000000000,0.0222651679
0.0000000000,0.0222836491
0.0000000000,0.0222906079
0.0000000000,0.0223136991
0.0000000000,0.0223165322
0.0000000000,0.0223292504
0.0000000000,0.0223305728
0.0000000000,0.0223720763
0.0000000000,0.0223752148
0.0000000000,0.0223819707
0.0000000000,0.0224032179
0.0000000000,0.0224099476
0.0000000000,0.0224140920
0.0000000000,0.0224213246
0.0000000000,0.0224588439
0.0000000000,0.0224853363
0.0000000000,0.0224873908
0.0000000000,0.0225016158
0.0000000000,0.0225334410
0.0000000000,0.0225939266
0.0000000000,0.0226466954
0.0000000000,0.0226574484
0.0000000000,0.0227149948
0.0000000000,0.0227553695
0.0000000000,0.0227559470
0.0000000000,0.0227816403
0.0000000000,0.0228061453
0.0000000000,0.0228320621
0.0000000000,0.0228374060
0.0000000000,0.0228470173
0.0000000000,0.0228626952
0.0000000000,0.0228743926
0.0000000000,0.0228762440
0.0000000000,0.0229745638
0.0000000000,0.0229896437
0.0000000000,0.0230155792
0.0000000000,0.0230216086
0.0000000000,0.0230891947
0.0000000000,0.0231249388
0.0000000000,0.0231359843
0.0000000000,0.0231488403
0.0000000000,0.0232209470
0.0000000000,0.0232431740
0.0000000000,0.0232778229
0.0000000000,0.0232872050
0.0000000000,0.0232913755
0.0000000000,0.0234126803
0.0000000000,0.0234190058
0.0000000000,0.0235035345
0.0000000000,0.0235168114
0.0000000000,0.0235345047
0.0000000000,0.0235682279
0.0000000000,0.0235997122
0.0000000000,0.0236109477
0.0000000000,0.0236215275
0.0000000000,0.0236637127
0.0000000000,0.0236752667
0.0000000000,0.0236798562
0.0000000000,0.0236818921
0.0000000000,0.0236850455
0.0000000000,0.0236973707
0.0000000000,0.0237013698
0.0000000000,0.0237132479
0.0000000000,0.0237196498
0.0000000000,0.0237255972
0.0000000000,0.0238060690
0.0000000000,0.0238278080
0.0000000000,0.0238454454
0.0000000000,0.0238556359
0.0000000000,0.0238845199
0.0000000000,0.0239160098
0.0000000000,0.0239336062
0.0000000000,0.0239339024
0.0000000000,0.0239467677
0.0000000000,0.0239677355
0.0000000000,0.0240251981
0.0000000000,0.0240434986
0.0000000000,0.0240510013
0.0000000000,0.0240794811
0.0000000000,0.0240864363
0.0000000000,0.0240894463
0.0000000000,0.0241460297
0.0000000000,0.0241494868
0.0000000000,0.0241542235
0.0000000000,0.0241697878
0.0000000000,0.0241806433
0.0000000000,0.0241865721
0.0000000000,0.0242333133
0.0000000000,0.0242768340
0.0000000000,0.0242888480
0.0000000000,0.0243419055
0.0000000000,0.0243462287
0.0000000000,0.0244035348
0.0000000000,0.0244052298
0.0000000000,0.0244376566
0.0000000000,0.0244984850
0.0000000000,0.0244988315
0.0000000000,0.0245126560
0.0000000000,0.0245148595
0.0000000000,0.0245217979
0.0000000000,0.0245369859
0.0000000000,0.0245766342
0.0000000000,0.0245907921
0.0000000000,0.0246012993
0.0000000000,0.0246149059
0.0000000000,0.0246474650
0.0000000000,0.0246655382
0.0000000000,0.0246994048
0.0000000000,0.0247194041
0.0000000000,0.0247301776
0.0000000000,0.0247320216
0.0000000000,0.0247538276
0.0000000000,0.0247720666
0.0000000000,0.0247931089
0.0000000000,0.0248166416
0.0000000000,0.0248967856
0.0000000000,0.0249043051
0.0000000000,0.0249089375
0.0000000000,0.0249124020
0.0000000000,0.0249264147
0.0000000000,0.0249391198
0.0000000000,0.0249673612
0.0000000000,0.0250158086
0.0000000000,0.0250210185
0.0000000000,0.0250352025
0.0000000000,0.0250386782
0.0000000000,0.0250683371
0.0000000000,0.0251370240
0.0000000000,0.0251678862
0.0000000000,0.0251890142
0.0000000000,0.0252058245
0.0000000000,0.0252615791
0.0000000000,0.0253372788
0.0000000000,0.0253996104
0.0000000000,0.0254466273
0.0000000000,0.0254510585
0.0000000000,0.0254550800
0.0000000000,0.0254636332
0.0000000000,0.0255689062
0.0000000000,0.0256267078
0.0000000000,0.0256729759
0.0000000000,0.0256750826
0.0000000000,0.0256974753
0.0000000000,0.0257437546
0.0000000000,0.0257475842
0.0000000000,0.0257703364
0.0000000000,0.0258070361
0.0000000000,0.0259178095
0.0000000000,0.0259288121
0.0000000000,0.0259962436
0.0000000000,0.0260665119
0.0000000000,0.0262393802
0.0000000000,0.0262522213
0.0000000000,0.0262542125
0.0000000000,0.0263450108
0.0000000000,0.0263903402
0.0000000000,0.0264369510
0.0000000000,0.0265287515
0.0000000000,0.0265555568
0.0000000000,0.0265693273
0.0000000000,0.0265768059
0.0000000000,0.0265784059
0.0000000000,0.0265813190
0.0000000000,0.0266395304
0.0000000000,0.0267111380
0.0000000000,0.0267297551
0.0000000000,0.0267564859
0.0000000000,0.0268004853
0.0000000000,0.0268115923
0.0000000000,0.0268155038
0.0000000000,0.0268342160
0.0000000000,0.0268479474
0.0000000000,0.0268884301
0.0000000000,0.0269020814
0.0000000000,0.0270314030
0.0000000000,0.0270508602
0.0000000000,0.0270568430
0.0000000000,0.0270961504
0.0000000000,0.0272084996
0.0000000000,0.0272372235
0.0000000000,0.0272519141
0.0000000000,0.0272728167
0.0000000000,0.0272956658
0.0000000000,0.0273248795
0.0000000000,0.0274535026
0.0000000000,0.0274772607
0.0000000000,0.0275101159
0.0000000000,0.0275274199
0.0000000000,0.0275499411
0.0000000000,0.0276150759
0.0000000000,0.0276680179
0.0000000000,0.0277049486
0.0000000000,0.0277084634
0.0000000000,0.0277216695
0.0000000000,0.0277427807
0.0000000000,0.0278686248
0.0000000000,0.0278748274
0.0000000000,0.0279291254
0.0000000000,0.0280052759
0.0000000000,0.0280140731
0.0000000000,0.0280495845
0.0000000000,0.0281113330
0.0000000000,0.0281935558
0.0000000000,0.0282444749
0.0000000000,0.0283457004
0.0000000000,0.0283756461
0.0000000000,0.0284001306
0.0000000000,0.0285298228
0.0000000000,0.0285691991
0.0000000000,0.0285995174
0.0000000000,0.0286160149
0.0000000000,0.0286258534
0.0000000000,0.0286541972
0.0000000000,0.0286618061
0.0000000000,0.0288597271
0.0000000000,0.0288951397
0.0000000000,0.0289332103
0.0000000000,0.0290750675
0.0000000000,0.0293343347
0.0000000000,0.0293607954
0.0000000000,0.0293706637
0.0000000000,0.0293913260
0.0000000000,0.0294167995
0.0000000000,0.0295030456
0.0000000000,0.0296236314
0.0000000000,0.0296649132
0.0000000000,0.0297435876
0.0000000000,0.0297643468
0.0000000000,0.0297671258
0.0000000000,0.0297695659
0.0000000000,0.0297779236
0.0000000000,0.0298364814
0.0000000000,0.0299037751
0.0000000000,0.0299065765
0.0000000000,0.0299133379
0.0000000000,0.0299230441
0.0000000000,0.0299454890
0.0000000000,0.0299507231
0.0000000000,0.0301307812
0.0000000000,0.0302838925
0.0000000000,0.0302890316
0.0000000000,0.0303555001
0.0000000000,0.0304139331
0.0000000000,0.0304509569
0.0000000000,0.0306503195
0.0000000000,0.0308009088
0.0000000000,0.0308179017
0.0000000000,0.0308383796
0.0000000000,0.0310929623
0.0000000000,0.0311116911
0.0000000000,0.0311137419
0.0000000000,0.0311430879
0.0000000000,0.0312041789
0.0000000000,0.0312480852
0.0000000000,0.0313423350
0.0000000000,0.0313814133
0.0000000000,0.0314630978
0.0000000000,0.0314679220
0.0000000000,0.0314692706
0.0000000000,0.0314890221
0.0000000000,0.0316079445
0.0000000000,0.0317014083
0.0000000000,0.0317192189
0.0000000000,0.0317949615
0.0000000000,0.0318802297
0.0000000000,0.0319549441
0.0000000000,0.0321206860
0.0000000000,0.0323251598
0.0000000000,0.0326640382
0.0000000000,0.0326837078
0.0000000000,0.0327743664
0.0000000000,0.0328273401
0.0000000000,0.0330190770
0.0000000000,0.0331738703
0.0000000000,0.0332434215
0.0000000000,0.0333874635
0.0000000000,0.0334049799
0.0000000000,0.0334052667
0.0000000000,0.0336701609
0.0000000000,0.0337492116
0.0000000000,0.0339078121
0.0000000000,0.0339480415
0.0000000000,0.0339776762
0.0000000000,0.0340266898
0.0000000000,0.0340900682
0.0000000000,0.0342812538
0.0000000000,0.0342855901
0.0000000000,0.0343841948
0.0000000000,0.0343891680
0.0000000000,0.0344000608
0.0000000000,0.0344079658
0.0000000000,0.0344242007
0.0000000000,0.0344738886
0.0000000000,0.0346281640
0.0000000000,0.0348222144
0.0000000000,0.0351637416
0.0000000000,0.0352435112
0.0000000000,0.0353354923
0.0000000000,0.0355745107
0.0000000000,0.0358225144
0.0000000000,0.0358535387
0.0000000000,0.0358681269
0.0000000000,0.0360505022
0.0000000000,0.0361587405
0.0000000000,0.0362783112
0.0000000000,0.0363492444
0.0000000000,0.0364681855
0.0000000000,0.0366190337
0.0000000000,0.0378869958
0.0000000000,0.0381727144
0.0000000000,0.0383063033
0.0000000000,0.0383329540
0.0000000000,0.0386886559
0.0000000000,0.0389707088
0.0000000000,0.0390692428
0.0000000000,0.0391019620
0.0000000000,0.0394162908
0.0000000000,0.0395597294
0.0000000000,0.0395634100
0.0000000000,0.0397406071
0.0000000000,0.0397659391
0.0000000000,0.0418664403
0.0000000000,0.0426056571
0.0000000000,0.0432104729
0.0000000000,0.0432264097
0.0000000000,0.0457487851
0.0000000000,0.0458151363
0.0000000000,0.0459685475
0.0000000000,0.0513459519
0.0000000000,0.0577902794
0.0000000000,       inf
