0.0000000000,0.0001298551
0.0000000000,0.0002597102
0.0000000000,0.0004290589
0.0000000000,0.0005194203
0.0000000000,0.0007927222
0.0000000000,0.0008581178
0.0000000000,0.0008843768
0.0000000000,0.0010296671
0.0000000000,0.0010388406
0.0000000000,0.0012457853
0.0000000000,0.0014287707
0.0000000000,0.0015718768
0.0000000000,0.0015735090
0.0000000000,0.0015744955
0.0000000000,0.0015854443
0.0000000000,0.0015932503
0.0000000000,0.0016782536
0.0000000000,0.0017162357
0.0000000000,0.0017310580
0.0000000000,0.0017687536
0.0000000000,0.0018171592
0.0000000000,0.0018696720
0.0000000000,0.0018912412
0.0000000000,0.0019807839
0.0000000000,0.0020114114
0.0000000000,0.0020457911
0.0000000000,0.0020593342
0.0000000000,0.0020776812
0.0000000000,0.0021991034
0.0000000000,0.0021992377
0.0000000000,0.0023414395
0.0000000000,0.0024310681
0.0000000000,0.0024426419
0.0000000000,0.0024854471
0.0000000000,0.0024915705
0.0000000000,0.0025102952
0.0000000000,0.0025892134
0.0000000000,0.0026536174
0.0000000000,0.0027351559
0.0000000000,0.0027652883
0.0000000000,0.0027745694
0.0000000000,0.0028575414
0.0000000000,0.0029066622
0.0000000000,0.0029617364
0.0000000000,0.0029645513
0.0000000000,0.0029708776
0.0000000000,0.0029822758
0.0000000000,0.0030135179
0.0000000000,0.0030560249
0.0000000000,0.0031136293
0.0000000000,0.0031397163
0.0000000000,0.0031437536
0.0000000000,0.0031470179
0.0000000000,0.0031489909
0.0000000000,0.0031560650
0.0000000000,0.0031708886
0.0000000000,0.0031865006
0.0000000000,0.0033565073
0.0000000000,0.0033623001
0.0000000000,0.0034324713
0.0000000000,0.0034621160
0.0000000000,0.0034688457
0.0000000000,0.0035009792
0.0000000000,0.0035375073
0.0000000000,0.0035568606
0.0000000000,0.0036397178
0.0000000000,0.0037393440
0.0000000000,0.0037589783
0.0000000000,0.0037824824
0.0000000000,0.0038151278
0.0000000000,0.0038884182
0.0000000000,0.0039409990
0.0000000000,0.0039615678
0.0000000000,0.0039755050
0.0000000000,0.0040228227
0.0000000000,0.0040438240
0.0000000000,0.0040493836
0.0000000000,0.0040915823
0.0000000000,0.0041186684
0.0000000000,0.0041553625
0.0000000000,0.0041797156
0.0000000000,0.0042307219
0.0000000000,0.0042835646
0.0000000000,0.0043194462
0.0000000000,0.0043328898
0.0000000000,0.0043982067
0.0000000000,0.0043984754
0.0000000000,0.0044041974
0.0000000000,0.0044239545
0.0000000000,0.0044636838
0.0000000000,0.0044962089
0.0000000000,0.0045247548
0.0000000000,0.0045273369
0.0000000000,0.0045646913
0.0000000000,0.0045647565
0.0000000000,0.0045799469
0.0000000000,0.0045806575
0.0000000000,0.0045892298
0.0000000000,0.0046354150
0.0000000000,0.0046455297
0.0000000000,0.0046776524
0.0000000000,0.0047324020
0.0000000000,0.0047626854
0.0000000000,0.0048111579
0.0000000000,0.0048329001
0.0000000000,0.0048621362
0.0000000000,0.0048670806
0.0000000000,0.0048852838
0.0000000000,0.0048942566
0.0000000000,0.0049708942
0.0000000000,0.0049831411
0.0000000000,0.0050205905
0.0000000000,0.0050556851
0.0000000000,0.0050616590
0.0000000000,0.0051272530
0.0000000000,0.0051720636
0.0000000000,0.0051784269
0.0000000000,0.0051886463
0.0000000000,0.0052187974
0.0000000000,0.0052237324
0.0000000000,0.0052321400
0.0000000000,0.0052328971
0.0000000000,0.0052640107
0.0000000000,0.0052778129
0.0000000000,0.0052815964
0.0000000000,0.0052861208
0.0000000000,0.0052913604
0.0000000000,0.0053031561
0.0000000000,0.0053072348
0.0000000000,0.0053544887
0.0000000000,0.0053896247
0.0000000000,0.0053990060
0.0000000000,0.0054245424
0.0000000000,0.0054378514
0.0000000000,0.0054703117
0.0000000000,0.0054961797
0.0000000000,0.0055305767
0.0000000000,0.0055348510
0.0000000000,0.0055491389
0.0000000000,0.0055821147
0.0000000000,0.0055840705
0.0000000000,0.0055854181
0.0000000000,0.0056089624
0.0000000000,0.0056584827
0.0000000000,0.0057150829
0.0000000000,0.0057210545
0.0000000000,0.0058133244
0.0000000000,0.0058884984
0.0000000000,0.0059234728
0.0000000000,0.0059295353
0.0000000000,0.0059417551
0.0000000000,0.0059645516
0.0000000000,0.0060168277
0.0000000000,0.0060270359
0.0000000000,0.0060731131
0.0000000000,0.0061120498
0.0000000000,0.0061309435
0.0000000000,0.0061361473
0.0000000000,0.0061707259
0.0000000000,0.0062045711
0.0000000000,0.0062272586
0.0000000000,0.0062514041
0.0000000000,0.0062738117
0.0000000000,0.0062794327
0.0000000000,0.0062940358
0.0000000000,0.0062979818
0.0000000000,0.0062990538
0.0000000000,0.0062998240
0.0000000000,0.0063096699
0.0000000000,0.0063121300
0.0000000000,0.0063417773
0.0000000000,0.0063727377
0.0000000000,0.0063730013
0.0000000000,0.0063794353
0.0000000000,0.0063816137
0.0000000000,0.0063932072
0.0000000000,0.0064036474
0.0000000000,0.0064052395
0.0000000000,0.0064512338
0.0000000000,0.0065532895
0.0000000000,0.0065981569
0.0000000000,0.0066129132
0.0000000000,0.0066197743
0.0000000000,0.0066295476
0.0000000000,0.0066351425
0.0000000000,0.0066459598
0.0000000000,0.0066656796
0.0000000000,0.0066852467
0.0000000000,0.0067026848
0.0000000000,0.0067039286
0.0000000000,0.0067246002
0.0000000000,0.0067356527
0.0000000000,0.0067357095
0.0000000000,0.0067372266
0.0000000000,0.0068273935
0.0000000000,0.0068307412
0.0000000000,0.0068649426
0.0000000000,0.0068885703
0.0000000000,0.0069079124
0.0000000000,0.0069096214
0.0000000000,0.0069242320
0.0000000000,0.0069827940
0.0000000000,0.0070019583
0.0000000000,0.0070261057
0.0000000000,0.0070276246
0.0000000000,0.0070352079
0.0000000000,0.0070750145
0.0000000000,0.0071932739
0.0000000000,0.0072090044
0.0000000000,0.0072238669
0.0000000000,0.0072253570
0.0000000000,0.0072312718
0.0000000000,0.0072794356
0.0000000000,0.0072898390
0.0000000000,0.0072938907
0.0000000000,0.0073130382
0.0000000000,0.0073269024
0.0000000000,0.0073399120
0.0000000000,0.0073873415
0.0000000000,0.0074426662
0.0000000000,0.0074451421
0.0000000000,0.0074456232
0.0000000000,0.0074596265
0.0000000000,0.0074786879
0.0000000000,0.0074904859
0.0000000000,0.0075179567
0.0000000000,0.0075649647
0.0000000000,0.0075736837
0.0000000000,0.0075797942
0.0000000000,0.0075919759
0.0000000000,0.0076210960
0.0000000000,0.0076262448
0.0000000000,0.0076302555
0.0000000000,0.0076564662
0.0000000000,0.0076593393
0.0000000000,0.0076673790
0.0000000000,0.0077017136
0.0000000000,0.0077097774
0.0000000000,0.0077455263
0.0000000000,0.0077669644
0.0000000000,0.0077691060
0.0000000000,0.0077768364
0.0000000000,0.0077829589
0.0000000000,0.0077932407
0.0000000000,0.0077983518
0.0000000000,0.0078123044
0.0000000000,0.0078167748
0.0000000000,0.0078253327
0.0000000000,0.0078603085
0.0000000000,0.0078666070
0.0000000000,0.0078774011
0.0000000000,0.0078790523
0.0000000000,0.0078819981
0.0000000000,0.0079150340
0.0000000000,0.0079218745
0.0000000000,0.0079231355
0.0000000000,0.0079290178
0.0000000000,0.0079371165
0.0000000000,0.0079510100
0.0000000000,0.0079706432
0.0000000000,0.0079825092
0.0000000000,0.0080456454
0.0000000000,0.0080876481
0.0000000000,0.0081235496
0.0000000000,0.0081242090
0.0000000000,0.0081319846
0.0000000000,0.0081410566
0.0000000000,0.0081803491
0.0000000000,0.0081831645
0.0000000000,0.0082076285
0.0000000000,0.0082360711
0.0000000000,0.0082373368
0.0000000000,0.0082489830
0.0000000000,0.0082579199
0.0000000000,0.0083107250
0.0000000000,0.0083443560
0.0000000000,0.0083453879
0.0000000000,0.0083458358
0.0000000000,0.0083471956
0.0000000000,0.0083594313
0.0000000000,0.0083662095
0.0000000000,0.0083746025
0.0000000000,0.0083950534
0.0000000000,0.0084024929
0.0000000000,0.0084363353
0.0000000000,0.0084614437
0.0000000000,0.0084765516
0.0000000000,0.0084928917
0.0000000000,0.0085180998
0.0000000000,0.0085663199
0.0000000000,0.0085671293
0.0000000000,0.0085726390
0.0000000000,0.0085771251
0.0000000000,0.0085776988
0.0000000000,0.0086388923
0.0000000000,0.0086456705
0.0000000000,0.0086657796
0.0000000000,0.0086746681
0.0000000000,0.0086754225
0.0000000000,0.0087179206
0.0000000000,0.0087896828
0.0000000000,0.0087969508
0.0000000000,0.0088268267
0.0000000000,0.0088286847
0.0000000000,0.0088479090
0.0000000000,0.0088613797
0.0000000000,0.0089273676
0.0000000000,0.0089320084
0.0000000000,0.0089524547
0.0000000000,0.0089663630
0.0000000000,0.0089924177
0.0000000000,0.0090096677
0.0000000000,0.0090114931
0.0000000000,0.0090357745
0.0000000000,0.0090397131
0.0000000000,0.0090495097
0.0000000000,0.0090546738
0.0000000000,0.0090779485
0.0000000000,0.0090783639
0.0000000000,0.0090900306
0.0000000000,0.0090964120
0.0000000000,0.0091295131
0.0000000000,0.0091385040
0.0000000000,0.0091445912
0.0000000000,0.0091483714
0.0000000000,0.0091598937
0.0000000000,0.0091613149
0.0000000000,0.0091652432
0.0000000000,0.0091784596
0.0000000000,0.0092199417
0.0000000000,0.0092642456
0.0000000000,0.0092708301
0.0000000000,0.0092910593
0.0000000000,0.0093099568
0.0000000000,0.0093100453
0.0000000000,0.0093147643
0.0000000000,0.0093393698
0.0000000000,0.0093578091
0.0000000000,0.0093713207
0.0000000000,0.0093825115
0.0000000000,0.0094446847
0.0000000000,0.0094575090
0.0000000000,0.0094648041
0.0000000000,0.0094770072
0.0000000000,0.0095234988
0.0000000000,0.0095508331
0.0000000000,0.0095946332
0.0000000000,0.0095970910
0.0000000000,0.0096055046
0.0000000000,0.0096223159
0.0000000000,0.0096255681
0.0000000000,0.0096369106
0.0000000000,0.0096409451
0.0000000000,0.0096564395
0.0000000000,0.0096658003
0.0000000000,0.0096662752
0.0000000000,0.0096930321
0.0000000000,0.0097267674
0.0000000000,0.0097341612
0.0000000000,0.0097705675
0.0000000000,0.0097885132
0.0000000000,0.0098256478
0.0000000000,0.0098276362
0.0000000000,0.0098372512
0.0000000000,0.0098577524
0.0000000000,0.0098925345
0.0000000000,0.0098968418
0.0000000000,0.0099143917
0.0000000000,0.0099385409
0.0000000000,0.0099417884
0.0000000000,0.0099811973
0.0000000000,0.0100411810
0.0000000000,0.0100639649
0.0000000000,0.0100718196
0.0000000000,0.0100936648
0.0000000000,0.0100967418
0.0000000000,0.0101060262
0.0000000000,0.0101113701
0.0000000000,0.0101233181
0.0000000000,0.0101311579
0.0000000000,0.0101357102
0.0000000000,0.0101382490
0.0000000000,0.0101515772
0.0000000000,0.0101600243
0.0000000000,0.0101632448
0.0000000000,0.0102143325
0.0000000000,0.0102545060
0.0000000000,0.0102558695
0.0000000000,0.0102935061
0.0000000000,0.0103331069
0.0000000000,0.0103392806
0.0000000000,0.0103441272
0.0000000000,0.0103495177
0.0000000000,0.0103903618
0.0000000000,0.0104474649
0.0000000000,0.0104642799
0.0000000000,0.0104661826
0.0000000000,0.0105062854
0.0000000000,0.0105252108
0.0000000000,0.0105280215
0.0000000000,0.0105284704
0.0000000000,0.0105531374
0.0000000000,0.0105556259
0.0000000000,0.0105631929
0.0000000000,0.0105753355
0.0000000000,0.0105806673
0.0000000000,0.0105827209
0.0000000000,0.0106051648
0.0000000000,0.0106063122
0.0000000000,0.0106144696
0.0000000000,0.0106831565
0.0000000000,0.0107089775
0.0000000000,0.0107422294
0.0000000000,0.0107792495
0.0000000000,0.0107980119
0.0000000000,0.0108036082
0.0000000000,0.0108757028
0.0000000000,0.0108882328
0.0000000000,0.0109323403
0.0000000000,0.0109388400
0.0000000000,0.0109406235
0.0000000000,0.0109923594
0.0000000000,0.0110183051
0.0000000000,0.0110213552
0.0000000000,0.0110294865
0.0000000000,0.0110611534
0.0000000000,0.0110846795
0.0000000000,0.0110923685
0.0000000000,0.0110982778
0.0000000000,0.0111119607
0.0000000000,0.0111256642
0.0000000000,0.0111311134
0.0000000000,0.0111355092
0.0000000000,0.0111681409
0.0000000000,0.0111708362
0.0000000000,0.0112158079
0.0000000000,0.0112179248
0.0000000000,0.0112371333
0.0000000000,0.0112417052
0.0000000000,0.0112470975
0.0000000000,0.0112478826
0.0000000000,0.0112587558
0.0000000000,0.0112647321
0.0000000000,0.0113152182
0.0000000000,0.0113169653
0.0000000000,0.0113209412
0.0000000000,0.0113217169
0.0000000000,0.0113278404
0.0000000000,0.0113761676
0.0000000000,0.0113785416
0.0000000000,0.0114245275
0.0000000000,0.0114286421
0.0000000000,0.0114301657
0.0000000000,0.0114412624
0.0000000000,0.0114421090
0.0000000000,0.0114966827
0.0000000000,0.0115038166
0.0000000000,0.0115823131
0.0000000000,0.0115838926
0.0000000000,0.0115917791
0.0000000000,0.0115937004
0.0000000000,0.0115982527
0.0000000000,0.0116144419
0.0000000000,0.0116164684
0.0000000000,0.0116266487
0.0000000000,0.0116772903
0.0000000000,0.0116831372
0.0000000000,0.0116967782
0.0000000000,0.0117082102
0.0000000000,0.0117293503
0.0000000000,0.0117481025
0.0000000000,0.0117572192
0.0000000000,0.0117769968
0.0000000000,0.0117912926
0.0000000000,0.0118286805
0.0000000000,0.0118418504
0.0000000000,0.0118469456
0.0000000000,0.0118590705
0.0000000000,0.0118835103
0.0000000000,0.0118980762
0.0000000000,0.0119137047
0.0000000000,0.0119139729
0.0000000000,0.0119349742
0.0000000000,0.0119584138
0.0000000000,0.0119630396
0.0000000000,0.0119818607
0.0000000000,0.0119838826
0.0000000000,0.0120024122
0.0000000000,0.0120181786
0.0000000000,0.0120345084
0.0000000000,0.0120396363
0.0000000000,0.0120540718
0.0000000000,0.0120826755
0.0000000000,0.0120962467
0.0000000000,0.0121058067
0.0000000000,0.0121083325
0.0000000000,0.0121181598
0.0000000000,0.0121201379
0.0000000000,0.0121396268
0.0000000000,0.0121541005
0.0000000000,0.0122240996
0.0000000000,0.0122566512
0.0000000000,0.0122618871
0.0000000000,0.0122660389
0.0000000000,0.0122722946
0.0000000000,0.0123090716
0.0000000000,0.0123186465
0.0000000000,0.0123344343
0.0000000000,0.0123484181
0.0000000000,0.0123681193
0.0000000000,0.0123774055
0.0000000000,0.0124091422
0.0000000000,0.0124355964
0.0000000000,0.0124393310
0.0000000000,0.0124545172
0.0000000000,0.0124898348
0.0000000000,0.0124982065
0.0000000000,0.0125054521
0.0000000000,0.0125088217
0.0000000000,0.0125588654
0.0000000000,0.0125733651
0.0000000000,0.0125770876
0.0000000000,0.0125826513
0.0000000000,0.0125959637
0.0000000000,0.0126193399
0.0000000000,0.0126242600
0.0000000000,0.0126452716
0.0000000000,0.0126569346
0.0000000000,0.0126588484
0.0000000000,0.0126771526
0.0000000000,0.0126835546
0.0000000000,0.0127370199
0.0000000000,0.0127460025
0.0000000000,0.0127493776
0.0000000000,0.0127541693
0.0000000000,0.0127588706
0.0000000000,0.0128035024
0.0000000000,0.0128037957
0.0000000000,0.0128072947
0.0000000000,0.0128104789
0.0000000000,0.0128522217
0.0000000000,0.0128598036
0.0000000000,0.0128606847
0.0000000000,0.0129024675
0.0000000000,0.0129067730
0.0000000000,0.0130054969
0.0000000000,0.0130219990
0.0000000000,0.0130858412
0.0000000000,0.0130920168
0.0000000000,0.0131324641
0.0000000000,0.0131475907
0.0000000000,0.0131698325
0.0000000000,0.0131963138
0.0000000000,0.0131995715
0.0000000000,0.0132254781
0.0000000000,0.0132258264
0.0000000000,0.0132273063
0.0000000000,0.0132589890
0.0000000000,0.0132590951
0.0000000000,0.0132890865
0.0000000000,0.0133031197
0.0000000000,0.0133064538
0.0000000000,0.0133313593
0.0000000000,0.0133370887
0.0000000000,0.0133583909
0.0000000000,0.0133757424
0.0000000000,0.0133926924
0.0000000000,0.0134078572
0.0000000000,0.0134201236
0.0000000000,0.0134492004
0.0000000000,0.0134713054
0.0000000000,0.0134714190
0.0000000000,0.0134719051
0.0000000000,0.0134807220
0.0000000000,0.0135222347
0.0000000000,0.0135297766
0.0000000000,0.0135438005
0.0000000000,0.0135876294
0.0000000000,0.0135932975
0.0000000000,0.0136027019
0.0000000000,0.0136261005
0.0000000000,0.0136365611
0.0000000000,0.0136614824
0.0000000000,0.0136618372
0.0000000000,0.0136904251
0.0000000000,0.0137063963
0.0000000000,0.0137298852
0.0000000000,0.0137699470
0.0000000000,0.0137700718
0.0000000000,0.0137771405
0.0000000000,0.0138010299
0.0000000000,0.0138140032
0.0000000000,0.0138158249
0.0000000000,0.0138217825
0.0000000000,0.0138245951
0.0000000000,0.0138745504
0.0000000000,0.0139107713
0.0000000000,0.0139176510
0.0000000000,0.0139219584
0.0000000000,0.0139355650
0.0000000000,0.0139466366
0.0000000000,0.0139555037
0.0000000000,0.0139597170
0.0000000000,0.0139655881
0.0000000000,0.0139757805
0.0000000000,0.0140039166
0.0000000000,0.0140123991
0.0000000000,0.0140343094
0.0000000000,0.0140344203
0.0000000000,0.0140522113
0.0000000000,0.0140552493
0.0000000000,0.0140704159
0.0000000000,0.0141069768
0.0000000000,0.0141280908
0.0000000000,0.0141323330
0.0000000000,0.0141500290
0.0000000000,0.0141733317
0.0000000000,0.0142328981
0.0000000000,0.0142382886
0.0000000000,0.0142716439
0.0000000000,0.0143030304
0.0000000000,0.0143321557
0.0000000000,0.0143394629
0.0000000000,0.0143582122
0.0000000000,0.0143769830
0.0000000000,0.0144142723
0.0000000000,0.0144238863
0.0000000000,0.0144362384
0.0000000000,0.0144477338
0.0000000000,0.0144507140
0.0000000000,0.0144625437
0.0000000000,0.0144679332
0.0000000000,0.0144876726
0.0000000000,0.0144877508
0.0000000000,0.0145147936
0.0000000000,0.0145877814
0.0000000000,0.0146267395
0.0000000000,0.0146319522
0.0000000000,0.0146345571
0.0000000000,0.0146538047
0.0000000000,0.0146691287
0.0000000000,0.0146798240
0.0000000000,0.0146842217
0.0000000000,0.0147440322
0.0000000000,0.0147746829
0.0000000000,0.0148305511
0.0000000000,0.0148910051
0.0000000000,0.0148912463
0.0000000000,0.0149186151
0.0000000000,0.0149192531
0.0000000000,0.0149447676
0.0000000000,0.0149527369
0.0000000000,0.0149809718
0.0000000000,0.0149920397
0.0000000000,0.0149975335
0.0000000000,0.0150663890
0.0000000000,0.0150691662
0.0000000000,0.0150949247
0.0000000000,0.0151354205
0.0000000000,0.0151387388
0.0000000000,0.0151473675
0.0000000000,0.0151595883
0.0000000000,0.0152076120
0.0000000000,0.0152186882
0.0000000000,0.0152292205
0.0000000000,0.0152351977
0.0000000000,0.0152371293
0.0000000000,0.0152524896
0.0000000000,0.0152685130
0.0000000000,0.0152792623
0.0000000000,0.0152937761
0.0000000000,0.0153074898
0.0000000000,0.0153091960
0.0000000000,0.0153129324
0.0000000000,0.0153137995
0.0000000000,0.0153347580
0.0000000000,0.0153494794
0.0000000000,0.0153674427
0.0000000000,0.0153818699
0.0000000000,0.0153852645
0.0000000000,0.0153924031
0.0000000000,0.0154034272
0.0000000000,0.0154146543
0.0000000000,0.0154195549
0.0000000000,0.0154228462
0.0000000000,0.0154242041
0.0000000000,0.0154272048
0.0000000000,0.0154587217
0.0000000000,0.0154910525
0.0000000000,0.0155040529
0.0000000000,0.0155339288
0.0000000000,0.0155390697
0.0000000000,0.0155659178
0.0000000000,0.0155864814
0.0000000000,0.0155967036
0.0000000000,0.0156118236
0.0000000000,0.0156335495
0.0000000000,0.0156390406
0.0000000000,0.0156643353
0.0000000000,0.0156887900
0.0000000000,0.0157206170
0.0000000000,0.0157332141
0.0000000000,0.0157485940
0.0000000000,0.0157541130
0.0000000000,0.0157548022
0.0000000000,0.0157581046
0.0000000000,0.0157607961
0.0000000000,0.0157639962
0.0000000000,0.0157661233
0.0000000000,0.0157692153
0.0000000000,0.0157708041
0.0000000000,0.0157728195
0.0000000000,0.0157792903
0.0000000000,0.0157878976
0.0000000000,0.0157914776
0.0000000000,0.0158377662
0.0000000000,0.0158437490
0.0000000000,0.0158462711
0.0000000000,0.0158697758
0.0000000000,0.0158742331
0.0000000000,0.0158928931
0.0000000000,0.0158953387
0.0000000000,0.0159089118
0.0000000000,0.0159650184
0.0000000000,0.0159731917
0.0000000000,0.0159802809
0.0000000000,0.0160020106
0.0000000000,0.0160072036
0.0000000000,0.0160653926
0.0000000000,0.0160700623
0.0000000000,0.0161003973
0.0000000000,0.0161225982
0.0000000000,0.0161432624
0.0000000000,0.0161585994
0.0000000000,0.0161670893
0.0000000000,0.0161752962
0.0000000000,0.0162049402
0.0000000000,0.0162197165
0.0000000000,0.0162311289
0.0000000000,0.0162470993
0.0000000000,0.0162484180
0.0000000000,0.0162489191
0.0000000000,0.0162639692
0.0000000000,0.0163187981
0.0000000000,0.0163330492
0.0000000000,0.0163426045
0.0000000000,0.0163606983
0.0000000000,0.0164372530
0.0000000000,0.0164660066
0.0000000000,0.0164746735
0.0000000000,0.0164979659
0.0000000000,0.0165000353
0.0000000000,0.0165065713
0.0000000000,0.0165580511
0.0000000000,0.0165581610
0.0000000000,0.0165721979
0.0000000000,0.0165738668
0.0000000000,0.0165872760
0.0000000000,0.0166433584
0.0000000000,0.0166632850
0.0000000000,0.0166887119
0.0000000000,0.0166907758
0.0000000000,0.0166916717
0.0000000000,0.0166943911
0.0000000000,0.0166996140
0.0000000000,0.0167110525
0.0000000000,0.0167324189
0.0000000000,0.0167505294
0.0000000000,0.0167700034
0.0000000000,0.0167844370
0.0000000000,0.0167901069
0.0000000000,0.0167961977
0.0000000000,0.0168049857
0.0000000000,0.0168697853
0.0000000000,0.0168726705
0.0000000000,0.0168783534
0.0000000000,0.0168973468
0.0000000000,0.0169187933
0.0000000000,0.0169285573
0.0000000000,0.0169531032
0.0000000000,0.0169641320
0.0000000000,0.0169857834
0.0000000000,0.0170110594
0.0000000000,0.0170117300
0.0000000000,0.0170230828
0.0000000000,0.0170367397
0.0000000000,0.0170590058
0.0000000000,0.0170685183
0.0000000000,0.0171054080
0.0000000000,0.0171062555
0.0000000000,0.0171141010
0.0000000000,0.0171306022
0.0000000000,0.0171326399
0.0000000000,0.0171342585
0.0000000000,0.0171457157
0.0000000000,0.0171506032
0.0000000000,0.0171553977
0.0000000000,0.0171569418
0.0000000000,0.0171622448
0.0000000000,0.0171691626
0.0000000000,0.0171860158
0.0000000000,0.0172172319
0.0000000000,0.0172458794
0.0000000000,0.0172736496
0.0000000000,0.0172777846
0.0000000000,0.0172913410
0.0000000000,0.0173148457
0.0000000000,0.0173154827
0.0000000000,0.0173267089
0.0000000000,0.0173314102
0.0000000000,0.0173315592
0.0000000000,0.0173493363
0.0000000000,0.0173503309
0.0000000000,0.0173527133
0.0000000000,0.0174127501
0.0000000000,0.0174147282
0.0000000000,0.0174314901
0.0000000000,0.0174358413
0.0000000000,0.0174395517
0.0000000000,0.0174754597
0.0000000000,0.0174936913
0.0000000000,0.0174965151
0.0000000000,0.0175097380
0.0000000000,0.0175793655
0.0000000000,0.0175939016
0.0000000000,0.0176468380
0.0000000000,0.0176519603
0.0000000000,0.0176536534
0.0000000000,0.0176573694
0.0000000000,0.0176803917
0.0000000000,0.0176880211
0.0000000000,0.0177099258
0.0000000000,0.0177197047
0.0000000000,0.0177272409
0.0000000000,0.0177301913
0.0000000000,0.0177419875
0.0000000000,0.0177543294
0.0000000000,0.0177708324
0.0000000000,0.0177741684
0.0000000000,0.0177933425
0.0000000000,0.0178262722
0.0000000000,0.0178458169
0.0000000000,0.0178505201
0.0000000000,0.0178547353
0.0000000000,0.0178640168
0.0000000000,0.0179049093
0.0000000000,0.0179327261
0.0000000000,0.0179851037
0.0000000000,0.0180193353
0.0000000000,0.0180324670
0.0000000000,0.0180715490
0.0000000000,0.0180763099
0.0000000000,0.0180911999
0.0000000000,0.0180990193
0.0000000000,0.0181472171
0.0000000000,0.0181507505
0.0000000000,0.0181513615
0.0000000000,0.0181714129
0.0000000000,0.0181742180
0.0000000000,0.0182770081
0.0000000000,0.0182770528
0.0000000000,0.0182815380
0.0000000000,0.0182967428
0.0000000000,0.0183226299
0.0000000000,0.0183351710
0.0000000000,0.0183564760
0.0000000000,0.0183569193
0.0000000000,0.0183744840
0.0000000000,0.0184138808
0.0000000000,0.0184280407
0.0000000000,0.0185284913
0.0000000000,0.0185346007
0.0000000000,0.0185416602
0.0000000000,0.0185424853
0.0000000000,0.0185683575
0.0000000000,0.0185834020
0.0000000000,0.0186051596
0.0000000000,0.0186079964
0.0000000000,0.0186178964
0.0000000000,0.0186200906
0.0000000000,0.0186295286
0.0000000000,0.0186472945
0.0000000000,0.0186946783
0.0000000000,0.0187082440
0.0000000000,0.0187426414
0.0000000000,0.0187431350
0.0000000000,0.0187459942
0.0000000000,0.0187650230
0.0000000000,0.0187859721
0.0000000000,0.0187963583
0.0000000000,0.0188089553
0.0000000000,0.0188314226
0.0000000000,0.0188536774
0.0000000000,0.0188903250
0.0000000000,0.0188934430
0.0000000000,0.0188944340
0.0000000000,0.0189170782
0.0000000000,0.0189199802
0.0000000000,0.0189296082
0.0000000000,0.0189540144
0.0000000000,0.0189881325
0.0000000000,0.0189926121
0.0000000000,0.0190213807
0.0000000000,0.0190271325
0.0000000000,0.0190910622
0.0000000000,0.0190939754
0.0000000000,0.0191066973
0.0000000000,0.0191122908
0.0000000000,0.0191891398
0.0000000000,0.0192020945
0.0000000000,0.0192455333
0.0000000000,0.0192658212
0.0000000000,0.0193007831
0.0000000000,0.0193013102
0.0000000000,0.0193166696
0.0000000000,0.0193264373
0.0000000000,0.0193316005
0.0000000000,0.0193325505
0.0000000000,0.0193801653
0.0000000000,0.0194324031
0.0000000000,0.0194542445
0.0000000000,0.0194573738
0.0000000000,0.0194683224
0.0000000000,0.0194910001
0.0000000000,0.0195141248
0.0000000000,0.0195446014
0.0000000000,0.0195469446
0.0000000000,0.0195501819
0.0000000000,0.0195541605
0.0000000000,0.0195770264
0.0000000000,0.0195825938
0.0000000000,0.0195867233
0.0000000000,0.0196037665
0.0000000000,0.0196457356
0.0000000000,0.0196745023
0.0000000000,0.0197016746
0.0000000000,0.0197241195
0.0000000000,0.0197254624
0.0000000000,0.0197368693
0.0000000000,0.0197936837
0.0000000000,0.0198105928
0.0000000000,0.0198185295
0.0000000000,0.0198222119
0.0000000000,0.0198388249
0.0000000000,0.0198835768
0.0000000000,0.0198973157
0.0000000000,0.0199295711
0.0000000000,0.0199390817
0.0000000000,0.0199603755
0.0000000000,0.0200231001
0.0000000000,0.0201274436
0.0000000000,0.0201382879
0.0000000000,0.0202007070
0.0000000000,0.0202432480
0.0000000000,0.0202642735
0.0000000000,0.0202695448
0.0000000000,0.0202714205
0.0000000000,0.0202764980
0.0000000000,0.0202910881
0.0000000000,0.0202961881
0.0000000000,0.0203031544
0.0000000000,0.0203730930
0.0000000000,0.0204017479
0.0000000000,0.0204153601
0.0000000000,0.0204877369
0.0000000000,0.0204977989
0.0000000000,0.0205019116
0.0000000000,0.0205453988
0.0000000000,0.0205476005
0.0000000000,0.0205728170
0.0000000000,0.0205805190
0.0000000000,0.0205887761
0.0000000000,0.0206183679
0.0000000000,0.0206608698
0.0000000000,0.0206893142
0.0000000000,0.0206963643
0.0000000000,0.0207347069
0.0000000000,0.0207359791
0.0000000000,0.0207429044
0.0000000000,0.0207523070
0.0000000000,0.0207557585
0.0000000000,0.0207723267
0.0000000000,0.0207793172
0.0000000000,0.0207807235
0.0000000000,0.0208475552
0.0000000000,0.0208655242
0.0000000000,0.0208745934
0.0000000000,0.0208949298
0.0000000000,0.0209091939
0.0000000000,0.0209285598
0.0000000000,0.0209323652
0.0000000000,0.0209343582
0.0000000000,0.0209721588
0.0000000000,0.0209953878
0.0000000000,0.0210236292
0.0000000000,0.0210560430
0.0000000000,0.0210676398
0.0000000000,0.0210814662
0.0000000000,0.0210925341
0.0000000000,0.0211263858
0.0000000000,0.0211492144
0.0000000000,0.0211527795
0.0000000000,0.0211708620
0.0000000000,0.0212164689
0.0000000000,0.0212289393
0.0000000000,0.0212441180
0.0000000000,0.0212448053
0.0000000000,0.0212746747
0.0000000000,0.0212941170
0.0000000000,0.0213369615
0.0000000000,0.0213566162
0.0000000000,0.0213600546
0.0000000000,0.0213781521
0.0000000000,0.0214128047
0.0000000000,0.0214179549
0.0000000000,0.0214270353
0.0000000000,0.0214463156
0.0000000000,0.0214616265
0.0000000000,0.0214793757
0.0000000000,0.0215048436
0.0000000000,0.0215509608
0.0000000000,0.0215584990
0.0000000000,0.0216009282
0.0000000000,0.0216072164
0.0000000000,0.0216513053
0.0000000000,0.0216872413
0.0000000000,0.0217238273
0.0000000000,0.0217338577
0.0000000000,0.0217514057
0.0000000000,0.0218386017
0.0000000000,0.0218475852
0.0000000000,0.0218642429
0.0000000000,0.0219269600
0.0000000000,0.0219417028
0.0000000000,0.0219596718
0.0000000000,0.0219645053
0.0000000000,0.0219847187
0.0000000000,0.0219848063
0.0000000000,0.0220205449
0.0000000000,0.0220304653
0.0000000000,0.0220348816
0.0000000000,0.0220357645
0.0000000000,0.0220366102
0.0000000000,0.0220410284
0.0000000000,0.0220427103
0.0000000000,0.0220524892
0.0000000000,0.0220655166
0.0000000000,0.0221548062
0.0000000000,0.0221668780
0.0000000000,0.0221693590
0.0000000000,0.0221829414
0.0000000000,0.0221965555
0.0000000000,0.0222001355
0.0000000000,0.0222078655
0.0000000000,0.0222303662
0.0000000000,0.0222461596
0.0000000000,0.0222622268
0.0000000000,0.0222681463
0.0000000000,0.0222777706
0.0000000000,0.0223362818
0.0000000000,0.0223419089
0.0000000000,0.0223554876
0.0000000000,0.0223695152
0.0000000000,0.0224026162
0.0000000000,0.0224188585
0.0000000000,0.0224444196
0.0000000000,0.0224636029
0.0000000000,0.0224696696
0.0000000000,0.0224742666
0.0000000000,0.0224941950
0.0000000000,0.0224952679
0.0000000000,0.0224954467
0.0000000000,0.0224957652
0.0000000000,0.0225175116
0.0000000000,0.0225294642
0.0000000000,0.0225421675
0.0000000000,0.0225505941
0.0000000000,0.0225809552
0.0000000000,0.0226339307
0.0000000000,0.0226556808
0.0000000000,0.0227266904
0.0000000000,0.0227523353
0.0000000000,0.0227987822
0.0000000000,0.0228572842
0.0000000000,0.0228603315
0.0000000000,0.0228825249
0.0000000000,0.0228842068
0.0000000000,0.0228842180
0.0000000000,0.0228924062
0.0000000000,0.0229098685
0.0000000000,0.0229202379
0.0000000000,0.0229907874
0.0000000000,0.0229933653
0.0000000000,0.0230732597
0.0000000000,0.0230753049
0.0000000000,0.0231395271
0.0000000000,0.0231483560
0.0000000000,0.0231632404
0.0000000000,0.0231646262
0.0000000000,0.0231677853
0.0000000000,0.0231747515
0.0000000000,0.0231841225
0.0000000000,0.0232288837
0.0000000000,0.0232532974
0.0000000000,0.0232877508
0.0000000000,0.0233022328
0.0000000000,0.0233662743
0.0000000000,0.0233935807
0.0000000000,0.0234053209
0.0000000000,0.0234284680
0.0000000000,0.0234300643
0.0000000000,0.0234429799
0.0000000000,0.0234694891
0.0000000000,0.0234774146
0.0000000000,0.0234987196
0.0000000000,0.0235083960
0.0000000000,0.0235099457
0.0000000000,0.0235412028
0.0000000000,0.0235516131
0.0000000000,0.0235825852
0.0000000000,0.0236478653
0.0000000000,0.0236495230
0.0000000000,0.0236640945
0.0000000000,0.0237084124
0.0000000000,0.0237188470
0.0000000000,0.0237499233
0.0000000000,0.0237644557
0.0000000000,0.0237944145
0.0000000000,0.0238013268
0.0000000000,0.0238168128
0.0000000000,0.0238274094
0.0000000000,0.0238279458
0.0000000000,0.0238637440
0.0000000000,0.0238659550
0.0000000000,0.0238744970
0.0000000000,0.0239168275
0.0000000000,0.0239505097
0.0000000000,0.0239537414
0.0000000000,0.0239677653
0.0000000000,0.0239930041
0.0000000000,0.0240157191
0.0000000000,0.0240778364
0.0000000000,0.0240792725
0.0000000000,0.0240887124
0.0000000000,0.0241319332
0.0000000000,0.0241449904
0.0000000000,0.0241653509
0.0000000000,0.0241924934
0.0000000000,0.0242116135
0.0000000000,0.0242363196
0.0000000000,0.0243510492
0.0000000000,0.0243835356
0.0000000000,0.0243949164
0.0000000000,0.0243953094
0.0000000000,0.0244263038
0.0000000000,0.0244402774
0.0000000000,0.0244483072
0.0000000000,0.0245133024
0.0000000000,0.0245211553
0.0000000000,0.0245234743
0.0000000000,0.0245445892
0.0000000000,0.0245748311
0.0000000000,0.0245862734
0.0000000000,0.0245936699
0.0000000000,0.0246553682
0.0000000000,0.0246590190
0.0000000000,0.0247362386
0.0000000000,0.0247818008
0.0000000000,0.0248005837
0.0000000000,0.0248077232
0.0000000000,0.0248314328
0.0000000000,0.0248711929
0.0000000000,0.0248861350
0.0000000000,0.0249035694
0.0000000000,0.0249079689
0.0000000000,0.0249090344
0.0000000000,0.0249645971
0.0000000000,0.0249964129
0.0000000000,0.0250383690
0.0000000000,0.0251177307
0.0000000000,0.0251541752
0.0000000000,0.0251653027
0.0000000000,0.0251789391
0.0000000000,0.0251923371
0.0000000000,0.0252485201
0.0000000000,0.0252809096
0.0000000000,0.0253176969
0.0000000000,0.0253195036
0.0000000000,0.0253289398
0.0000000000,0.0253543053
0.0000000000,0.0253620818
0.0000000000,0.0253955033
0.0000000000,0.0254463777
0.0000000000,0.0254708063
0.0000000000,0.0254920311
0.0000000000,0.0254987553
0.0000000000,0.0255482569
0.0000000000,0.0255903360
0.0000000000,0.0256215390
0.0000000000,0.0256584547
0.0000000000,0.0256711617
0.0000000000,0.0256873015
0.0000000000,0.0256944206
0.0000000000,0.0257512107
0.0000000000,0.0257909056
0.0000000000,0.0257995985
0.0000000000,0.0259127934
0.0000000000,0.0259440579
0.0000000000,0.0259498879
0.0000000000,0.0260109939
0.0000000000,0.0260840636
0.0000000000,0.0261478089
0.0000000000,0.0261505060
0.0000000000,0.0261716824
0.0000000000,0.0261897072
0.0000000000,0.0262613632
0.0000000000,0.0262649283
0.0000000000,0.0262951814
0.0000000000,0.0263725575
0.0000000000,0.0263991430
0.0000000000,0.0264546126
0.0000000000,0.0264654569
0.0000000000,0.0266149789
0.0000000000,0.0266483873
0.0000000000,0.0266612880
0.0000000000,0.0266741775
0.0000000000,0.0267514847
0.0000000000,0.0267859772
0.0000000000,0.0269130562
0.0000000000,0.0270468127
0.0000000000,0.0271163136
0.0000000000,0.0271752588
0.0000000000,0.0272537842
0.0000000000,0.0272597168
0.0000000000,0.0272945687
0.0000000000,0.0273808502
0.0000000000,0.0273865126
0.0000000000,0.0274251774
0.0000000000,0.0274284314
0.0000000000,0.0274614245
0.0000000000,0.0275366586
0.0000000000,0.0275542811
0.0000000000,0.0275748502
0.0000000000,0.0275753979
0.0000000000,0.0275836457
0.0000000000,0.0276020598
0.0000000000,0.0276429169
0.0000000000,0.0276435651
0.0000000000,0.0276599880
0.0000000000,0.0276641659
0.0000000000,0.0277054273
0.0000000000,0.0277250707
0.0000000000,0.0278204996
0.0000000000,0.0278220698
0.0000000000,0.0278303027
0.0000000000,0.0280078333
0.0000000000,0.0280686188
0.0000000000,0.0281104986
0.0000000000,0.0281408317
0.0000000000,0.0282287691
0.0000000000,0.0282487962
0.0000000000,0.0283000581
0.0000000000,0.0284842011
0.0000000000,0.0284927506
0.0000000000,0.0286062509
0.0000000000,0.0286070742
0.0000000000,0.0286535993
0.0000000000,0.0287848115
0.0000000000,0.0288307667
0.0000000000,0.0288421400
0.0000000000,0.0288477726
0.0000000000,0.0289250873
0.0000000000,0.0289285276
0.0000000000,0.0289395843
0.0000000000,0.0289753452
0.0000000000,0.0290600266
0.0000000000,0.0292159133
0.0000000000,0.0293076094
0.0000000000,0.0293382574
0.0000000000,0.0293505415
0.0000000000,0.0294708218
0.0000000000,0.0294709112
0.0000000000,0.0295444895
0.0000000000,0.0295472015
0.0000000000,0.0295771733
0.0000000000,0.0296057165
0.0000000000,0.0296622068
0.0000000000,0.0297426488
0.0000000000,0.0297684036
0.0000000000,0.0297820102
0.0000000000,0.0298980698
0.0000000000,0.0299469288
0.0000000000,0.0300338082
0.0000000000,0.0301327780
0.0000000000,0.0301445127
0.0000000000,0.0303146262
0.0000000000,0.0304030571
0.0000000000,0.0304093715
0.0000000000,0.0305875521
0.0000000000,0.0306149796
0.0000000000,0.0306402128
0.0000000000,0.0307559166
0.0000000000,0.0307626631
0.0000000000,0.0308449641
0.0000000000,0.0308456924
0.0000000000,0.0308696385
0.0000000000,0.0309855770
0.0000000000,0.0309951454
0.0000000000,0.0310081057
0.0000000000,0.0310781393
0.0000000000,0.0311270170
0.0000000000,0.0311663765
0.0000000000,0.0312456172
0.0000000000,0.0315445848
0.0000000000,0.0315757953
0.0000000000,0.0316356756
0.0000000000,0.0318744257
0.0000000000,0.0320553482
0.0000000000,0.0320952386
0.0000000000,0.0321401246
0.0000000000,0.0321827009
0.0000000000,0.0321831629
0.0000000000,0.0322451964
0.0000000000,0.0322689116
0.0000000000,0.0323602557
0.0000000000,0.0324242748
0.0000000000,0.0325156190
0.0000000000,0.0325574018
0.0000000000,0.0326447710
0.0000000000,0.0327558368
0.0000000000,0.0328803957
0.0000000000,0.0328809656
0.0000000000,0.0329040736
0.0000000000,0.0329959318
0.0000000000,0.0331101492
0.0000000000,0.0333992280
0.0000000000,0.0334229395
0.0000000000,0.0334806219
0.0000000000,0.0336119197
0.0000000000,0.0336193442
0.0000000000,0.0337390080
0.0000000000,0.0338032842
0.0000000000,0.0338424034
0.0000000000,0.0338834636
0.0000000000,0.0339862332
0.0000000000,0.0340489559
0.0000000000,0.0341677181
0.0000000000,0.0342162140
0.0000000000,0.0343009718
0.0000000000,0.0343244895
0.0000000000,0.0343383253
0.0000000000,0.0346023515
0.0000000000,0.0346904285
0.0000000000,0.0347348563
0.0000000000,0.0353574939
0.0000000000,0.0353669673
0.0000000000,0.0354713798
0.0000000000,0.0356194340
0.0000000000,0.0357010402
0.0000000000,0.0358292349
0.0000000000,0.0359094068
0.0000000000,0.0360032395
0.0000000000,0.0361507386
0.0000000000,0.0362278149
0.0000000000,0.0365746394
0.0000000000,0.0366703421
0.0000000000,0.0368162394
0.0000000000,0.0368955843
0.0000000000,0.0370833203
0.0000000000,0.0372159928
0.0000000000,0.0374279507
0.0000000000,0.0375719443
0.0000000000,0.0382133946
0.0000000000,0.0384041891
0.0000000000,0.0385380499
0.0000000000,0.0386333391
0.0000000000,0.0387603305
0.0000000000,0.0394503996
0.0000000000,0.0394737385
0.0000000000,0.0395918563
0.0000000000,0.0397991203
0.0000000000,0.0405390896
0.0000000000,0.0407365933
0.0000000000,0.0411508344
0.0000000000,0.0417491868
0.0000000000,0.0418769307
0.0000000000,0.0423027761
0.0000000000,0.0437284857
0.0000000000,0.0443658829
0.0000000000,0.0450669155
0.0000000000,0.0464042351
0.0000000000,0.0471032262
0.0000000000,0.0471370742
0.0000000000,0.0479010195
0.0000000000,0.0518263951
0.0000000000,0.0535029694
0.0000000000,0.0557155497
0.0000000000,       inf
