0.0000000000,0.0004717898
0.0000000000,0.0006748398
0.0000000000,0.0007927221
0.0000000000,0.0008163491
0.0000000000,0.0009435797
0.0000000000,0.0010283293
0.0000000000,0.0012264943
0.0000000000,0.0012431099
0.0000000000,0.0013496795
0.0000000000,0.0014106146
0.0000000000,0.0014871958
0.0000000000,0.0015735090
0.0000000000,0.0015744955
0.0000000000,0.0015854442
0.0000000000,0.0016326982
0.0000000000,0.0016846000
0.0000000000,0.0018329006
0.0000000000,0.0018665893
0.0000000000,0.0018696720
0.0000000000,0.0018871593
0.0000000000,0.0018919046
0.0000000000,0.0020566585
0.0000000000,0.0021114605
0.0000000000,0.0022028880
0.0000000000,0.0022205834
0.0000000000,0.0022958929
0.0000000000,0.0024310681
0.0000000000,0.0024529886
0.0000000000,0.0024862199
0.0000000000,0.0024969962
0.0000000000,0.0025126447
0.0000000000,0.0025892134
0.0000000000,0.0026993591
0.0000000000,0.0027044932
0.0000000000,0.0027191627
0.0000000000,0.0027695678
0.0000000000,0.0027728921
0.0000000000,0.0028212292
0.0000000000,0.0028254790
0.0000000000,0.0028740680
0.0000000000,0.0029120557
0.0000000000,0.0029617364
0.0000000000,0.0029708720
0.0000000000,0.0029743917
0.0000000000,0.0031136293
0.0000000000,0.0031397161
0.0000000000,0.0031470179
0.0000000000,0.0031489909
0.0000000000,0.0031560650
0.0000000000,0.0031708884
0.0000000000,0.0032004875
0.0000000000,0.0032100044
0.0000000000,0.0032211284
0.0000000000,0.0032653965
0.0000000000,0.0033380869
0.0000000000,0.0033623010
0.0000000000,0.0033692000
0.0000000000,0.0034078090
0.0000000000,0.0034632364
0.0000000000,0.0034687785
0.0000000000,0.0034819394
0.0000000000,0.0035012416
0.0000000000,0.0035265780
0.0000000000,0.0036397178
0.0000000000,0.0036448310
0.0000000000,0.0036468953
0.0000000000,0.0036658011
0.0000000000,0.0037331786
0.0000000000,0.0037393440
0.0000000000,0.0037407088
0.0000000000,0.0037583879
0.0000000000,0.0037743186
0.0000000000,0.0037838093
0.0000000000,0.0037938426
0.0000000000,0.0037961118
0.0000000000,0.0038903516
0.0000000000,0.0039425511
0.0000000000,0.0039755050
0.0000000000,0.0040495810
0.0000000000,0.0041063149
0.0000000000,0.0041133170
0.0000000000,0.0041193329
0.0000000000,0.0042229211
0.0000000000,0.0042677592
0.0000000000,0.0043045981
0.0000000000,0.0043319375
0.0000000000,0.0043375944
0.0000000000,0.0043670251
0.0000000000,0.0044057760
0.0000000000,0.0044411668
0.0000000000,0.0044636838
0.0000000000,0.0044943518
0.0000000000,0.0045276554
0.0000000000,0.0045631165
0.0000000000,0.0045756572
0.0000000000,0.0045806575
0.0000000000,0.0045917858
0.0000000000,0.0046573281
0.0000000000,0.0046667769
0.0000000000,0.0047586495
0.0000000000,0.0048329001
0.0000000000,0.0048599900
0.0000000000,0.0048621362
0.0000000000,0.0048969816
0.0000000000,0.0049059773
0.0000000000,0.0049713091
0.0000000000,0.0049724397
0.0000000000,0.0049769990
0.0000000000,0.0050252895
0.0000000000,0.0050342083
0.0000000000,0.0050591100
0.0000000000,0.0050876834
0.0000000000,0.0051784269
0.0000000000,0.0052320841
0.0000000000,0.0052328971
0.0000000000,0.0052456670
0.0000000000,0.0052778129
0.0000000000,0.0052788798
0.0000000000,0.0052913604
0.0000000000,0.0053896224
0.0000000000,0.0053987182
0.0000000000,0.0054026498
0.0000000000,0.0054065362
0.0000000000,0.0054089865
0.0000000000,0.0054245424
0.0000000000,0.0054295217
0.0000000000,0.0054362682
0.0000000000,0.0054383255
0.0000000000,0.0054418030
0.0000000000,0.0054961797
0.0000000000,0.0055391355
0.0000000000,0.0055457843
0.0000000000,0.0055462858
0.0000000000,0.0055682249
0.0000000000,0.0055821147
0.0000000000,0.0056424583
0.0000000000,0.0056509580
0.0000000000,0.0056682909
0.0000000000,0.0057099373
0.0000000000,0.0057299836
0.0000000000,0.0057481360
0.0000000000,0.0058241114
0.0000000000,0.0058811195
0.0000000000,0.0058840984
0.0000000000,0.0058927992
0.0000000000,0.0059234728
0.0000000000,0.0059417440
0.0000000000,0.0059487834
0.0000000000,0.0060031349
0.0000000000,0.0060547199
0.0000000000,0.0061220606
0.0000000000,0.0061361473
0.0000000000,0.0061707231
0.0000000000,0.0061774869
0.0000000000,0.0061876629
0.0000000000,0.0061888765
0.0000000000,0.0061894064
0.0000000000,0.0061939731
0.0000000000,0.0061964248
0.0000000000,0.0062018856
0.0000000000,0.0062045418
0.0000000000,0.0062272586
0.0000000000,0.0062458990
0.0000000000,0.0062525808
0.0000000000,0.0062641995
0.0000000000,0.0062794322
0.0000000000,0.0062940358
0.0000000000,0.0062979818
0.0000000000,0.0062992382
0.0000000000,0.0063096699
0.0000000000,0.0063121300
0.0000000000,0.0063417768
0.0000000000,0.0063732001
0.0000000000,0.0063794358
0.0000000000,0.0063889436
0.0000000000,0.0064009749
0.0000000000,0.0064034211
0.0000000000,0.0064036469
0.0000000000,0.0064200088
0.0000000000,0.0064422567
0.0000000000,0.0065356684
0.0000000000,0.0065571470
0.0000000000,0.0066254037
0.0000000000,0.0066329096
0.0000000000,0.0066475198
0.0000000000,0.0066656815
0.0000000000,0.0066734077
0.0000000000,0.0066761738
0.0000000000,0.0066851936
0.0000000000,0.0066948435
0.0000000000,0.0067246021
0.0000000000,0.0067356527
0.0000000000,0.0067372178
0.0000000000,0.0067372266
0.0000000000,0.0067384001
0.0000000000,0.0067528402
0.0000000000,0.0067894356
0.0000000000,0.0068553737
0.0000000000,0.0068706926
0.0000000000,0.0068835989
0.0000000000,0.0068839816
0.0000000000,0.0068944828
0.0000000000,0.0068987566
0.0000000000,0.0069096456
0.0000000000,0.0069186534
0.0000000000,0.0069210762
0.0000000000,0.0069264728
0.0000000000,0.0069375569
0.0000000000,0.0069422401
0.0000000000,0.0069570318
0.0000000000,0.0069638789
0.0000000000,0.0069766887
0.0000000000,0.0070024831
0.0000000000,0.0070531559
0.0000000000,0.0070906109
0.0000000000,0.0071087214
0.0000000000,0.0071107326
0.0000000000,0.0071932739
0.0000000000,0.0072090044
0.0000000000,0.0072238720
0.0000000000,0.0072392197
0.0000000000,0.0072500599
0.0000000000,0.0072794356
0.0000000000,0.0072890786
0.0000000000,0.0072896620
0.0000000000,0.0072937906
0.0000000000,0.0073316023
0.0000000000,0.0073399157
0.0000000000,0.0073434124
0.0000000000,0.0073797661
0.0000000000,0.0074285041
0.0000000000,0.0074426662
0.0000000000,0.0074448218
0.0000000000,0.0074455882
0.0000000000,0.0074786879
0.0000000000,0.0074787848
0.0000000000,0.0074814176
0.0000000000,0.0075137918
0.0000000000,0.0075167757
0.0000000000,0.0075356881
0.0000000000,0.0075401114
0.0000000000,0.0075676185
0.0000000000,0.0075797942
0.0000000000,0.0075876852
0.0000000000,0.0075919759
0.0000000000,0.0075922236
0.0000000000,0.0076025599
0.0000000000,0.0076452307
0.0000000000,0.0076587936
0.0000000000,0.0076978472
0.0000000000,0.0077383737
0.0000000000,0.0077489251
0.0000000000,0.0077529969
0.0000000000,0.0077586039
0.0000000000,0.0077690892
0.0000000000,0.0077807033
0.0000000000,0.0077903629
0.0000000000,0.0077923047
0.0000000000,0.0078063924
0.0000000000,0.0078596342
0.0000000000,0.0078655453
0.0000000000,0.0078669963
0.0000000000,0.0078758970
0.0000000000,0.0078851022
0.0000000000,0.0079012588
0.0000000000,0.0079510100
0.0000000000,0.0080034491
0.0000000000,0.0080323545
0.0000000000,0.0080507146
0.0000000000,0.0080991620
0.0000000000,0.0081235496
0.0000000000,0.0081263063
0.0000000000,0.0081303874
0.0000000000,0.0081490958
0.0000000000,0.0081543280
0.0000000000,0.0081594726
0.0000000000,0.0081727905
0.0000000000,0.0081962338
0.0000000000,0.0082126297
0.0000000000,0.0082218042
0.0000000000,0.0082266340
0.0000000000,0.0082322415
0.0000000000,0.0082344413
0.0000000000,0.0082386658
0.0000000000,0.0082413629
0.0000000000,0.0082528153
0.0000000000,0.0082579171
0.0000000000,0.0082799485
0.0000000000,0.0083061829
0.0000000000,0.0083452966
0.0000000000,0.0083484948
0.0000000000,0.0083746025
0.0000000000,0.0083843693
0.0000000000,0.0083898837
0.0000000000,0.0084024929
0.0000000000,0.0084238276
0.0000000000,0.0084458422
0.0000000000,0.0084490003
0.0000000000,0.0084523885
0.0000000000,0.0084666265
0.0000000000,0.0084928917
0.0000000000,0.0085057365
0.0000000000,0.0085327355
0.0000000000,0.0085355183
0.0000000000,0.0085376389
0.0000000000,0.0085433591
0.0000000000,0.0085473452
0.0000000000,0.0085726390
0.0000000000,0.0085738925
0.0000000000,0.0085772518
0.0000000000,0.0085929427
0.0000000000,0.0086012594
0.0000000000,0.0086091962
0.0000000000,0.0086511029
0.0000000000,0.0086577414
0.0000000000,0.0086638751
0.0000000000,0.0086751888
0.0000000000,0.0086807311
0.0000000000,0.0087059094
0.0000000000,0.0087262746
0.0000000000,0.0087340502
0.0000000000,0.0087944437
0.0000000000,0.0088082198
0.0000000000,0.0088115521
0.0000000000,0.0088248178
0.0000000000,0.0088308621
0.0000000000,0.0088459812
0.0000000000,0.0088479090
0.0000000000,0.0088808713
0.0000000000,0.0088809254
0.0000000000,0.0088823335
0.0000000000,0.0088997297
0.0000000000,0.0089273676
0.0000000000,0.0089651672
0.0000000000,0.0089887036
0.0000000000,0.0090096667
0.0000000000,0.0090131657
0.0000000000,0.0090195937
0.0000000000,0.0090553109
0.0000000000,0.0090937568
0.0000000000,0.0090963980
0.0000000000,0.0091088340
0.0000000000,0.0091262329
0.0000000000,0.0091326265
0.0000000000,0.0091378829
0.0000000000,0.0091510676
0.0000000000,0.0091512566
0.0000000000,0.0091513144
0.0000000000,0.0091579352
0.0000000000,0.0091613149
0.0000000000,0.0091664530
0.0000000000,0.0091695609
0.0000000000,0.0091835717
0.0000000000,0.0092097297
0.0000000000,0.0092199342
0.0000000000,0.0092537925
0.0000000000,0.0092720808
0.0000000000,0.0092838714
0.0000000000,0.0092876889
0.0000000000,0.0093146563
0.0000000000,0.0093147540
0.0000000000,0.0093257586
0.0000000000,0.0093335537
0.0000000000,0.0093393698
0.0000000000,0.0093671922
0.0000000000,0.0094446847
0.0000000000,0.0094477953
0.0000000000,0.0094614197
0.0000000000,0.0094674220
0.0000000000,0.0094770072
0.0000000000,0.0094908271
0.0000000000,0.0094911996
0.0000000000,0.0095611038
0.0000000000,0.0096055036
0.0000000000,0.0096060885
0.0000000000,0.0096189287
0.0000000000,0.0096224621
0.0000000000,0.0096255681
0.0000000000,0.0096409367
0.0000000000,0.0096769240
0.0000000000,0.0097199799
0.0000000000,0.0097332876
0.0000000000,0.0097445780
0.0000000000,0.0097705675
0.0000000000,0.0097939633
0.0000000000,0.0098119546
0.0000000000,0.0098383641
0.0000000000,0.0099087628
0.0000000000,0.0099385437
0.0000000000,0.0099539980
0.0000000000,0.0099811852
0.0000000000,0.0100177033
0.0000000000,0.0100505790
0.0000000000,0.0100684166
0.0000000000,0.0100718196
0.0000000000,0.0100936648
0.0000000000,0.0101169189
0.0000000000,0.0101182200
0.0000000000,0.0101480633
0.0000000000,0.0101515772
0.0000000000,0.0101753669
0.0000000000,0.0102070197
0.0000000000,0.0102558695
0.0000000000,0.0102899969
0.0000000000,0.0103097605
0.0000000000,0.0103227356
0.0000000000,0.0103265261
0.0000000000,0.0103327809
0.0000000000,0.0103369374
0.0000000000,0.0103375250
0.0000000000,0.0103495177
0.0000000000,0.0103511875
0.0000000000,0.0103903618
0.0000000000,0.0104398876
0.0000000000,0.0104411887
0.0000000000,0.0104542645
0.0000000000,0.0104586203
0.0000000000,0.0104641682
0.0000000000,0.0104870303
0.0000000000,0.0104912976
0.0000000000,0.0104913339
0.0000000000,0.0105252117
0.0000000000,0.0105308723
0.0000000000,0.0105325282
0.0000000000,0.0105334381
0.0000000000,0.0105531383
0.0000000000,0.0105556259
0.0000000000,0.0105577596
0.0000000000,0.0105795972
0.0000000000,0.0105806617
0.0000000000,0.0105827209
0.0000000000,0.0106051648
0.0000000000,0.0106063085
0.0000000000,0.0106352521
0.0000000000,0.0106742047
0.0000000000,0.0107312780
0.0000000000,0.0107338382
0.0000000000,0.0107422294
0.0000000000,0.0107611772
0.0000000000,0.0107746432
0.0000000000,0.0107974363
0.0000000000,0.0108020958
0.0000000000,0.0108036082
0.0000000000,0.0108052995
0.0000000000,0.0108130723
0.0000000000,0.0108179729
0.0000000000,0.0108356476
0.0000000000,0.0108471438
0.0000000000,0.0108590433
0.0000000000,0.0108661251
0.0000000000,0.0108725363
0.0000000000,0.0108766509
0.0000000000,0.0108836060
0.0000000000,0.0108884582
0.0000000000,0.0109052258
0.0000000000,0.0109265065
0.0000000000,0.0109426416
0.0000000000,0.0109566692
0.0000000000,0.0109722251
0.0000000000,0.0109824119
0.0000000000,0.0109923594
0.0000000000,0.0110214744
0.0000000000,0.0110261776
0.0000000000,0.0110459281
0.0000000000,0.0110782711
0.0000000000,0.0110915685
0.0000000000,0.0110962316
0.0000000000,0.0110977748
0.0000000000,0.0111027798
0.0000000000,0.0111275855
0.0000000000,0.0111364499
0.0000000000,0.0111523466
0.0000000000,0.0111809941
0.0000000000,0.0111827143
0.0000000000,0.0112371333
0.0000000000,0.0112436917
0.0000000000,0.0112587558
0.0000000000,0.0112686148
0.0000000000,0.0112745091
0.0000000000,0.0112849167
0.0000000000,0.0113217169
0.0000000000,0.0113221528
0.0000000000,0.0113244141
0.0000000000,0.0113361133
0.0000000000,0.0113365818
0.0000000000,0.0113370409
0.0000000000,0.0113391867
0.0000000000,0.0113849947
0.0000000000,0.0114022456
0.0000000000,0.0114198746
0.0000000000,0.0114216991
0.0000000000,0.0114301313
0.0000000000,0.0114570782
0.0000000000,0.0114883510
0.0000000000,0.0114926379
0.0000000000,0.0114952223
0.0000000000,0.0114975180
0.0000000000,0.0115212873
0.0000000000,0.0115921143
0.0000000000,0.0115950350
0.0000000000,0.0116234748
0.0000000000,0.0116333505
0.0000000000,0.0116342949
0.0000000000,0.0116482228
0.0000000000,0.0116511844
0.0000000000,0.0116671976
0.0000000000,0.0116698863
0.0000000000,0.0116771469
0.0000000000,0.0116969952
0.0000000000,0.0117169190
0.0000000000,0.0117523018
0.0000000000,0.0117622390
0.0000000000,0.0117633669
0.0000000000,0.0117681967
0.0000000000,0.0117912833
0.0000000000,0.0117951455
0.0000000000,0.0118245091
0.0000000000,0.0118469456
0.0000000000,0.0118834879
0.0000000000,0.0118975667
0.0000000000,0.0118984524
0.0000000000,0.0119172120
0.0000000000,0.0119461734
0.0000000000,0.0119465711
0.0000000000,0.0119608082
0.0000000000,0.0119816894
0.0000000000,0.0119838826
0.0000000000,0.0120024122
0.0000000000,0.0120376172
0.0000000000,0.0120384460
0.0000000000,0.0120393047
0.0000000000,0.0120707704
0.0000000000,0.0121058207
0.0000000000,0.0121094398
0.0000000000,0.0121097453
0.0000000000,0.0121233165
0.0000000000,0.0121820737
0.0000000000,0.0121833188
0.0000000000,0.0122441212
0.0000000000,0.0122722946
0.0000000000,0.0123090697
0.0000000000,0.0123157622
0.0000000000,0.0123229343
0.0000000000,0.0123549737
0.0000000000,0.0123690646
0.0000000000,0.0123753259
0.0000000000,0.0123777529
0.0000000000,0.0123879462
0.0000000000,0.0123925069
0.0000000000,0.0124037713
0.0000000000,0.0124090835
0.0000000000,0.0124345506
0.0000000000,0.0124355964
0.0000000000,0.0124514448
0.0000000000,0.0124545172
0.0000000000,0.0124739958
0.0000000000,0.0125051616
0.0000000000,0.0125180846
0.0000000000,0.0125426287
0.0000000000,0.0125588644
0.0000000000,0.0125733651
0.0000000000,0.0125959637
0.0000000000,0.0125984764
0.0000000000,0.0126193399
0.0000000000,0.0126242600
0.0000000000,0.0126262121
0.0000000000,0.0126436530
0.0000000000,0.0126452725
0.0000000000,0.0126639213
0.0000000000,0.0126749054
0.0000000000,0.0126826810
0.0000000000,0.0126835536
0.0000000000,0.0126933334
0.0000000000,0.0127464002
0.0000000000,0.0127588715
0.0000000000,0.0127911661
0.0000000000,0.0128037957
0.0000000000,0.0128038190
0.0000000000,0.0128068421
0.0000000000,0.0128072938
0.0000000000,0.0128845135
0.0000000000,0.0129068131
0.0000000000,0.0129388776
0.0000000000,0.0129785212
0.0000000000,0.0130309276
0.0000000000,0.0130496034
0.0000000000,0.0130713368
0.0000000000,0.0130715352
0.0000000000,0.0130757103
0.0000000000,0.0130778383
0.0000000000,0.0130920168
0.0000000000,0.0130978199
0.0000000000,0.0131092621
0.0000000000,0.0131136402
0.0000000000,0.0131142940
0.0000000000,0.0131291579
0.0000000000,0.0131445872
0.0000000000,0.0131698325
0.0000000000,0.0131995715
0.0000000000,0.0132004293
0.0000000000,0.0132307233
0.0000000000,0.0132508073
0.0000000000,0.0132658193
0.0000000000,0.0132983392
0.0000000000,0.0133313630
0.0000000000,0.0133522535
0.0000000000,0.0133523475
0.0000000000,0.0133590633
0.0000000000,0.0133886905
0.0000000000,0.0133896871
0.0000000000,0.0133944834
0.0000000000,0.0134492042
0.0000000000,0.0134713054
0.0000000000,0.0134721259
0.0000000000,0.0134744355
0.0000000000,0.0134768002
0.0000000000,0.0134855621
0.0000000000,0.0134929465
0.0000000000,0.0135056805
0.0000000000,0.0135297766
0.0000000000,0.0135322828
0.0000000000,0.0135436896
0.0000000000,0.0135788713
0.0000000000,0.0135931475
0.0000000000,0.0135932975
0.0000000000,0.0136047155
0.0000000000,0.0136088487
0.0000000000,0.0136365611
0.0000000000,0.0136590898
0.0000000000,0.0136618372
0.0000000000,0.0136760995
0.0000000000,0.0137107475
0.0000000000,0.0137276594
0.0000000000,0.0137300072
0.0000000000,0.0137671977
0.0000000000,0.0137839010
0.0000000000,0.0137870945
0.0000000000,0.0137889655
0.0000000000,0.0137975132
0.0000000000,0.0138127711
0.0000000000,0.0138135478
0.0000000000,0.0138373068
0.0000000000,0.0138421524
0.0000000000,0.0138451802
0.0000000000,0.0138529455
0.0000000000,0.0138751138
0.0000000000,0.0138844801
0.0000000000,0.0138996420
0.0000000000,0.0139135746
0.0000000000,0.0139140636
0.0000000000,0.0139144910
0.0000000000,0.0139219584
0.0000000000,0.0139250932
0.0000000000,0.0139277577
0.0000000000,0.0139466366
0.0000000000,0.0139555866
0.0000000000,0.0139605021
0.0000000000,0.0139689017
0.0000000000,0.0139882388
0.0000000000,0.0139952898
0.0000000000,0.0140049662
0.0000000000,0.0140122864
0.0000000000,0.0140162837
0.0000000000,0.0140343094
0.0000000000,0.0140378764
0.0000000000,0.0140936552
0.0000000000,0.0141280908
0.0000000000,0.0141522251
0.0000000000,0.0141554270
0.0000000000,0.0141776167
0.0000000000,0.0141812218
0.0000000000,0.0141912112
0.0000000000,0.0142063284
0.0000000000,0.0142174428
0.0000000000,0.0142328981
0.0000000000,0.0142530203
0.0000000000,0.0143011985
0.0000000000,0.0143178320
0.0000000000,0.0143891824
0.0000000000,0.0144266067
0.0000000000,0.0144477440
0.0000000000,0.0144784395
0.0000000000,0.0145001197
0.0000000000,0.0145147936
0.0000000000,0.0145528745
0.0000000000,0.0145656904
0.0000000000,0.0145793241
0.0000000000,0.0145877814
0.0000000000,0.0146267395
0.0000000000,0.0146320015
0.0000000000,0.0146407494
0.0000000000,0.0146462843
0.0000000000,0.0146632046
0.0000000000,0.0146798315
0.0000000000,0.0146868248
0.0000000000,0.0147224320
0.0000000000,0.0147303138
0.0000000000,0.0147814816
0.0000000000,0.0148347225
0.0000000000,0.0148570081
0.0000000000,0.0148834009
0.0000000000,0.0148896435
0.0000000000,0.0148910051
0.0000000000,0.0148911765
0.0000000000,0.0149107119
0.0000000000,0.0149286659
0.0000000000,0.0149332769
0.0000000000,0.0149479797
0.0000000000,0.0149562322
0.0000000000,0.0149747934
0.0000000000,0.0149895679
0.0000000000,0.0149920397
0.0000000000,0.0149975335
0.0000000000,0.0150275836
0.0000000000,0.0150382705
0.0000000000,0.0150449574
0.0000000000,0.0150455236
0.0000000000,0.0150713762
0.0000000000,0.0150802229
0.0000000000,0.0151585424
0.0000000000,0.0151793454
0.0000000000,0.0151844472
0.0000000000,0.0151952431
0.0000000000,0.0151979607
0.0000000000,0.0152051197
0.0000000000,0.0152186882
0.0000000000,0.0152466819
0.0000000000,0.0152544454
0.0000000000,0.0152600082
0.0000000000,0.0152612040
0.0000000000,0.0152836237
0.0000000000,0.0153074898
0.0000000000,0.0153138703
0.0000000000,0.0153175872
0.0000000000,0.0154232746
0.0000000000,0.0154767474
0.0000000000,0.0155059937
0.0000000000,0.0155124953
0.0000000000,0.0155302668
0.0000000000,0.0155614065
0.0000000000,0.0155807259
0.0000000000,0.0155846095
0.0000000000,0.0156121682
0.0000000000,0.0156127848
0.0000000000,0.0156264435
0.0000000000,0.0157177709
0.0000000000,0.0157192685
0.0000000000,0.0157304313
0.0000000000,0.0157517940
0.0000000000,0.0157676488
0.0000000000,0.0157845728
0.0000000000,0.0157917701
0.0000000000,0.0157989841
0.0000000000,0.0158025175
0.0000000000,0.0158061553
0.0000000000,0.0158514623
0.0000000000,0.0158807635
0.0000000000,0.0158953387
0.0000000000,0.0159007180
0.0000000000,0.0159115996
0.0000000000,0.0159214456
0.0000000000,0.0159379188
0.0000000000,0.0159416124
0.0000000000,0.0159431361
0.0000000000,0.0159885567
0.0000000000,0.0160072036
0.0000000000,0.0160182547
0.0000000000,0.0160321165
0.0000000000,0.0160399918
0.0000000000,0.0160481539
0.0000000000,0.0160552152
0.0000000000,0.0160647091
0.0000000000,0.0160727538
0.0000000000,0.0161149763
0.0000000000,0.0161406100
0.0000000000,0.0161432624
0.0000000000,0.0161670893
0.0000000000,0.0161716565
0.0000000000,0.0161946733
0.0000000000,0.0162094980
0.0000000000,0.0162299480
0.0000000000,0.0162470993
0.0000000000,0.0162489191
0.0000000000,0.0162650589
0.0000000000,0.0162888598
0.0000000000,0.0162940305
0.0000000000,0.0162981916
0.0000000000,0.0162995234
0.0000000000,0.0163086560
0.0000000000,0.0163126681
0.0000000000,0.0163159575
0.0000000000,0.0163189452
0.0000000000,0.0163248572
0.0000000000,0.0163266007
0.0000000000,0.0163924675
0.0000000000,0.0164326876
0.0000000000,0.0164436083
0.0000000000,0.0164491981
0.0000000000,0.0164532680
0.0000000000,0.0164540187
0.0000000000,0.0164644830
0.0000000000,0.0165133439
0.0000000000,0.0165158343
0.0000000000,0.0165350363
0.0000000000,0.0165357217
0.0000000000,0.0165363438
0.0000000000,0.0165558551
0.0000000000,0.0165598970
0.0000000000,0.0165640488
0.0000000000,0.0165774133
0.0000000000,0.0166120362
0.0000000000,0.0166123658
0.0000000000,0.0166133288
0.0000000000,0.0166289508
0.0000000000,0.0166411940
0.0000000000,0.0166804399
0.0000000000,0.0166905932
0.0000000000,0.0166969895
0.0000000000,0.0167071428
0.0000000000,0.0167166442
0.0000000000,0.0167293455
0.0000000000,0.0167687386
0.0000000000,0.0167714432
0.0000000000,0.0167797673
0.0000000000,0.0168049857
0.0000000000,0.0168116800
0.0000000000,0.0168420691
0.0000000000,0.0168676190
0.0000000000,0.0168783534
0.0000000000,0.0168821551
0.0000000000,0.0168916844
0.0000000000,0.0168980006
0.0000000000,0.0169047769
0.0000000000,0.0169825573
0.0000000000,0.0170230865
0.0000000000,0.0170548577
0.0000000000,0.0170588586
0.0000000000,0.0170654710
0.0000000000,0.0171053987
0.0000000000,0.0171500333
0.0000000000,0.0171731412
0.0000000000,0.0171858855
0.0000000000,0.0171965361
0.0000000000,0.0172172319
0.0000000000,0.0172183923
0.0000000000,0.0172458757
0.0000000000,0.0172785521
0.0000000000,0.0172828138
0.0000000000,0.0173022058
0.0000000000,0.0173120238
0.0000000000,0.0173148811
0.0000000000,0.0173154827
0.0000000000,0.0173277501
0.0000000000,0.0173290260
0.0000000000,0.0173325781
0.0000000000,0.0173350461
0.0000000000,0.0173503775
0.0000000000,0.0173614621
0.0000000000,0.0173665043
0.0000000000,0.0174121149
0.0000000000,0.0174170919
0.0000000000,0.0174265746
0.0000000000,0.0174386781
0.0000000000,0.0174525492
0.0000000000,0.0174676757
0.0000000000,0.0174793415
0.0000000000,0.0174804479
0.0000000000,0.0175524931
0.0000000000,0.0175888874
0.0000000000,0.0175892580
0.0000000000,0.0176060162
0.0000000000,0.0176164396
0.0000000000,0.0176448822
0.0000000000,0.0176496357
0.0000000000,0.0176919624
0.0000000000,0.0177174155
0.0000000000,0.0177209582
0.0000000000,0.0177275743
0.0000000000,0.0177497137
0.0000000000,0.0177617427
0.0000000000,0.0177646670
0.0000000000,0.0177708305
0.0000000000,0.0178264100
0.0000000000,0.0178420283
0.0000000000,0.0178472493
0.0000000000,0.0178547353
0.0000000000,0.0179137960
0.0000000000,0.0179203060
0.0000000000,0.0179851018
0.0000000000,0.0180193335
0.0000000000,0.0180231240
0.0000000000,0.0180263314
0.0000000000,0.0180331003
0.0000000000,0.0180835687
0.0000000000,0.0180900171
0.0000000000,0.0180986002
0.0000000000,0.0181318410
0.0000000000,0.0181462280
0.0000000000,0.0181481410
0.0000000000,0.0181537550
0.0000000000,0.0181647129
0.0000000000,0.0182149168
0.0000000000,0.0182176679
0.0000000000,0.0182603337
0.0000000000,0.0182757657
0.0000000000,0.0182885099
0.0000000000,0.0183021352
0.0000000000,0.0183064174
0.0000000000,0.0183158703
0.0000000000,0.0183357261
0.0000000000,0.0183391217
0.0000000000,0.0183744840
0.0000000000,0.0183753613
0.0000000000,0.0183833558
0.0000000000,0.0183957107
0.0000000000,0.0184280500
0.0000000000,0.0184881147
0.0000000000,0.0185075849
0.0000000000,0.0185424928
0.0000000000,0.0185677428
0.0000000000,0.0185681395
0.0000000000,0.0185920037
0.0000000000,0.0186144952
0.0000000000,0.0186472945
0.0000000000,0.0186534524
0.0000000000,0.0186584182
0.0000000000,0.0186598599
0.0000000000,0.0186671074
0.0000000000,0.0186946802
0.0000000000,0.0187495798
0.0000000000,0.0187596343
0.0000000000,0.0188129190
0.0000000000,0.0188151579
0.0000000000,0.0188224651
0.0000000000,0.0188317224
0.0000000000,0.0188535992
0.0000000000,0.0189228393
0.0000000000,0.0189312417
0.0000000000,0.0189540144
0.0000000000,0.0189691391
0.0000000000,0.0189879239
0.0000000000,0.0190438814
0.0000000000,0.0190477464
0.0000000000,0.0190571528
0.0000000000,0.0190697853
0.0000000000,0.0190905090
0.0000000000,0.0191044398
0.0000000000,0.0191066973
0.0000000000,0.0191103611
0.0000000000,0.0191222075
0.0000000000,0.0192101672
0.0000000000,0.0192378573
0.0000000000,0.0192449242
0.0000000000,0.0192769133
0.0000000000,0.0193007831
0.0000000000,0.0193449482
0.0000000000,0.0193816368
0.0000000000,0.0193833467
0.0000000000,0.0194399599
0.0000000000,0.0194573626
0.0000000000,0.0194611866
0.0000000000,0.0194818005
0.0000000000,0.0194842871
0.0000000000,0.0195336882
0.0000000000,0.0195352435
0.0000000000,0.0195446014
0.0000000000,0.0195512101
0.0000000000,0.0195541605
0.0000000000,0.0195825789
0.0000000000,0.0195879266
0.0000000000,0.0196036976
0.0000000000,0.0196239091
0.0000000000,0.0196767282
0.0000000000,0.0197092108
0.0000000000,0.0197215304
0.0000000000,0.0197254624
0.0000000000,0.0197404008
0.0000000000,0.0197618306
0.0000000000,0.0197833534
0.0000000000,0.0198197011
0.0000000000,0.0199079961
0.0000000000,0.0199141614
0.0000000000,0.0199213065
0.0000000000,0.0199351702
0.0000000000,0.0199390817
0.0000000000,0.0199634377
0.0000000000,0.0199813396
0.0000000000,0.0200354066
0.0000000000,0.0200566258
0.0000000000,0.0200916715
0.0000000000,0.0201155506
0.0000000000,0.0201274436
0.0000000000,0.0201293062
0.0000000000,0.0201360472
0.0000000000,0.0201368332
0.0000000000,0.0201666914
0.0000000000,0.0202031881
0.0000000000,0.0202628970
0.0000000000,0.0202856194
0.0000000000,0.0202910770
0.0000000000,0.0202962086
0.0000000000,0.0202969909
0.0000000000,0.0203013849
0.0000000000,0.0203031544
0.0000000000,0.0203259271
0.0000000000,0.0204056799
0.0000000000,0.0204092041
0.0000000000,0.0204140395
0.0000000000,0.0204153601
0.0000000000,0.0204764716
0.0000000000,0.0204892252
0.0000000000,0.0204970501
0.0000000000,0.0205019377
0.0000000000,0.0205224622
0.0000000000,0.0205453690
0.0000000000,0.0205510408
0.0000000000,0.0206188355
0.0000000000,0.0206195209
0.0000000000,0.0206438098
0.0000000000,0.0206442010
0.0000000000,0.0206530523
0.0000000000,0.0206553377
0.0000000000,0.0206738748
0.0000000000,0.0206893142
0.0000000000,0.0207764003
0.0000000000,0.0207807235
0.0000000000,0.0208366215
0.0000000000,0.0209283363
0.0000000000,0.0209343582
0.0000000000,0.0209953878
0.0000000000,0.0210017357
0.0000000000,0.0210077371
0.0000000000,0.0210259650
0.0000000000,0.0210345108
0.0000000000,0.0210504234
0.0000000000,0.0210727230
0.0000000000,0.0211155191
0.0000000000,0.0211195443
0.0000000000,0.0211263914
0.0000000000,0.0211591944
0.0000000000,0.0212051608
0.0000000000,0.0212103296
0.0000000000,0.0212388523
0.0000000000,0.0212448053
0.0000000000,0.0213484094
0.0000000000,0.0214015283
0.0000000000,0.0214551073
0.0000000000,0.0215223543
0.0000000000,0.0215473827
0.0000000000,0.0215492863
0.0000000000,0.0215506814
0.0000000000,0.0215967670
0.0000000000,0.0216041915
0.0000000000,0.0216072164
0.0000000000,0.0216105990
0.0000000000,0.0216359459
0.0000000000,0.0216652714
0.0000000000,0.0216712952
0.0000000000,0.0217123982
0.0000000000,0.0217133872
0.0000000000,0.0217338577
0.0000000000,0.0217423122
0.0000000000,0.0217596926
0.0000000000,0.0217720922
0.0000000000,0.0218386166
0.0000000000,0.0218414571
0.0000000000,0.0218969006
0.0000000000,0.0219182987
0.0000000000,0.0219269712
0.0000000000,0.0219425466
0.0000000000,0.0219444502
0.0000000000,0.0219777115
0.0000000000,0.0219847187
0.0000000000,0.0220206231
0.0000000000,0.0220497623
0.0000000000,0.0220523551
0.0000000000,0.0220525376
0.0000000000,0.0220577195
0.0000000000,0.0220582727
0.0000000000,0.0220678300
0.0000000000,0.0220711529
0.0000000000,0.0220741779
0.0000000000,0.0220918562
0.0000000000,0.0221226048
0.0000000000,0.0221477859
0.0000000000,0.0221565422
0.0000000000,0.0221831370
0.0000000000,0.0221955497
0.0000000000,0.0221964549
0.0000000000,0.0222059600
0.0000000000,0.0222492367
0.0000000000,0.0222551711
0.0000000000,0.0222777706
0.0000000000,0.0223554876
0.0000000000,0.0223695841
0.0000000000,0.0224025939
0.0000000000,0.0224054065
0.0000000000,0.0224222243
0.0000000000,0.0224225838
0.0000000000,0.0224443693
0.0000000000,0.0224714167
0.0000000000,0.0224742666
0.0000000000,0.0224873833
0.0000000000,0.0224951915
0.0000000000,0.0225441549
0.0000000000,0.0225490183
0.0000000000,0.0225698333
0.0000000000,0.0225867704
0.0000000000,0.0226731636
0.0000000000,0.0226740818
0.0000000000,0.0227459446
0.0000000000,0.0227699894
0.0000000000,0.0227856971
0.0000000000,0.0228355769
0.0000000000,0.0228397492
0.0000000000,0.0228433982
0.0000000000,0.0228602625
0.0000000000,0.0228753090
0.0000000000,0.0228775498
0.0000000000,0.0229445361
0.0000000000,0.0229626354
0.0000000000,0.0229852758
0.0000000000,0.0230867565
0.0000000000,0.0230872519
0.0000000000,0.0231395271
0.0000000000,0.0231474452
0.0000000000,0.0232667010
0.0000000000,0.0233022328
0.0000000000,0.0233157352
0.0000000000,0.0233343951
0.0000000000,0.0233940855
0.0000000000,0.0234049857
0.0000000000,0.0234220866
0.0000000000,0.0234429799
0.0000000000,0.0234475490
0.0000000000,0.0234919116
0.0000000000,0.0235046037
0.0000000000,0.0235226788
0.0000000000,0.0235244781
0.0000000000,0.0235581566
0.0000000000,0.0235825665
0.0000000000,0.0236005019
0.0000000000,0.0236030575
0.0000000000,0.0236305259
0.0000000000,0.0236641355
0.0000000000,0.0236938912
0.0000000000,0.0237192307
0.0000000000,0.0237515680
0.0000000000,0.0237669758
0.0000000000,0.0238134079
0.0000000000,0.0238214340
0.0000000000,0.0238224324
0.0000000000,0.0238527283
0.0000000000,0.0238692854
0.0000000000,0.0238923468
0.0000000000,0.0238958877
0.0000000000,0.0239172410
0.0000000000,0.0239216164
0.0000000000,0.0239247456
0.0000000000,0.0239677653
0.0000000000,0.0240445379
0.0000000000,0.0240606330
0.0000000000,0.0240766890
0.0000000000,0.0240786094
0.0000000000,0.0241167229
0.0000000000,0.0241315309
0.0000000000,0.0241350941
0.0000000000,0.0241415408
0.0000000000,0.0241463948
0.0000000000,0.0242116414
0.0000000000,0.0243010018
0.0000000000,0.0243759733
0.0000000000,0.0244125370
0.0000000000,0.0244377926
0.0000000000,0.0244402774
0.0000000000,0.0244484749
0.0000000000,0.0244733915
0.0000000000,0.0244882423
0.0000000000,0.0245445892
0.0000000000,0.0246286206
0.0000000000,0.0246336032
0.0000000000,0.0246768985
0.0000000000,0.0247168113
0.0000000000,0.0247381292
0.0000000000,0.0247663315
0.0000000000,0.0248145666
0.0000000000,0.0248181671
0.0000000000,0.0248506088
0.0000000000,0.0248691011
0.0000000000,0.0248711929
0.0000000000,0.0248758215
0.0000000000,0.0248779636
0.0000000000,0.0249708891
0.0000000000,0.0249894988
0.0000000000,0.0250072386
0.0000000000,0.0251467302
0.0000000000,0.0251867361
0.0000000000,0.0251871459
0.0000000000,0.0251969527
0.0000000000,0.0252524242
0.0000000000,0.0252876710
0.0000000000,0.0253386796
0.0000000000,0.0253498107
0.0000000000,0.0253584236
0.0000000000,0.0253866669
0.0000000000,0.0254666526
0.0000000000,0.0255002417
0.0000000000,0.0255080760
0.0000000000,0.0255157836
0.0000000000,0.0256215390
0.0000000000,0.0256345030
0.0000000000,0.0256573632
0.0000000000,0.0256628152
0.0000000000,0.0256944299
0.0000000000,0.0257711951
0.0000000000,0.0257786792
0.0000000000,0.0257995985
0.0000000000,0.0258136261
0.0000000000,0.0258214939
0.0000000000,0.0258777551
0.0000000000,0.0258835796
0.0000000000,0.0259912051
0.0000000000,0.0260132719
0.0000000000,0.0260821488
0.0000000000,0.0260992069
0.0000000000,0.0261144042
0.0000000000,0.0261430703
0.0000000000,0.0262320042
0.0000000000,0.0262583159
0.0000000000,0.0262891743
0.0000000000,0.0263439212
0.0000000000,0.0263918173
0.0000000000,0.0263991430
0.0000000000,0.0264156070
0.0000000000,0.0264614467
0.0000000000,0.0264787953
0.0000000000,0.0265390985
0.0000000000,0.0265718494
0.0000000000,0.0265735518
0.0000000000,0.0265900977
0.0000000000,0.0266635828
0.0000000000,0.0267046951
0.0000000000,0.0267645326
0.0000000000,0.0267738327
0.0000000000,0.0267793741
0.0000000000,0.0268913656
0.0000000000,0.0268969014
0.0000000000,0.0269488711
0.0000000000,0.0269711241
0.0000000000,0.0270645656
0.0000000000,0.0270986464
0.0000000000,0.0271505546
0.0000000000,0.0271631032
0.0000000000,0.0272945687
0.0000000000,0.0273574665
0.0000000000,0.0274410509
0.0000000000,0.0274553187
0.0000000000,0.0274962727
0.0000000000,0.0275063347
0.0000000000,0.0275190249
0.0000000000,0.0275514070
0.0000000000,0.0276128184
0.0000000000,0.0276582818
0.0000000000,0.0276641659
0.0000000000,0.0277054273
0.0000000000,0.0277233180
0.0000000000,0.0277445503
0.0000000000,0.0277780443
0.0000000000,0.0277933609
0.0000000000,0.0278231129
0.0000000000,0.0278237965
0.0000000000,0.0278281271
0.0000000000,0.0278403442
0.0000000000,0.0278602391
0.0000000000,0.0279557891
0.0000000000,0.0279569421
0.0000000000,0.0279905796
0.0000000000,0.0280099325
0.0000000000,0.0280874744
0.0000000000,0.0280886758
0.0000000000,0.0283008609
0.0000000000,0.0283468999
0.0000000000,0.0283624437
0.0000000000,0.0284126569
0.0000000000,0.0286062509
0.0000000000,0.0286070742
0.0000000000,0.0286535993
0.0000000000,0.0287069399
0.0000000000,0.0288421400
0.0000000000,0.0288822372
0.0000000000,0.0288864449
0.0000000000,0.0289283823
0.0000000000,0.0289466418
0.0000000000,0.0290002394
0.0000000000,0.0291098393
0.0000000000,0.0291313808
0.0000000000,0.0291433092
0.0000000000,0.0292534791
0.0000000000,0.0292887352
0.0000000000,0.0293159243
0.0000000000,0.0293367952
0.0000000000,0.0293505397
0.0000000000,0.0294178445
0.0000000000,0.0294525400
0.0000000000,0.0294993855
0.0000000000,0.0295027066
0.0000000000,0.0295168813
0.0000000000,0.0295399372
0.0000000000,0.0295629632
0.0000000000,0.0296118762
0.0000000000,0.0296622068
0.0000000000,0.0296882167
0.0000000000,0.0297820102
0.0000000000,0.0298496969
0.0000000000,0.0298980884
0.0000000000,0.0301327780
0.0000000000,0.0301427525
0.0000000000,0.0301700030
0.0000000000,0.0301948544
0.0000000000,0.0302080084
0.0000000000,0.0302250627
0.0000000000,0.0303170849
0.0000000000,0.0303306412
0.0000000000,0.0303586908
0.0000000000,0.0303688943
0.0000000000,0.0304933637
0.0000000000,0.0305672474
0.0000000000,0.0306149796
0.0000000000,0.0307649728
0.0000000000,0.0310818590
0.0000000000,0.0311692189
0.0000000000,0.0312363505
0.0000000000,0.0312947668
0.0000000000,0.0313739292
0.0000000000,0.0314385369
0.0000000000,0.0314858444
0.0000000000,0.0315512829
0.0000000000,0.0315979682
0.0000000000,0.0316178799
0.0000000000,0.0321124867
0.0000000000,0.0321390331
0.0000000000,0.0322299525
0.0000000000,0.0322689265
0.0000000000,0.0323691256
0.0000000000,0.0324189961
0.0000000000,0.0325191878
0.0000000000,0.0325301178
0.0000000000,0.0327346399
0.0000000000,0.0327633731
0.0000000000,0.0328803957
0.0000000000,0.0331197940
0.0000000000,0.0331795067
0.0000000000,0.0332602710
0.0000000000,0.0334142856
0.0000000000,0.0335525461
0.0000000000,0.0335614532
0.0000000000,0.0335975550
0.0000000000,0.0336088277
0.0000000000,0.0336457267
0.0000000000,0.0337960012
0.0000000000,0.0339894779
0.0000000000,0.0339928418
0.0000000000,0.0342109278
0.0000000000,0.0343462825
0.0000000000,0.0345512256
0.0000000000,0.0346826054
0.0000000000,0.0347330086
0.0000000000,0.0348531492
0.0000000000,0.0351049863
0.0000000000,0.0351777747
0.0000000000,0.0354514532
0.0000000000,0.0357707702
0.0000000000,0.0360039100
0.0000000000,0.0360922217
0.0000000000,0.0362185575
0.0000000000,0.0362278149
0.0000000000,0.0362636819
0.0000000000,0.0362925045
0.0000000000,0.0364353359
0.0000000000,0.0366128348
0.0000000000,0.0368561000
0.0000000000,0.0375192687
0.0000000000,0.0379382782
0.0000000000,0.0382133946
0.0000000000,0.0388799198
0.0000000000,0.0390673764
0.0000000000,0.0393169746
0.0000000000,0.0394297279
0.0000000000,0.0395849645
0.0000000000,0.0397290178
0.0000000000,0.0399203785
0.0000000000,0.0400700122
0.0000000000,0.0406027697
0.0000000000,0.0407302491
0.0000000000,0.0408309102
0.0000000000,0.0414300524
0.0000000000,0.0418403223
0.0000000000,0.0422647558
0.0000000000,0.0433425903
0.0000000000,0.0452691428
0.0000000000,0.0460688733
0.0000000000,0.0472228453
0.0000000000,0.0476137772
0.0000000000,0.0478869788
0.0000000000,0.0490923785
0.0000000000,0.0492874719
0.0000000000,0.0527836345
0.0000000000,0.0560198650
0.0000000000,0.0629716888
0.0000000000,0.0648379922
0.0000000000,0.0675535873
0.0000000000,0.0854316279
0.0000000000,       inf
