0.0000000000,0.0006649722
0.0000000000,0.0008907502
0.0000000000,0.0009135928
0.0000000000,0.0009589720
0.0000000000,0.0010252433
0.0000000000,0.0012486448
0.0000000000,0.0013107617
0.0000000000,0.0013299444
0.0000000000,0.0013919449
0.0000000000,0.0014106290
0.0000000000,0.0015066294
0.0000000000,0.0015103044
0.0000000000,0.0015766125
0.0000000000,0.0016124604
0.0000000000,0.0016382389
0.0000000000,0.0016433216
0.0000000000,0.0017262392
0.0000000000,0.0017266046
0.0000000000,0.0017763398
0.0000000000,0.0017815004
0.0000000000,0.0018201484
0.0000000000,0.0018271856
0.0000000000,0.0018712187
0.0000000000,0.0018727307
0.0000000000,0.0019179441
0.0000000000,0.0020106658
0.0000000000,0.0020504866
0.0000000000,0.0020779173
0.0000000000,0.0020986709
0.0000000000,0.0021422540
0.0000000000,0.0022254111
0.0000000000,0.0022760876
0.0000000000,0.0022796080
0.0000000000,0.0023819725
0.0000000000,0.0024087171
0.0000000000,0.0024273789
0.0000000000,0.0024465946
0.0000000000,0.0024972896
0.0000000000,0.0025112263
0.0000000000,0.0025337343
0.0000000000,0.0025982417
0.0000000000,0.0026215233
0.0000000000,0.0026259085
0.0000000000,0.0026598887
0.0000000000,0.0026725663
0.0000000000,0.0027248878
0.0000000000,0.0027282550
0.0000000000,0.0027283893
0.0000000000,0.0027439133
0.0000000000,0.0027698358
0.0000000000,0.0027838899
0.0000000000,0.0027978956
0.0000000000,0.0028212580
0.0000000000,0.0028519791
0.0000000000,0.0028530625
0.0000000000,0.0029144802
0.0000000000,0.0030021665
0.0000000000,0.0030132588
0.0000000000,0.0030206088
0.0000000000,0.0030854370
0.0000000000,0.0031063922
0.0000000000,0.0031220573
0.0000000000,0.0031382437
0.0000000000,0.0031467092
0.0000000000,0.0031559865
0.0000000000,0.0032249207
0.0000000000,0.0032524588
0.0000000000,0.0032764778
0.0000000000,0.0032866432
0.0000000000,0.0033976524
0.0000000000,0.0034182447
0.0000000000,0.0034524784
0.0000000000,0.0034532093
0.0000000000,0.0034671642
0.0000000000,0.0035031335
0.0000000000,0.0035498166
0.0000000000,0.0035526797
0.0000000000,0.0035630008
0.0000000000,0.0036230790
0.0000000000,0.0036277368
0.0000000000,0.0036402969
0.0000000000,0.0036543712
0.0000000000,0.0037240123
0.0000000000,0.0037424373
0.0000000000,0.0037454613
0.0000000000,0.0038358881
0.0000000000,0.0038814670
0.0000000000,0.0039757611
0.0000000000,0.0039980351
0.0000000000,0.0039997241
0.0000000000,0.0040213317
0.0000000000,0.0040433169
0.0000000000,0.0040834546
0.0000000000,0.0041009733
0.0000000000,0.0041012052
0.0000000000,0.0041142032
0.0000000000,0.0041318443
0.0000000000,0.0041555078
0.0000000000,0.0041558347
0.0000000000,0.0041585783
0.0000000000,0.0041973419
0.0000000000,0.0042147259
0.0000000000,0.0042292718
0.0000000000,0.0042845081
0.0000000000,0.0042916127
0.0000000000,0.0043588504
0.0000000000,0.0044036512
0.0000000000,0.0044508222
0.0000000000,0.0044814036
0.0000000000,0.0045230421
0.0000000000,0.0045255632
0.0000000000,0.0045292596
0.0000000000,0.0045521753
0.0000000000,0.0045592161
0.0000000000,0.0045629409
0.0000000000,0.0045721889
0.0000000000,0.0045975018
0.0000000000,0.0046260543
0.0000000000,0.0046759946
0.0000000000,0.0046972330
0.0000000000,0.0047639450
0.0000000000,0.0048174341
0.0000000000,0.0048387824
0.0000000000,0.0048547578
0.0000000000,0.0048846044
0.0000000000,0.0048931893
0.0000000000,0.0049109533
0.0000000000,0.0049849246
0.0000000000,0.0049945791
0.0000000000,0.0050224527
0.0000000000,0.0050475770
0.0000000000,0.0050674686
0.0000000000,0.0050766771
0.0000000000,0.0051279203
0.0000000000,0.0051388363
0.0000000000,0.0051394301
0.0000000000,0.0051964833
0.0000000000,0.0052017532
0.0000000000,0.0052430467
0.0000000000,0.0052435473
0.0000000000,0.0052518169
0.0000000000,0.0052545113
0.0000000000,0.0052788840
0.0000000000,0.0053197774
0.0000000000,0.0053451327
0.0000000000,0.0053894338
0.0000000000,0.0054160981
0.0000000000,0.0054248730
0.0000000000,0.0054252907
0.0000000000,0.0054497756
0.0000000000,0.0054565100
0.0000000000,0.0054567787
0.0000000000,0.0054576714
0.0000000000,0.0054878267
0.0000000000,0.0055396715
0.0000000000,0.0055677798
0.0000000000,0.0055731861
0.0000000000,0.0055957912
0.0000000000,0.0056378292
0.0000000000,0.0056425161
0.0000000000,0.0056789964
0.0000000000,0.0057039582
0.0000000000,0.0057061249
0.0000000000,0.0057767532
0.0000000000,0.0057861689
0.0000000000,0.0058006975
0.0000000000,0.0058289603
0.0000000000,0.0058456855
0.0000000000,0.0059283315
0.0000000000,0.0060043330
0.0000000000,0.0060309307
0.0000000000,0.0060412176
0.0000000000,0.0060585835
0.0000000000,0.0060604024
0.0000000000,0.0061074919
0.0000000000,0.0061114831
0.0000000000,0.0061708740
0.0000000000,0.0061941384
0.0000000000,0.0062074326
0.0000000000,0.0062127844
0.0000000000,0.0062299478
0.0000000000,0.0062441146
0.0000000000,0.0062764874
0.0000000000,0.0062934184
0.0000000000,0.0062990231
0.0000000000,0.0063119731
0.0000000000,0.0063250172
0.0000000000,0.0064133620
0.0000000000,0.0064165215
0.0000000000,0.0064345128
0.0000000000,0.0064473855
0.0000000000,0.0064498414
0.0000000000,0.0064813630
0.0000000000,0.0065374994
0.0000000000,0.0065385178
0.0000000000,0.0065443544
0.0000000000,0.0065445118
0.0000000000,0.0065529556
0.0000000000,0.0065732864
0.0000000000,0.0065887850
0.0000000000,0.0066273529
0.0000000000,0.0066291597
0.0000000000,0.0066387742
0.0000000000,0.0066416645
0.0000000000,0.0066462811
0.0000000000,0.0066701188
0.0000000000,0.0066897352
0.0000000000,0.0067032399
0.0000000000,0.0067101312
0.0000000000,0.0067234710
0.0000000000,0.0067300885
0.0000000000,0.0067385561
0.0000000000,0.0067394483
0.0000000000,0.0067553781
0.0000000000,0.0067726937
0.0000000000,0.0067758234
0.0000000000,0.0067820279
0.0000000000,0.0067844880
0.0000000000,0.0067953048
0.0000000000,0.0068066767
0.0000000000,0.0068364893
0.0000000000,0.0068660141
0.0000000000,0.0068841339
0.0000000000,0.0068947654
0.0000000000,0.0069049569
0.0000000000,0.0069064186
0.0000000000,0.0069346633
0.0000000000,0.0069351657
0.0000000000,0.0069661113
0.0000000000,0.0070062671
0.0000000000,0.0070498209
0.0000000000,0.0070796730
0.0000000000,0.0070996331
0.0000000000,0.0071015637
0.0000000000,0.0071053593
0.0000000000,0.0071163382
0.0000000000,0.0071260016
0.0000000000,0.0071607712
0.0000000000,0.0071764863
0.0000000000,0.0072126803
0.0000000000,0.0072417040
0.0000000000,0.0072461581
0.0000000000,0.0072554736
0.0000000000,0.0072651263
0.0000000000,0.0072805937
0.0000000000,0.0073087425
0.0000000000,0.0073299780
0.0000000000,0.0073597394
0.0000000000,0.0073909876
0.0000000000,0.0073989746
0.0000000000,0.0074235043
0.0000000000,0.0074480246
0.0000000000,0.0074501964
0.0000000000,0.0074724117
0.0000000000,0.0074848747
0.0000000000,0.0074850013
0.0000000000,0.0074909227
0.0000000000,0.0075006904
0.0000000000,0.0075033070
0.0000000000,0.0075136763
0.0000000000,0.0075284555
0.0000000000,0.0075469064
0.0000000000,0.0075690988
0.0000000000,0.0076015666
0.0000000000,0.0076660267
0.0000000000,0.0076717762
0.0000000000,0.0076874928
0.0000000000,0.0077042338
0.0000000000,0.0077096010
0.0000000000,0.0077147805
0.0000000000,0.0077551310
0.0000000000,0.0077629341
0.0000000000,0.0077639678
0.0000000000,0.0077750143
0.0000000000,0.0077953204
0.0000000000,0.0078059644
0.0000000000,0.0078444369
0.0000000000,0.0078928228
0.0000000000,0.0079515222
0.0000000000,0.0079960702
0.0000000000,0.0079994481
0.0000000000,0.0080352919
0.0000000000,0.0080426633
0.0000000000,0.0080850571
0.0000000000,0.0081241596
0.0000000000,0.0081598461
0.0000000000,0.0081669092
0.0000000000,0.0082019465
0.0000000000,0.0082024103
0.0000000000,0.0082284063
0.0000000000,0.0082526701
0.0000000000,0.0082636885
0.0000000000,0.0082687875
0.0000000000,0.0082763396
0.0000000000,0.0082798498
0.0000000000,0.0082968557
0.0000000000,0.0083010700
0.0000000000,0.0083017685
0.0000000000,0.0083043305
0.0000000000,0.0083110156
0.0000000000,0.0083116693
0.0000000000,0.0083171567
0.0000000000,0.0083368719
0.0000000000,0.0083716828
0.0000000000,0.0083753848
0.0000000000,0.0083939042
0.0000000000,0.0084160166
0.0000000000,0.0084294518
0.0000000000,0.0084435549
0.0000000000,0.0084536420
0.0000000000,0.0084585436
0.0000000000,0.0084846178
0.0000000000,0.0084876977
0.0000000000,0.0084909908
0.0000000000,0.0085285744
0.0000000000,0.0085375095
0.0000000000,0.0085690161
0.0000000000,0.0086311083
0.0000000000,0.0086341612
0.0000000000,0.0086390395
0.0000000000,0.0086635249
0.0000000000,0.0086773811
0.0000000000,0.0086782090
0.0000000000,0.0086829746
0.0000000000,0.0086928252
0.0000000000,0.0086962925
0.0000000000,0.0087118577
0.0000000000,0.0087177008
0.0000000000,0.0087228529
0.0000000000,0.0087339608
0.0000000000,0.0088491505
0.0000000000,0.0088802883
0.0000000000,0.0089016445
0.0000000000,0.0089041870
0.0000000000,0.0089251027
0.0000000000,0.0089292517
0.0000000000,0.0089435764
0.0000000000,0.0089498227
0.0000000000,0.0089505203
0.0000000000,0.0089628072
0.0000000000,0.0089779636
0.0000000000,0.0089801028
0.0000000000,0.0090005547
0.0000000000,0.0090460842
0.0000000000,0.0090511264
0.0000000000,0.0090574184
0.0000000000,0.0090585193
0.0000000000,0.0091043506
0.0000000000,0.0091136135
0.0000000000,0.0091184322
0.0000000000,0.0091258818
0.0000000000,0.0091443779
0.0000000000,0.0091564413
0.0000000000,0.0091586374
0.0000000000,0.0091661820
0.0000000000,0.0091766659
0.0000000000,0.0091821365
0.0000000000,0.0091861598
0.0000000000,0.0092044352
0.0000000000,0.0092101917
0.0000000000,0.0092148054
0.0000000000,0.0092281038
0.0000000000,0.0092417710
0.0000000000,0.0092521086
0.0000000000,0.0092601506
0.0000000000,0.0092669241
0.0000000000,0.0093388390
0.0000000000,0.0093519893
0.0000000000,0.0093722651
0.0000000000,0.0093892962
0.0000000000,0.0093944659
0.0000000000,0.0094041284
0.0000000000,0.0094056204
0.0000000000,0.0094308509
0.0000000000,0.0094341086
0.0000000000,0.0094385808
0.0000000000,0.0094467364
0.0000000000,0.0094470549
0.0000000000,0.0095200390
0.0000000000,0.0095219575
0.0000000000,0.0095278900
0.0000000000,0.0095447544
0.0000000000,0.0095449714
0.0000000000,0.0095644854
0.0000000000,0.0095752487
0.0000000000,0.0096318405
0.0000000000,0.0096772779
0.0000000000,0.0096775647
0.0000000000,0.0096777696
0.0000000000,0.0096840030
0.0000000000,0.0097095156
0.0000000000,0.0097277779
0.0000000000,0.0097556422
0.0000000000,0.0097692087
0.0000000000,0.0097692255
0.0000000000,0.0097863786
0.0000000000,0.0097924247
0.0000000000,0.0097931512
0.0000000000,0.0098012881
0.0000000000,0.0098219067
0.0000000000,0.0099626482
0.0000000000,0.0099875322
0.0000000000,0.0100222407
0.0000000000,0.0100356629
0.0000000000,0.0100449054
0.0000000000,0.0100465268
0.0000000000,0.0100549841
0.0000000000,0.0100732083
0.0000000000,0.0100951539
0.0000000000,0.0101115005
0.0000000000,0.0101349372
0.0000000000,0.0101497741
0.0000000000,0.0101533541
0.0000000000,0.0102026407
0.0000000000,0.0102081969
0.0000000000,0.0102185030
0.0000000000,0.0102285733
0.0000000000,0.0102374200
0.0000000000,0.0102558406
0.0000000000,0.0102688177
0.0000000000,0.0102767423
0.0000000000,0.0102776727
0.0000000000,0.0102920802
0.0000000000,0.0103060715
0.0000000000,0.0103119863
0.0000000000,0.0103241308
0.0000000000,0.0103409542
0.0000000000,0.0103811771
0.0000000000,0.0103862183
0.0000000000,0.0103870453
0.0000000000,0.0103929667
0.0000000000,0.0104395775
0.0000000000,0.0104498072
0.0000000000,0.0104776118
0.0000000000,0.0104860933
0.0000000000,0.0104870945
0.0000000000,0.0104904631
0.0000000000,0.0104904724
0.0000000000,0.0105036339
0.0000000000,0.0105059426
0.0000000000,0.0105090225
0.0000000000,0.0105513176
0.0000000000,0.0105531467
0.0000000000,0.0105577679
0.0000000000,0.0105609968
0.0000000000,0.0105611552
0.0000000000,0.0106104622
0.0000000000,0.0106186420
0.0000000000,0.0106291752
0.0000000000,0.0106322896
0.0000000000,0.0106373699
0.0000000000,0.0106544215
0.0000000000,0.0106746443
0.0000000000,0.0106852548
0.0000000000,0.0106902653
0.0000000000,0.0107035171
0.0000000000,0.0107655395
0.0000000000,0.0107688084
0.0000000000,0.0107788676
0.0000000000,0.0107920133
0.0000000000,0.0107975509
0.0000000000,0.0108019682
0.0000000000,0.0108044315
0.0000000000,0.0108279651
0.0000000000,0.0108305858
0.0000000000,0.0108321961
0.0000000000,0.0108323358
0.0000000000,0.0108497459
0.0000000000,0.0108505813
0.0000000000,0.0108856456
0.0000000000,0.0108915726
0.0000000000,0.0108945230
0.0000000000,0.0109041706
0.0000000000,0.0109135574
0.0000000000,0.0109153427
0.0000000000,0.0109248776
0.0000000000,0.0109376730
0.0000000000,0.0109471772
0.0000000000,0.0109545514
0.0000000000,0.0109641971
0.0000000000,0.0109756533
0.0000000000,0.0110159777
0.0000000000,0.0110340444
0.0000000000,0.0110793430
0.0000000000,0.0111204721
0.0000000000,0.0111463722
0.0000000000,0.0111542754
0.0000000000,0.0111616980
0.0000000000,0.0111675533
0.0000000000,0.0111726606
0.0000000000,0.0111753857
0.0000000000,0.0111915823
0.0000000000,0.0112262191
0.0000000000,0.0112756584
0.0000000000,0.0112767173
0.0000000000,0.0112780593
0.0000000000,0.0112850321
0.0000000000,0.0112999473
0.0000000000,0.0113068419
0.0000000000,0.0113254273
0.0000000000,0.0113461716
0.0000000000,0.0113579929
0.0000000000,0.0113649359
0.0000000000,0.0113824019
0.0000000000,0.0114079164
0.0000000000,0.0114143528
0.0000000000,0.0114218686
0.0000000000,0.0114533864
0.0000000000,0.0114706457
0.0000000000,0.0114719290
0.0000000000,0.0114774229
0.0000000000,0.0114794010
0.0000000000,0.0114980843
0.0000000000,0.0115351826
0.0000000000,0.0115431473
0.0000000000,0.0116013950
0.0000000000,0.0116274161
0.0000000000,0.0116293654
0.0000000000,0.0116579207
0.0000000000,0.0116637368
0.0000000000,0.0116773434
0.0000000000,0.0116913710
0.0000000000,0.0116977356
0.0000000000,0.0117399003
0.0000000000,0.0118149444
0.0000000000,0.0118212057
0.0000000000,0.0118243508
0.0000000000,0.0118317194
0.0000000000,0.0118566630
0.0000000000,0.0119793452
0.0000000000,0.0120067177
0.0000000000,0.0120086661
0.0000000000,0.0120233996
0.0000000000,0.0120250378
0.0000000000,0.0120618613
0.0000000000,0.0120697673
0.0000000000,0.0120810643
0.0000000000,0.0120824352
0.0000000000,0.0120979669
0.0000000000,0.0120994365
0.0000000000,0.0121135348
0.0000000000,0.0121171670
0.0000000000,0.0121208047
0.0000000000,0.0121348081
0.0000000000,0.0121621806
0.0000000000,0.0121863028
0.0000000000,0.0121936854
0.0000000000,0.0122149838
0.0000000000,0.0122457687
0.0000000000,0.0122584691
0.0000000000,0.0123417480
0.0000000000,0.0123882769
0.0000000000,0.0123978937
0.0000000000,0.0124373715
0.0000000000,0.0124514420
0.0000000000,0.0124598956
0.0000000000,0.0124718351
0.0000000000,0.0124982689
0.0000000000,0.0125062643
0.0000000000,0.0125103127
0.0000000000,0.0125261275
0.0000000000,0.0125289550
0.0000000000,0.0125445621
0.0000000000,0.0125467284
0.0000000000,0.0125529747
0.0000000000,0.0125683574
0.0000000000,0.0125868367
0.0000000000,0.0125980461
0.0000000000,0.0126027204
0.0000000000,0.0126374606
0.0000000000,0.0126500344
0.0000000000,0.0126630794
0.0000000000,0.0126788318
0.0000000000,0.0126969665
0.0000000000,0.0127092320
0.0000000000,0.0127193714
0.0000000000,0.0127287386
0.0000000000,0.0127402544
0.0000000000,0.0127657587
0.0000000000,0.0128216576
0.0000000000,0.0128330430
0.0000000000,0.0128639517
0.0000000000,0.0128690256
0.0000000000,0.0128996829
0.0000000000,0.0129071278
0.0000000000,0.0129139973
0.0000000000,0.0129200276
0.0000000000,0.0129627259
0.0000000000,0.0129689975
0.0000000000,0.0129923085
0.0000000000,0.0129998019
0.0000000000,0.0130023165
0.0000000000,0.0130098350
0.0000000000,0.0130334534
0.0000000000,0.0130336070
0.0000000000,0.0130749987
0.0000000000,0.0130887087
0.0000000000,0.0130890235
0.0000000000,0.0131029636
0.0000000000,0.0131059112
0.0000000000,0.0131220547
0.0000000000,0.0131465727
0.0000000000,0.0131529793
0.0000000000,0.0131591232
0.0000000000,0.0131820207
0.0000000000,0.0132194515
0.0000000000,0.0132349217
0.0000000000,0.0132456748
0.0000000000,0.0132583193
0.0000000000,0.0132775484
0.0000000000,0.0132833291
0.0000000000,0.0132925622
0.0000000000,0.0133084403
0.0000000000,0.0133402376
0.0000000000,0.0133480309
0.0000000000,0.0133580938
0.0000000000,0.0133794704
0.0000000000,0.0133809475
0.0000000000,0.0134202624
0.0000000000,0.0134601770
0.0000000000,0.0134608243
0.0000000000,0.0134771122
0.0000000000,0.0134788966
0.0000000000,0.0135107562
0.0000000000,0.0135256965
0.0000000000,0.0135516468
0.0000000000,0.0135689760
0.0000000000,0.0135713369
0.0000000000,0.0136283021
0.0000000000,0.0136729786
0.0000000000,0.0136823319
0.0000000000,0.0137136867
0.0000000000,0.0137320282
0.0000000000,0.0137392161
0.0000000000,0.0137491925
0.0000000000,0.0137603581
0.0000000000,0.0137895308
0.0000000000,0.0138099138
0.0000000000,0.0138106458
0.0000000000,0.0138201499
0.0000000000,0.0138591155
0.0000000000,0.0138658462
0.0000000000,0.0138693266
0.0000000000,0.0138703315
0.0000000000,0.0138824992
0.0000000000,0.0139163882
0.0000000000,0.0139322225
0.0000000000,0.0139438286
0.0000000000,0.0139482431
0.0000000000,0.0139541784
0.0000000000,0.0139659643
0.0000000000,0.0139755877
0.0000000000,0.0139963161
0.0000000000,0.0140125342
0.0000000000,0.0140400650
0.0000000000,0.0140616521
0.0000000000,0.0140813412
0.0000000000,0.0140919965
0.0000000000,0.0140979989
0.0000000000,0.0140996417
0.0000000000,0.0141316457
0.0000000000,0.0141619463
0.0000000000,0.0141627640
0.0000000000,0.0141824577
0.0000000000,0.0142031275
0.0000000000,0.0142191816
0.0000000000,0.0142326765
0.0000000000,0.0142371189
0.0000000000,0.0142520033
0.0000000000,0.0142522268
0.0000000000,0.0142543353
0.0000000000,0.0142791392
0.0000000000,0.0143108657
0.0000000000,0.0143169900
0.0000000000,0.0143408803
0.0000000000,0.0143444147
0.0000000000,0.0143473167
0.0000000000,0.0143898251
0.0000000000,0.0143950786
0.0000000000,0.0144314356
0.0000000000,0.0144438455
0.0000000000,0.0144480346
0.0000000000,0.0144834081
0.0000000000,0.0144849420
0.0000000000,0.0144858649
0.0000000000,0.0144923162
0.0000000000,0.0144976480
0.0000000000,0.0145109473
0.0000000000,0.0145302527
0.0000000000,0.0145740509
0.0000000000,0.0145882554
0.0000000000,0.0145992190
0.0000000000,0.0146149369
0.0000000000,0.0147264358
0.0000000000,0.0147405537
0.0000000000,0.0147481151
0.0000000000,0.0147819752
0.0000000000,0.0147979492
0.0000000000,0.0148158344
0.0000000000,0.0148470085
0.0000000000,0.0148528032
0.0000000000,0.0148652019
0.0000000000,0.0148689337
0.0000000000,0.0148972357
0.0000000000,0.0149003929
0.0000000000,0.0149166798
0.0000000000,0.0149206314
0.0000000000,0.0149291446
0.0000000000,0.0149448235
0.0000000000,0.0149697494
0.0000000000,0.0149818454
0.0000000000,0.0150051694
0.0000000000,0.0150066139
0.0000000000,0.0150569109
0.0000000000,0.0151111111
0.0000000000,0.0151150683
0.0000000000,0.0151399095
0.0000000000,0.0151571650
0.0000000000,0.0151689919
0.0000000000,0.0151752112
0.0000000000,0.0151845878
0.0000000000,0.0152031332
0.0000000000,0.0152499806
0.0000000000,0.0152645549
0.0000000000,0.0152648296
0.0000000000,0.0152738104
0.0000000000,0.0152739501
0.0000000000,0.0153319137
0.0000000000,0.0153320534
0.0000000000,0.0153435525
0.0000000000,0.0153592592
0.0000000000,0.0153616415
0.0000000000,0.0153667452
0.0000000000,0.0153705180
0.0000000000,0.0153749855
0.0000000000,0.0153837577
0.0000000000,0.0153971640
0.0000000000,0.0154059483
0.0000000000,0.0154084675
0.0000000000,0.0154192019
0.0000000000,0.0154642388
0.0000000000,0.0155018326
0.0000000000,0.0155203110
0.0000000000,0.0155258682
0.0000000000,0.0155279357
0.0000000000,0.0155524397
0.0000000000,0.0155695584
0.0000000000,0.0155964931
0.0000000000,0.0156377722
0.0000000000,0.0156403165
0.0000000000,0.0156699941
0.0000000000,0.0156720821
0.0000000000,0.0157071892
0.0000000000,0.0157177728
0.0000000000,0.0157382526
0.0000000000,0.0157470945
0.0000000000,0.0157757830
0.0000000000,0.0157856457
0.0000000000,0.0157880634
0.0000000000,0.0158282034
0.0000000000,0.0158508066
0.0000000000,0.0158802941
0.0000000000,0.0158808921
0.0000000000,0.0159198456
0.0000000000,0.0159505587
0.0000000000,0.0159578454
0.0000000000,0.0159784667
0.0000000000,0.0159987099
0.0000000000,0.0160051342
0.0000000000,0.0160321407
0.0000000000,0.0160337649
0.0000000000,0.0160386767
0.0000000000,0.0160444658
0.0000000000,0.0160537045
0.0000000000,0.0160705838
0.0000000000,0.0160710737
0.0000000000,0.0160853267
0.0000000000,0.0160885155
0.0000000000,0.0161250941
0.0000000000,0.0161368772
0.0000000000,0.0161397867
0.0000000000,0.0161487535
0.0000000000,0.0161530506
0.0000000000,0.0161679890
0.0000000000,0.0161732752
0.0000000000,0.0161793735
0.0000000000,0.0161891449
0.0000000000,0.0161991958
0.0000000000,0.0162373092
0.0000000000,0.0162483193
0.0000000000,0.0162912738
0.0000000000,0.0162931141
0.0000000000,0.0163079109
0.0000000000,0.0163196921
0.0000000000,0.0163338184
0.0000000000,0.0163370874
0.0000000000,0.0163371004
0.0000000000,0.0163402110
0.0000000000,0.0163499452
0.0000000000,0.0163736753
0.0000000000,0.0163932852
0.0000000000,0.0164009761
0.0000000000,0.0164038930
0.0000000000,0.0164048206
0.0000000000,0.0164499637
0.0000000000,0.0164568126
0.0000000000,0.0164721608
0.0000000000,0.0164765101
0.0000000000,0.0164839383
0.0000000000,0.0165062658
0.0000000000,0.0165218543
0.0000000000,0.0165252220
0.0000000000,0.0165367648
0.0000000000,0.0165377390
0.0000000000,0.0165526792
0.0000000000,0.0165564138
0.0000000000,0.0165596996
0.0000000000,0.0165719111
0.0000000000,0.0165819265
0.0000000000,0.0165937115
0.0000000000,0.0166035369
0.0000000000,0.0166220311
0.0000000000,0.0166233387
0.0000000000,0.0166468024
0.0000000000,0.0167073999
0.0000000000,0.0167122260
0.0000000000,0.0167198423
0.0000000000,0.0167292915
0.0000000000,0.0167356022
0.0000000000,0.0167646315
0.0000000000,0.0167757757
0.0000000000,0.0167809483
0.0000000000,0.0167878084
0.0000000000,0.0167962499
0.0000000000,0.0168259759
0.0000000000,0.0168841500
0.0000000000,0.0168871097
0.0000000000,0.0168907251
0.0000000000,0.0169145539
0.0000000000,0.0169385374
0.0000000000,0.0169442836
0.0000000000,0.0169753954
0.0000000000,0.0170093980
0.0000000000,0.0170430113
0.0000000000,0.0170598887
0.0000000000,0.0170762595
0.0000000000,0.0170892105
0.0000000000,0.0171282962
0.0000000000,0.0171710309
0.0000000000,0.0171854366
0.0000000000,0.0171877146
0.0000000000,0.0172034372
0.0000000000,0.0172612835
0.0000000000,0.0172622167
0.0000000000,0.0172683224
0.0000000000,0.0172780789
0.0000000000,0.0173270497
0.0000000000,0.0173547622
0.0000000000,0.0173558779
0.0000000000,0.0173820108
0.0000000000,0.0173856504
0.0000000000,0.0173925851
0.0000000000,0.0174004175
0.0000000000,0.0174027104
0.0000000000,0.0174237154
0.0000000000,0.0174324233
0.0000000000,0.0174431447
0.0000000000,0.0174457058
0.0000000000,0.0174990930
0.0000000000,0.0175062623
0.0000000000,0.0175224189
0.0000000000,0.0175422989
0.0000000000,0.0176329538
0.0000000000,0.0176335555
0.0000000000,0.0176568013
0.0000000000,0.0176647399
0.0000000000,0.0176685285
0.0000000000,0.0176887289
0.0000000000,0.0176983010
0.0000000000,0.0177366473
0.0000000000,0.0177481845
0.0000000000,0.0177485738
0.0000000000,0.0177605767
0.0000000000,0.0177847911
0.0000000000,0.0177897885
0.0000000000,0.0178032890
0.0000000000,0.0178083740
0.0000000000,0.0178122781
0.0000000000,0.0178583749
0.0000000000,0.0178585034
0.0000000000,0.0178778023
0.0000000000,0.0178860892
0.0000000000,0.0178867187
0.0000000000,0.0178871527
0.0000000000,0.0178909022
0.0000000000,0.0178996455
0.0000000000,0.0179010406
0.0000000000,0.0179122575
0.0000000000,0.0179125853
0.0000000000,0.0179543495
0.0000000000,0.0179602057
0.0000000000,0.0179635733
0.0000000000,0.0179638248
0.0000000000,0.0179725830
0.0000000000,0.0179865155
0.0000000000,0.0179880001
0.0000000000,0.0179929882
0.0000000000,0.0179969165
0.0000000000,0.0180681814
0.0000000000,0.0180775039
0.0000000000,0.0180833247
0.0000000000,0.0180860646
0.0000000000,0.0180890039
0.0000000000,0.0180920605
0.0000000000,0.0181039497
0.0000000000,0.0181059893
0.0000000000,0.0181217007
0.0000000000,0.0181270130
0.0000000000,0.0181324035
0.0000000000,0.0181333292
0.0000000000,0.0181402639
0.0000000000,0.0182272270
0.0000000000,0.0182368644
0.0000000000,0.0182517637
0.0000000000,0.0183128826
0.0000000000,0.0183198527
0.0000000000,0.0183323640
0.0000000000,0.0183356255
0.0000000000,0.0183519870
0.0000000000,0.0183533318
0.0000000000,0.0183594823
0.0000000000,0.0184150245
0.0000000000,0.0184296109
0.0000000000,0.0184300356
0.0000000000,0.0184341148
0.0000000000,0.0184362270
0.0000000000,0.0184460934
0.0000000000,0.0184516441
0.0000000000,0.0184562076
0.0000000000,0.0184835419
0.0000000000,0.0184856430
0.0000000000,0.0184865538
0.0000000000,0.0185030308
0.0000000000,0.0185203012
0.0000000000,0.0185338482
0.0000000000,0.0185462497
0.0000000000,0.0185628328
0.0000000000,0.0186080337
0.0000000000,0.0186506715
0.0000000000,0.0186602194
0.0000000000,0.0186606217
0.0000000000,0.0186661538
0.0000000000,0.0186721757
0.0000000000,0.0186776016
0.0000000000,0.0186988320
0.0000000000,0.0187039785
0.0000000000,0.0187558550
0.0000000000,0.0187637433
0.0000000000,0.0187785923
0.0000000000,0.0188019685
0.0000000000,0.0188082568
0.0000000000,0.0188281387
0.0000000000,0.0188649166
0.0000000000,0.0188655537
0.0000000000,0.0188884195
0.0000000000,0.0188908260
0.0000000000,0.0188941099
0.0000000000,0.0189243257
0.0000000000,0.0189484693
0.0000000000,0.0190161634
0.0000000000,0.0190703347
0.0000000000,0.0190895088
0.0000000000,0.0190899428
0.0000000000,0.0191067029
0.0000000000,0.0191094764
0.0000000000,0.0191735625
0.0000000000,0.0192020219
0.0000000000,0.0192541424
0.0000000000,0.0192600135
0.0000000000,0.0192641448
0.0000000000,0.0192749929
0.0000000000,0.0192890652
0.0000000000,0.0193680059
0.0000000000,0.0193812419
0.0000000000,0.0193963256
0.0000000000,0.0194100104
0.0000000000,0.0194147713
0.0000000000,0.0194190312
0.0000000000,0.0194555558
0.0000000000,0.0194578916
0.0000000000,0.0194654278
0.0000000000,0.0194825400
0.0000000000,0.0195112843
0.0000000000,0.0195384175
0.0000000000,0.0195476655
0.0000000000,0.0195652377
0.0000000000,0.0195727572
0.0000000000,0.0195771214
0.0000000000,0.0195842478
0.0000000000,0.0195848495
0.0000000000,0.0196025763
0.0000000000,0.0196122192
0.0000000000,0.0196201857
0.0000000000,0.0196219273
0.0000000000,0.0196259711
0.0000000000,0.0196268596
0.0000000000,0.0196322389
0.0000000000,0.0196552146
0.0000000000,0.0196580421
0.0000000000,0.0196659397
0.0000000000,0.0196769331
0.0000000000,0.0196952932
0.0000000000,0.0197177362
0.0000000000,0.0197205376
0.0000000000,0.0197408088
0.0000000000,0.0197584126
0.0000000000,0.0197604075
0.0000000000,0.0197659656
0.0000000000,0.0197863597
0.0000000000,0.0199006591
0.0000000000,0.0199014060
0.0000000000,0.0199132692
0.0000000000,0.0199241303
0.0000000000,0.0199252963
0.0000000000,0.0199682470
0.0000000000,0.0199830271
0.0000000000,0.0199839547
0.0000000000,0.0199912824
0.0000000000,0.0200391281
0.0000000000,0.0200444814
0.0000000000,0.0200713258
0.0000000000,0.0200838149
0.0000000000,0.0200880021
0.0000000000,0.0200898107
0.0000000000,0.0201099683
0.0000000000,0.0201415401
0.0000000000,0.0201903079
0.0000000000,0.0201917887
0.0000000000,0.0202009249
0.0000000000,0.0202230010
0.0000000000,0.0202419069
0.0000000000,0.0202469882
0.0000000000,0.0202475321
0.0000000000,0.0202505738
0.0000000000,0.0202836096
0.0000000000,0.0202995483
0.0000000000,0.0204207134
0.0000000000,0.0204571467
0.0000000000,0.0204688348
0.0000000000,0.0204755627
0.0000000000,0.0204956252
0.0000000000,0.0205167942
0.0000000000,0.0205553453
0.0000000000,0.0205771830
0.0000000000,0.0205865968
0.0000000000,0.0206121430
0.0000000000,0.0206144210
0.0000000000,0.0207435824
0.0000000000,0.0207623541
0.0000000000,0.0207631662
0.0000000000,0.0207724366
0.0000000000,0.0208060611
0.0000000000,0.0208078809
0.0000000000,0.0208533201
0.0000000000,0.0208578296
0.0000000000,0.0208595507
0.0000000000,0.0208904892
0.0000000000,0.0208996143
0.0000000000,0.0209000818
0.0000000000,0.0209532715
0.0000000000,0.0209552236
0.0000000000,0.0209980439
0.0000000000,0.0210072678
0.0000000000,0.0210114047
0.0000000000,0.0210180450
0.0000000000,0.0210200772
0.0000000000,0.0210323911
0.0000000000,0.0210491288
0.0000000000,0.0210573357
0.0000000000,0.0211062934
0.0000000000,0.0211152229
0.0000000000,0.0211219937
0.0000000000,0.0211223103
0.0000000000,0.0211345702
0.0000000000,0.0211600363
0.0000000000,0.0211800020
0.0000000000,0.0212209243
0.0000000000,0.0212229863
0.0000000000,0.0212372839
0.0000000000,0.0212387834
0.0000000000,0.0212583505
0.0000000000,0.0212747399
0.0000000000,0.0213025678
0.0000000000,0.0213220976
0.0000000000,0.0213513747
0.0000000000,0.0213700254
0.0000000000,0.0213767868
0.0000000000,0.0213991292
0.0000000000,0.0214070342
0.0000000000,0.0214115120
0.0000000000,0.0214373972
0.0000000000,0.0214400664
0.0000000000,0.0214764420
0.0000000000,0.0214766860
0.0000000000,0.0214853901
0.0000000000,0.0214878004
0.0000000000,0.0215375163
0.0000000000,0.0215640422
0.0000000000,0.0215840265
0.0000000000,0.0215951018
0.0000000000,0.0215967223
0.0000000000,0.0216097292
0.0000000000,0.0216153376
0.0000000000,0.0216469951
0.0000000000,0.0216646716
0.0000000000,0.0216824207
0.0000000000,0.0217006207
0.0000000000,0.0217011627
0.0000000000,0.0217100084
0.0000000000,0.0217101779
0.0000000000,0.0217245314
0.0000000000,0.0217517689
0.0000000000,0.0217695106
0.0000000000,0.0217777230
0.0000000000,0.0217831451
0.0000000000,0.0217898898
0.0000000000,0.0218525194
0.0000000000,0.0218735132
0.0000000000,0.0218759663
0.0000000000,0.0219037775
0.0000000000,0.0219091028
0.0000000000,0.0219173227
0.0000000000,0.0219541620
0.0000000000,0.0219688881
0.0000000000,0.0219820272
0.0000000000,0.0220092256
0.0000000000,0.0220557880
0.0000000000,0.0221468769
0.0000000000,0.0221495740
0.0000000000,0.0221586861
0.0000000000,0.0222472772
0.0000000000,0.0222708154
0.0000000000,0.0223351065
0.0000000000,0.0223507714
0.0000000000,0.0223666281
0.0000000000,0.0223831646
0.0000000000,0.0224387199
0.0000000000,0.0224488471
0.0000000000,0.0225425810
0.0000000000,0.0225513168
0.0000000000,0.0225654654
0.0000000000,0.0225998946
0.0000000000,0.0226136837
0.0000000000,0.0226857197
0.0000000000,0.0227077417
0.0000000000,0.0227298718
0.0000000000,0.0227738936
0.0000000000,0.0228117723
0.0000000000,0.0228330772
0.0000000000,0.0228437372
0.0000000000,0.0228857733
0.0000000000,0.0228965674
0.0000000000,0.0229028035
0.0000000000,0.0229067728
0.0000000000,0.0229423493
0.0000000000,0.0229438581
0.0000000000,0.0229588021
0.0000000000,0.0229961686
0.0000000000,0.0230470989
0.0000000000,0.0230553783
0.0000000000,0.0230709855
0.0000000000,0.0230716132
0.0000000000,0.0232027899
0.0000000000,0.0232317746
0.0000000000,0.0233158413
0.0000000000,0.0233274736
0.0000000000,0.0233323351
0.0000000000,0.0233546868
0.0000000000,0.0233622901
0.0000000000,0.0234031323
0.0000000000,0.0234057661
0.0000000000,0.0234547257
0.0000000000,0.0234798007
0.0000000000,0.0235115867
0.0000000000,0.0236298889
0.0000000000,0.0236487016
0.0000000000,0.0236510020
0.0000000000,0.0236768294
0.0000000000,0.0236827713
0.0000000000,0.0237133261
0.0000000000,0.0237798281
0.0000000000,0.0237957425
0.0000000000,0.0238496307
0.0000000000,0.0238560047
0.0000000000,0.0239800252
0.0000000000,0.0240005106
0.0000000000,0.0240500756
0.0000000000,0.0240928195
0.0000000000,0.0241237227
0.0000000000,0.0241446700
0.0000000000,0.0241479091
0.0000000000,0.0241836403
0.0000000000,0.0242013726
0.0000000000,0.0242637135
0.0000000000,0.0242886003
0.0000000000,0.0242961850
0.0000000000,0.0243192725
0.0000000000,0.0243514292
0.0000000000,0.0243592374
0.0000000000,0.0243676193
0.0000000000,0.0244240407
0.0000000000,0.0244299676
0.0000000000,0.0245771296
0.0000000000,0.0246108491
0.0000000000,0.0246466361
0.0000000000,0.0246681422
0.0000000000,0.0246725623
0.0000000000,0.0246803574
0.0000000000,0.0246895887
0.0000000000,0.0246978849
0.0000000000,0.0246987510
0.0000000000,0.0247052629
0.0000000000,0.0247880761
0.0000000000,0.0248460993
0.0000000000,0.0248564109
0.0000000000,0.0248886347
0.0000000000,0.0249111727
0.0000000000,0.0249197911
0.0000000000,0.0249722190
0.0000000000,0.0249926616
0.0000000000,0.0249965377
0.0000000000,0.0250161439
0.0000000000,0.0251723900
0.0000000000,0.0251736734
0.0000000000,0.0251960922
0.0000000000,0.0252031647
0.0000000000,0.0252749212
0.0000000000,0.0252863597
0.0000000000,0.0253000688
0.0000000000,0.0253537111
0.0000000000,0.0253576636
0.0000000000,0.0253829621
0.0000000000,0.0253939331
0.0000000000,0.0253969412
0.0000000000,0.0254076067
0.0000000000,0.0254083686
0.0000000000,0.0254184641
0.0000000000,0.0254372116
0.0000000000,0.0254786853
0.0000000000,0.0254814792
0.0000000000,0.0255091116
0.0000000000,0.0255214423
0.0000000000,0.0255315173
0.0000000000,0.0256263018
0.0000000000,0.0257075299
0.0000000000,0.0257440880
0.0000000000,0.0257684439
0.0000000000,0.0257752854
0.0000000000,0.0258324444
0.0000000000,0.0258400552
0.0000000000,0.0258824136
0.0000000000,0.0259630457
0.0000000000,0.0260046329
0.0000000000,0.0260196701
0.0000000000,0.0260516498
0.0000000000,0.0260660164
0.0000000000,0.0261918362
0.0000000000,0.0262931455
0.0000000000,0.0263138320
0.0000000000,0.0263640415
0.0000000000,0.0263720676
0.0000000000,0.0264622532
0.0000000000,0.0265550967
0.0000000000,0.0265554283
0.0000000000,0.0265619010
0.0000000000,0.0265666582
0.0000000000,0.0266181920
0.0000000000,0.0266752187
0.0000000000,0.0267327242
0.0000000000,0.0267374590
0.0000000000,0.0267541427
0.0000000000,0.0267648418
0.0000000000,0.0269902516
0.0000000000,0.0270218886
0.0000000000,0.0270761512
0.0000000000,0.0271388907
0.0000000000,0.0271440092
0.0000000000,0.0271555297
0.0000000000,0.0271899663
0.0000000000,0.0271905661
0.0000000000,0.0272508282
0.0000000000,0.0272712931
0.0000000000,0.0273048524
0.0000000000,0.0273469724
0.0000000000,0.0274190698
0.0000000000,0.0274343602
0.0000000000,0.0274421386
0.0000000000,0.0274504293
0.0000000000,0.0274536833
0.0000000000,0.0274640564
0.0000000000,0.0274939556
0.0000000000,0.0274983849
0.0000000000,0.0275394451
0.0000000000,0.0275511052
0.0000000000,0.0276212916
0.0000000000,0.0276402999
0.0000000000,0.0276676733
0.0000000000,0.0277406629
0.0000000000,0.0278105605
0.0000000000,0.0278995577
0.0000000000,0.0279168803
0.0000000000,0.0279307328
0.0000000000,0.0279511753
0.0000000000,0.0279908441
0.0000000000,0.0279926322
0.0000000000,0.0280455183
0.0000000000,0.0280801300
0.0000000000,0.0280922800
0.0000000000,0.0282247290
0.0000000000,0.0283342283
0.0000000000,0.0284018461
0.0000000000,0.0284639634
0.0000000000,0.0284653530
0.0000000000,0.0284993444
0.0000000000,0.0285200458
0.0000000000,0.0285778530
0.0000000000,0.0285930596
0.0000000000,0.0286018513
0.0000000000,0.0286888294
0.0000000000,0.0286946334
0.0000000000,0.0288314093
0.0000000000,0.0288456734
0.0000000000,0.0288722198
0.0000000000,0.0289599076
0.0000000000,0.0289717298
0.0000000000,0.0289846323
0.0000000000,0.0290218946
0.0000000000,0.0291481018
0.0000000000,0.0291765109
0.0000000000,0.0292618703
0.0000000000,0.0292711351
0.0000000000,0.0293347090
0.0000000000,0.0293379780
0.0000000000,0.0294447318
0.0000000000,0.0295042079
0.0000000000,0.0297304038
0.0000000000,0.0298396070
0.0000000000,0.0298867431
0.0000000000,0.0299111661
0.0000000000,0.0300003607
0.0000000000,0.0300103389
0.0000000000,0.0300169382
0.0000000000,0.0300206151
0.0000000000,0.0302166492
0.0000000000,0.0302182902
0.0000000000,0.0303143300
0.0000000000,0.0304062665
0.0000000000,0.0307069886
0.0000000000,0.0307323616
0.0000000000,0.0309313312
0.0000000000,0.0309489667
0.0000000000,0.0309950281
0.0000000000,0.0310036652
0.0000000000,0.0310360342
0.0000000000,0.0310626142
0.0000000000,0.0311117806
0.0000000000,0.0311380997
0.0000000000,0.0313856192
0.0000000000,0.0315553434
0.0000000000,0.0316178799
0.0000000000,0.0316475220
0.0000000000,0.0317939892
0.0000000000,0.0317985117
0.0000000000,0.0318622030
0.0000000000,0.0320639573
0.0000000000,0.0320642814
0.0000000000,0.0320889316
0.0000000000,0.0321499221
0.0000000000,0.0321898051
0.0000000000,0.0322133042
0.0000000000,0.0323465504
0.0000000000,0.0323833525
0.0000000000,0.0324763991
0.0000000000,0.0324837863
0.0000000000,0.0324944071
0.0000000000,0.0324966386
0.0000000000,0.0326464847
0.0000000000,0.0326633714
0.0000000000,0.0326804221
0.0000000000,0.0327053815
0.0000000000,0.0327642076
0.0000000000,0.0329199918
0.0000000000,0.0330920778
0.0000000000,0.0331193991
0.0000000000,0.0331874229
0.0000000000,0.0332060270
0.0000000000,0.0333912410
0.0000000000,0.0335220471
0.0000000000,0.0335534513
0.0000000000,0.0336772054
0.0000000000,0.0337479822
0.0000000000,0.0337894596
0.0000000000,0.0338291079
0.0000000000,0.0341517702
0.0000000000,0.0341525190
0.0000000000,0.0343341753
0.0000000000,0.0343420617
0.0000000000,0.0345366448
0.0000000000,0.0347851701
0.0000000000,0.0348474309
0.0000000000,0.0349731371
0.0000000000,0.0350369327
0.0000000000,0.0351377353
0.0000000000,0.0353774577
0.0000000000,0.0354963690
0.0000000000,0.0357167497
0.0000000000,0.0358405970
0.0000000000,0.0359730311
0.0000000000,0.0360296145
0.0000000000,0.0361363627
0.0000000000,0.0361841209
0.0000000000,0.0362245440
0.0000000000,0.0362308100
0.0000000000,0.0362434015
0.0000000000,0.0364737287
0.0000000000,0.0366397053
0.0000000000,0.0366712511
0.0000000000,0.0366988815
0.0000000000,0.0367039740
0.0000000000,0.0368717909
0.0000000000,0.0368921869
0.0000000000,0.0369032882
0.0000000000,0.0369609669
0.0000000000,0.0373518765
0.0000000000,0.0376707166
0.0000000000,0.0377759039
0.0000000000,0.0378969386
0.0000000000,0.0381974392
0.0000000000,0.0384306982
0.0000000000,0.0385282896
0.0000000000,0.0391514339
0.0000000000,0.0406861193
0.0000000000,0.0408141725
0.0000000000,0.0421329662
0.0000000000,0.0424465574
0.0000000000,0.0437050387
0.0000000000,0.0439640544
0.0000000000,0.0442068949
0.0000000000,0.0446171016
0.0000000000,0.0475914851
0.0000000000,0.0476994850
0.0000000000,0.0493451245
0.0000000000,0.0494085178
0.0000000000,0.0504425541
0.0000000000,0.0515331328
0.0000000000,0.0528439693
0.0000000000,0.0588850453
0.0000000000,0.0589140765
0.0000000000,0.0640060976
0.0000000000,       inf
