0.0000000000,0.0001000667
0.0000000000,0.0002001335
0.0000000000,0.0003550242
0.0000000000,0.0004002670
0.0000000000,0.0004648449
0.0000000000,0.0004988922
0.0000000000,0.0005780445
0.0000000000,0.0007100484
0.0000000000,0.0008005340
0.0000000000,0.0008480738
0.0000000000,0.0009107282
0.0000000000,0.0009296898
0.0000000000,0.0009977844
0.0000000000,0.0011416940
0.0000000000,0.0011560890
0.0000000000,0.0014200968
0.0000000000,0.0015952116
0.0000000000,0.0016010680
0.0000000000,0.0016961476
0.0000000000,0.0017152691
0.0000000000,0.0017165533
0.0000000000,0.0018214564
0.0000000000,0.0018225654
0.0000000000,0.0018593797
0.0000000000,0.0019102854
0.0000000000,0.0019955689
0.0000000000,0.0020431718
0.0000000000,0.0020593263
0.0000000000,0.0021094065
0.0000000000,0.0022768113
0.0000000000,0.0022833881
0.0000000000,0.0023121780
0.0000000000,0.0023543253
0.0000000000,0.0023690478
0.0000000000,0.0024421578
0.0000000000,0.0025415414
0.0000000000,0.0025418389
0.0000000000,0.0025559538
0.0000000000,0.0025866458
0.0000000000,0.0026827459
0.0000000000,0.0028384007
0.0000000000,0.0028393695
0.0000000000,0.0028514965
0.0000000000,0.0028697285
0.0000000000,0.0029074622
0.0000000000,0.0029588365
0.0000000000,0.0029655581
0.0000000000,0.0031209735
0.0000000000,0.0031263155
0.0000000000,0.0031694905
0.0000000000,0.0031854822
0.0000000000,0.0031904231
0.0000000000,0.0032021359
0.0000000000,0.0032130720
0.0000000000,0.0032148513
0.0000000000,0.0032301140
0.0000000000,0.0033038813
0.0000000000,0.0033044512
0.0000000000,0.0033056317
0.0000000000,0.0033331274
0.0000000000,0.0033405118
0.0000000000,0.0033991823
0.0000000000,0.0034089822
0.0000000000,0.0034305381
0.0000000000,0.0034331067
0.0000000000,0.0034591130
0.0000000000,0.0035778598
0.0000000000,0.0035969347
0.0000000000,0.0036429127
0.0000000000,0.0036451309
0.0000000000,0.0037187594
0.0000000000,0.0037266081
0.0000000000,0.0038266976
0.0000000000,0.0038470642
0.0000000000,0.0038566014
0.0000000000,0.0038587598
0.0000000000,0.0038701524
0.0000000000,0.0039322218
0.0000000000,0.0039864830
0.0000000000,0.0039911377
0.0000000000,0.0039991443
0.0000000000,0.0041186525
0.0000000000,0.0042188130
0.0000000000,0.0042199446
0.0000000000,0.0042362409
0.0000000000,0.0042847032
0.0000000000,0.0043150191
0.0000000000,0.0044508390
0.0000000000,0.0044595506
0.0000000000,0.0044609518
0.0000000000,0.0045149662
0.0000000000,0.0045303716
0.0000000000,0.0045536226
0.0000000000,0.0045590810
0.0000000000,0.0045667761
0.0000000000,0.0045934515
0.0000000000,0.0045971530
0.0000000000,0.0046105385
0.0000000000,0.0046243561
0.0000000000,0.0046859803
0.0000000000,0.0047086505
0.0000000000,0.0047291610
0.0000000000,0.0047558518
0.0000000000,0.0047585028
0.0000000000,0.0048180711
0.0000000000,0.0048402785
0.0000000000,0.0048426986
0.0000000000,0.0048843157
0.0000000000,0.0050026574
0.0000000000,0.0050830827
0.0000000000,0.0050836778
0.0000000000,0.0051047518
0.0000000000,0.0051119076
0.0000000000,0.0051228628
0.0000000000,0.0051732915
0.0000000000,0.0052615567
0.0000000000,0.0052629057
0.0000000000,0.0052877739
0.0000000000,0.0052885776
0.0000000000,0.0053213835
0.0000000000,0.0053260094
0.0000000000,0.0053654918
0.0000000000,0.0054299138
0.0000000000,0.0054486590
0.0000000000,0.0054766224
0.0000000000,0.0055327900
0.0000000000,0.0056058480
0.0000000000,0.0056768013
0.0000000000,0.0056787389
0.0000000000,0.0057029929
0.0000000000,0.0057233563
0.0000000000,0.0057256119
0.0000000000,0.0057394570
0.0000000000,0.0057684951
0.0000000000,0.0057778778
0.0000000000,0.0058149244
0.0000000000,0.0058268043
0.0000000000,0.0058425171
0.0000000000,0.0058448352
0.0000000000,0.0058654333
0.0000000000,0.0058712009
0.0000000000,0.0058990172
0.0000000000,0.0059176730
0.0000000000,0.0059311162
0.0000000000,0.0059371581
0.0000000000,0.0059868246
0.0000000000,0.0060329982
0.0000000000,0.0060765971
0.0000000000,0.0060782330
0.0000000000,0.0060978988
0.0000000000,0.0061013736
0.0000000000,0.0061686668
0.0000000000,0.0062115248
0.0000000000,0.0062419469
0.0000000000,0.0062526311
0.0000000000,0.0062597883
0.0000000000,0.0062644202
0.0000000000,0.0062992545
0.0000000000,0.0063000666
0.0000000000,0.0063027949
0.0000000000,0.0063098739
0.0000000000,0.0063127736
0.0000000000,0.0063389810
0.0000000000,0.0063586710
0.0000000000,0.0063709645
0.0000000000,0.0063808463
0.0000000000,0.0063836258
0.0000000000,0.0063953553
0.0000000000,0.0064042718
0.0000000000,0.0064261439
0.0000000000,0.0064297025
0.0000000000,0.0064390893
0.0000000000,0.0064602280
0.0000000000,0.0064658150
0.0000000000,0.0065258360
0.0000000000,0.0065300022
0.0000000000,0.0065429029
0.0000000000,0.0065646502
0.0000000000,0.0065742438
0.0000000000,0.0065808133
0.0000000000,0.0066057136
0.0000000000,0.0066077625
0.0000000000,0.0066089025
0.0000000000,0.0066112634
0.0000000000,0.0066201505
0.0000000000,0.0066336798
0.0000000000,0.0066591124
0.0000000000,0.0066662547
0.0000000000,0.0067044552
0.0000000000,0.0067548305
0.0000000000,0.0067693470
0.0000000000,0.0067905439
0.0000000000,0.0067983647
0.0000000000,0.0068336204
0.0000000000,0.0068501863
0.0000000000,0.0068534762
0.0000000000,0.0068610762
0.0000000000,0.0068662134
0.0000000000,0.0068773022
0.0000000000,0.0068820152
0.0000000000,0.0068987231
0.0000000000,0.0069182259
0.0000000000,0.0069270427
0.0000000000,0.0069571636
0.0000000000,0.0069577717
0.0000000000,0.0069652828
0.0000000000,0.0070064315
0.0000000000,0.0070108101
0.0000000000,0.0070405137
0.0000000000,0.0070470506
0.0000000000,0.0070682485
0.0000000000,0.0070736809
0.0000000000,0.0071307826
0.0000000000,0.0071557197
0.0000000000,0.0071925311
0.0000000000,0.0071938694
0.0000000000,0.0072711585
0.0000000000,0.0072715976
0.0000000000,0.0072787968
0.0000000000,0.0072858254
0.0000000000,0.0072902618
0.0000000000,0.0072988966
0.0000000000,0.0073088412
0.0000000000,0.0073544998
0.0000000000,0.0073780930
0.0000000000,0.0073834523
0.0000000000,0.0074075842
0.0000000000,0.0074358815
0.0000000000,0.0074375188
0.0000000000,0.0074532162
0.0000000000,0.0074618030
0.0000000000,0.0074960487
0.0000000000,0.0075116707
0.0000000000,0.0075129750
0.0000000000,0.0075644236
0.0000000000,0.0076533952
0.0000000000,0.0076630441
0.0000000000,0.0076736929
0.0000000000,0.0076821423
0.0000000000,0.0076896618
0.0000000000,0.0076941284
0.0000000000,0.0077132029
0.0000000000,0.0077175195
0.0000000000,0.0077403048
0.0000000000,0.0077829128
0.0000000000,0.0077929730
0.0000000000,0.0078000110
0.0000000000,0.0078050937
0.0000000000,0.0078098518
0.0000000000,0.0078404909
0.0000000000,0.0078644436
0.0000000000,0.0078758765
0.0000000000,0.0078798831
0.0000000000,0.0078973947
0.0000000000,0.0079471795
0.0000000000,0.0079651522
0.0000000000,0.0079729659
0.0000000000,0.0079822754
0.0000000000,0.0079904357
0.0000000000,0.0079982886
0.0000000000,0.0080052381
0.0000000000,0.0080649406
0.0000000000,0.0081035364
0.0000000000,0.0081320787
0.0000000000,0.0081356121
0.0000000000,0.0081371879
0.0000000000,0.0081379237
0.0000000000,0.0081563145
0.0000000000,0.0081586046
0.0000000000,0.0081675528
0.0000000000,0.0082114851
0.0000000000,0.0082222940
0.0000000000,0.0082373051
0.0000000000,0.0082426583
0.0000000000,0.0082609011
0.0000000000,0.0083295107
0.0000000000,0.0083396779
0.0000000000,0.0083437534
0.0000000000,0.0083522871
0.0000000000,0.0083574411
0.0000000000,0.0083751883
0.0000000000,0.0084122056
0.0000000000,0.0084186262
0.0000000000,0.0084275352
0.0000000000,0.0084376261
0.0000000000,0.0084398892
0.0000000000,0.0084454687
0.0000000000,0.0084724817
0.0000000000,0.0084787952
0.0000000000,0.0085132187
0.0000000000,0.0085224230
0.0000000000,0.0085457982
0.0000000000,0.0085722050
0.0000000000,0.0085735600
0.0000000000,0.0085835727
0.0000000000,0.0085950801
0.0000000000,0.0086075030
0.0000000000,0.0086161541
0.0000000000,0.0086389100
0.0000000000,0.0086601488
0.0000000000,0.0087033920
0.0000000000,0.0087532401
0.0000000000,0.0087654619
0.0000000000,0.0087654972
0.0000000000,0.0087781055
0.0000000000,0.0088225957
0.0000000000,0.0088296905
0.0000000000,0.0088470522
0.0000000000,0.0088566616
0.0000000000,0.0088590281
0.0000000000,0.0088716988
0.0000000000,0.0089155613
0.0000000000,0.0089191012
0.0000000000,0.0089219036
0.0000000000,0.0089573525
0.0000000000,0.0089607714
0.0000000000,0.0089695454
0.0000000000,0.0090046413
0.0000000000,0.0090223756
0.0000000000,0.0090299323
0.0000000000,0.0090340199
0.0000000000,0.0090379203
0.0000000000,0.0090478193
0.0000000000,0.0090563754
0.0000000000,0.0090607433
0.0000000000,0.0091022449
0.0000000000,0.0091072451
0.0000000000,0.0091120079
0.0000000000,0.0091181621
0.0000000000,0.0091335522
0.0000000000,0.0091355257
0.0000000000,0.0091441208
0.0000000000,0.0091470499
0.0000000000,0.0091493325
0.0000000000,0.0091520855
0.0000000000,0.0091869030
0.0000000000,0.0091943061
0.0000000000,0.0091970302
0.0000000000,0.0092118466
0.0000000000,0.0092190793
0.0000000000,0.0092487121
0.0000000000,0.0092676207
0.0000000000,0.0093402360
0.0000000000,0.0093490034
0.0000000000,0.0093508298
0.0000000000,0.0093519753
0.0000000000,0.0093632415
0.0000000000,0.0093692672
0.0000000000,0.0093719605
0.0000000000,0.0093858643
0.0000000000,0.0094173010
0.0000000000,0.0094583221
0.0000000000,0.0094761029
0.0000000000,0.0094905971
0.0000000000,0.0094965175
0.0000000000,0.0095117036
0.0000000000,0.0095170056
0.0000000000,0.0095333187
0.0000000000,0.0095381485
0.0000000000,0.0095398007
0.0000000000,0.0095569454
0.0000000000,0.0095949275
0.0000000000,0.0095955385
0.0000000000,0.0096361423
0.0000000000,0.0096412152
0.0000000000,0.0096493503
0.0000000000,0.0096632680
0.0000000000,0.0096805571
0.0000000000,0.0096853971
0.0000000000,0.0097088385
0.0000000000,0.0097349677
0.0000000000,0.0097570084
0.0000000000,0.0097647384
0.0000000000,0.0097805429
0.0000000000,0.0097882086
0.0000000000,0.0098123327
0.0000000000,0.0098381843
0.0000000000,0.0098556830
0.0000000000,0.0098599317
0.0000000000,0.0098690884
0.0000000000,0.0098737050
0.0000000000,0.0098799756
0.0000000000,0.0099058282
0.0000000000,0.0099274861
0.0000000000,0.0099578612
0.0000000000,0.0100053148
0.0000000000,0.0100237643
0.0000000000,0.0100440616
0.0000000000,0.0100895911
0.0000000000,0.0101138866
0.0000000000,0.0101161646
0.0000000000,0.0101192724
0.0000000000,0.0101210233
0.0000000000,0.0101365754
0.0000000000,0.0101661654
0.0000000000,0.0101673556
0.0000000000,0.0101968450
0.0000000000,0.0102095036
0.0000000000,0.0102245957
0.0000000000,0.0102345077
0.0000000000,0.0102384966
0.0000000000,0.0102534005
0.0000000000,0.0102913501
0.0000000000,0.0102916053
0.0000000000,0.0103072086
0.0000000000,0.0103117879
0.0000000000,0.0103247659
0.0000000000,0.0103278775
0.0000000000,0.0103836367
0.0000000000,0.0104001388
0.0000000000,0.0104009546
0.0000000000,0.0104095424
0.0000000000,0.0104309823
0.0000000000,0.0104449531
0.0000000000,0.0104828682
0.0000000000,0.0104894126
0.0000000000,0.0104919579
0.0000000000,0.0104944129
0.0000000000,0.0104990592
0.0000000000,0.0105221057
0.0000000000,0.0105231134
0.0000000000,0.0105436472
0.0000000000,0.0105473036
0.0000000000,0.0105708884
0.0000000000,0.0105771553
0.0000000000,0.0106092775
0.0000000000,0.0106213950
0.0000000000,0.0106239747
0.0000000000,0.0106427670
0.0000000000,0.0106520187
0.0000000000,0.0106705353
0.0000000000,0.0106925350
0.0000000000,0.0107556628
0.0000000000,0.0107662203
0.0000000000,0.0108598275
0.0000000000,0.0108895395
0.0000000000,0.0108973179
0.0000000000,0.0109219151
0.0000000000,0.0109532448
0.0000000000,0.0109670078
0.0000000000,0.0109804180
0.0000000000,0.0110338191
0.0000000000,0.0110611422
0.0000000000,0.0110655800
0.0000000000,0.0111071039
0.0000000000,0.0111131147
0.0000000000,0.0111319283
0.0000000000,0.0111358222
0.0000000000,0.0111588007
0.0000000000,0.0111660752
0.0000000000,0.0111938762
0.0000000000,0.0112080164
0.0000000000,0.0112116961
0.0000000000,0.0112391962
0.0000000000,0.0112761464
0.0000000000,0.0112794517
0.0000000000,0.0112884268
0.0000000000,0.0113125835
0.0000000000,0.0113176359
0.0000000000,0.0113221416
0.0000000000,0.0113272741
0.0000000000,0.0113409236
0.0000000000,0.0113415243
0.0000000000,0.0113481665
0.0000000000,0.0113509130
0.0000000000,0.0113536026
0.0000000000,0.0113556832
0.0000000000,0.0113574779
0.0000000000,0.0113632549
0.0000000000,0.0113771753
0.0000000000,0.0113900136
0.0000000000,0.0113969054
0.0000000000,0.0114048198
0.0000000000,0.0114467125
0.0000000000,0.0114482418
0.0000000000,0.0114512239
0.0000000000,0.0114557277
0.0000000000,0.0114662126
0.0000000000,0.0114683658
0.0000000000,0.0114687672
0.0000000000,0.0114789139
0.0000000000,0.0115196891
0.0000000000,0.0115267010
0.0000000000,0.0115305576
0.0000000000,0.0115308911
0.0000000000,0.0115557555
0.0000000000,0.0115737095
0.0000000000,0.0115772849
0.0000000000,0.0115812626
0.0000000000,0.0115928119
0.0000000000,0.0116098449
0.0000000000,0.0116298487
0.0000000000,0.0116314348
0.0000000000,0.0116474153
0.0000000000,0.0116515718
0.0000000000,0.0116536086
0.0000000000,0.0116546554
0.0000000000,0.0116586387
0.0000000000,0.0116700735
0.0000000000,0.0116896704
0.0000000000,0.0116914837
0.0000000000,0.0117047047
0.0000000000,0.0117054600
0.0000000000,0.0117063867
0.0000000000,0.0117076747
0.0000000000,0.0117308665
0.0000000000,0.0117424019
0.0000000000,0.0117614493
0.0000000000,0.0117779793
0.0000000000,0.0117980344
0.0000000000,0.0118041206
0.0000000000,0.0118060820
0.0000000000,0.0118353460
0.0000000000,0.0118432995
0.0000000000,0.0118470276
0.0000000000,0.0118488949
0.0000000000,0.0118619660
0.0000000000,0.0118622323
0.0000000000,0.0118700489
0.0000000000,0.0118743163
0.0000000000,0.0118847452
0.0000000000,0.0119041475
0.0000000000,0.0119236000
0.0000000000,0.0119325519
0.0000000000,0.0119733242
0.0000000000,0.0119770225
0.0000000000,0.0120183192
0.0000000000,0.0120341089
0.0000000000,0.0120659964
0.0000000000,0.0120856892
0.0000000000,0.0120880911
0.0000000000,0.0121213673
0.0000000000,0.0121398196
0.0000000000,0.0121531943
0.0000000000,0.0121556697
0.0000000000,0.0121564660
0.0000000000,0.0121767037
0.0000000000,0.0121879522
0.0000000000,0.0121957976
0.0000000000,0.0122066000
0.0000000000,0.0122427670
0.0000000000,0.0122634536
0.0000000000,0.0122679463
0.0000000000,0.0122815501
0.0000000000,0.0123081235
0.0000000000,0.0123373335
0.0000000000,0.0123411333
0.0000000000,0.0124030989
0.0000000000,0.0124082714
0.0000000000,0.0124126300
0.0000000000,0.0124230497
0.0000000000,0.0124236289
0.0000000000,0.0124627315
0.0000000000,0.0124838939
0.0000000000,0.0124946218
0.0000000000,0.0124974186
0.0000000000,0.0125104431
0.0000000000,0.0125104748
0.0000000000,0.0125195766
0.0000000000,0.0125200422
0.0000000000,0.0125288405
0.0000000000,0.0125363078
0.0000000000,0.0125371339
0.0000000000,0.0125384117
0.0000000000,0.0125459163
0.0000000000,0.0125521533
0.0000000000,0.0125613706
0.0000000000,0.0125631467
0.0000000000,0.0126026617
0.0000000000,0.0126055898
0.0000000000,0.0126057016
0.0000000000,0.0126197478
0.0000000000,0.0126255471
0.0000000000,0.0126364734
0.0000000000,0.0126746688
0.0000000000,0.0127106961
0.0000000000,0.0127137760
0.0000000000,0.0127173420
0.0000000000,0.0127392337
0.0000000000,0.0127419289
0.0000000000,0.0127498852
0.0000000000,0.0127557181
0.0000000000,0.0127593838
0.0000000000,0.0127597079
0.0000000000,0.0127616925
0.0000000000,0.0127672516
0.0000000000,0.0127907107
0.0000000000,0.0127990246
0.0000000000,0.0128012300
0.0000000000,0.0128085436
0.0000000000,0.0128143393
0.0000000000,0.0128466533
0.0000000000,0.0128522879
0.0000000000,0.0128594050
0.0000000000,0.0128781786
0.0000000000,0.0128981322
0.0000000000,0.0128982551
0.0000000000,0.0129107963
0.0000000000,0.0129204560
0.0000000000,0.0129316300
0.0000000000,0.0129330847
0.0000000000,0.0129555389
0.0000000000,0.0129678305
0.0000000000,0.0129896980
0.0000000000,0.0130045768
0.0000000000,0.0130455708
0.0000000000,0.0130490558
0.0000000000,0.0130516719
0.0000000000,0.0130600045
0.0000000000,0.0130613213
0.0000000000,0.0130858058
0.0000000000,0.0130872782
0.0000000000,0.0130952718
0.0000000000,0.0131058833
0.0000000000,0.0131212352
0.0000000000,0.0131320441
0.0000000000,0.0131484875
0.0000000000,0.0131550329
0.0000000000,0.0131555945
0.0000000000,0.0131682083
0.0000000000,0.0131927403
0.0000000000,0.0132114273
0.0000000000,0.0132155251
0.0000000000,0.0132178050
0.0000000000,0.0132225268
0.0000000000,0.0132403011
0.0000000000,0.0132455248
0.0000000000,0.0132774552
0.0000000000,0.0133077167
0.0000000000,0.0133182248
0.0000000000,0.0133220460
0.0000000000,0.0133274309
0.0000000000,0.0133325094
0.0000000000,0.0133338571
0.0000000000,0.0133399293
0.0000000000,0.0133790681
0.0000000000,0.0133902151
0.0000000000,0.0134089105
0.0000000000,0.0134412637
0.0000000000,0.0134789161
0.0000000000,0.0135000898
0.0000000000,0.0135096610
0.0000000000,0.0135386940
0.0000000000,0.0135425869
0.0000000000,0.0135546317
0.0000000000,0.0135968439
0.0000000000,0.0136221731
0.0000000000,0.0136368163
0.0000000000,0.0136408322
0.0000000000,0.0136537869
0.0000000000,0.0136644002
0.0000000000,0.0136858867
0.0000000000,0.0137003725
0.0000000000,0.0137069523
0.0000000000,0.0137084462
0.0000000000,0.0137084499
0.0000000000,0.0137324268
0.0000000000,0.0137640303
0.0000000000,0.0137869855
0.0000000000,0.0137896249
0.0000000000,0.0137933549
0.0000000000,0.0137940291
0.0000000000,0.0138364518
0.0000000000,0.0138428826
0.0000000000,0.0138477944
0.0000000000,0.0138492947
0.0000000000,0.0138522452
0.0000000000,0.0138540855
0.0000000000,0.0138887949
0.0000000000,0.0138939070
0.0000000000,0.0138996085
0.0000000000,0.0139143271
0.0000000000,0.0139155434
0.0000000000,0.0139305657
0.0000000000,0.0139681650
0.0000000000,0.0140128629
0.0000000000,0.0140153021
0.0000000000,0.0140419863
0.0000000000,0.0140584791
0.0000000000,0.0140696662
0.0000000000,0.0140810274
0.0000000000,0.0140941013
0.0000000000,0.0141088897
0.0000000000,0.0141102690
0.0000000000,0.0141364969
0.0000000000,0.0141473617
0.0000000000,0.0141955689
0.0000000000,0.0141980546
0.0000000000,0.0142290704
0.0000000000,0.0142615652
0.0000000000,0.0142718032
0.0000000000,0.0143072614
0.0000000000,0.0143455574
0.0000000000,0.0143777486
0.0000000000,0.0143877389
0.0000000000,0.0144086843
0.0000000000,0.0144132581
0.0000000000,0.0144521538
0.0000000000,0.0144618563
0.0000000000,0.0145234233
0.0000000000,0.0145313805
0.0000000000,0.0145387724
0.0000000000,0.0145431953
0.0000000000,0.0145549849
0.0000000000,0.0145575935
0.0000000000,0.0145581439
0.0000000000,0.0145716509
0.0000000000,0.0145977931
0.0000000000,0.0146072535
0.0000000000,0.0146112340
0.0000000000,0.0146120405
0.0000000000,0.0146126291
0.0000000000,0.0146162109
0.0000000000,0.0146278674
0.0000000000,0.0146286702
0.0000000000,0.0146303400
0.0000000000,0.0146965804
0.0000000000,0.0147000095
0.0000000000,0.0147089995
0.0000000000,0.0147198066
0.0000000000,0.0147356652
0.0000000000,0.0147561859
0.0000000000,0.0147669045
0.0000000000,0.0147781987
0.0000000000,0.0147879673
0.0000000000,0.0148060396
0.0000000000,0.0148151685
0.0000000000,0.0148737021
0.0000000000,0.0149049656
0.0000000000,0.0149064325
0.0000000000,0.0149236061
0.0000000000,0.0149263470
0.0000000000,0.0149333403
0.0000000000,0.0149349421
0.0000000000,0.0149532761
0.0000000000,0.0149725741
0.0000000000,0.0149920974
0.0000000000,0.0150002409
0.0000000000,0.0150102759
0.0000000000,0.0150141083
0.0000000000,0.0150359021
0.0000000000,0.0150608215
0.0000000000,0.0150637235
0.0000000000,0.0150715401
0.0000000000,0.0150772100
0.0000000000,0.0150885321
0.0000000000,0.0151265720
0.0000000000,0.0151385684
0.0000000000,0.0151401125
0.0000000000,0.0151435332
0.0000000000,0.0151635399
0.0000000000,0.0151678789
0.0000000000,0.0151780099
0.0000000000,0.0151818218
0.0000000000,0.0151839266
0.0000000000,0.0151877217
0.0000000000,0.0151964510
0.0000000000,0.0152996900
0.0000000000,0.0153067904
0.0000000000,0.0153233651
0.0000000000,0.0153260883
0.0000000000,0.0153624834
0.0000000000,0.0153882569
0.0000000000,0.0153928716
0.0000000000,0.0154354014
0.0000000000,0.0154390670
0.0000000000,0.0154530592
0.0000000000,0.0154627692
0.0000000000,0.0154654477
0.0000000000,0.0154806096
0.0000000000,0.0154872760
0.0000000000,0.0155274719
0.0000000000,0.0155333336
0.0000000000,0.0155506674
0.0000000000,0.0155560430
0.0000000000,0.0155859459
0.0000000000,0.0156000219
0.0000000000,0.0156022552
0.0000000000,0.0156101873
0.0000000000,0.0156118097
0.0000000000,0.0156197036
0.0000000000,0.0156369284
0.0000000000,0.0156509411
0.0000000000,0.0156715382
0.0000000000,0.0156809818
0.0000000000,0.0156999063
0.0000000000,0.0157274753
0.0000000000,0.0157502871
0.0000000000,0.0157638788
0.0000000000,0.0157837011
0.0000000000,0.0157947894
0.0000000000,0.0158334132
0.0000000000,0.0158637390
0.0000000000,0.0158909932
0.0000000000,0.0158943590
0.0000000000,0.0158999488
0.0000000000,0.0159110017
0.0000000000,0.0159151405
0.0000000000,0.0159180891
0.0000000000,0.0159288533
0.0000000000,0.0159303043
0.0000000000,0.0159305241
0.0000000000,0.0159459319
0.0000000000,0.0159588587
0.0000000000,0.0159645509
0.0000000000,0.0159788970
0.0000000000,0.0159808714
0.0000000000,0.0159907285
0.0000000000,0.0159937069
0.0000000000,0.0159965772
0.0000000000,0.0160104763
0.0000000000,0.0160291474
0.0000000000,0.0160294008
0.0000000000,0.0160501245
0.0000000000,0.0160550214
0.0000000000,0.0161026698
0.0000000000,0.0161104668
0.0000000000,0.0161244329
0.0000000000,0.0161380190
0.0000000000,0.0161422621
0.0000000000,0.0161646344
0.0000000000,0.0162641201
0.0000000000,0.0162712242
0.0000000000,0.0162743758
0.0000000000,0.0162758473
0.0000000000,0.0163126290
0.0000000000,0.0163225643
0.0000000000,0.0163429268
0.0000000000,0.0163476039
0.0000000000,0.0163593329
0.0000000000,0.0163846128
0.0000000000,0.0163941868
0.0000000000,0.0164092015
0.0000000000,0.0164107885
0.0000000000,0.0164229702
0.0000000000,0.0164262839
0.0000000000,0.0164411124
0.0000000000,0.0164584797
0.0000000000,0.0164853167
0.0000000000,0.0165364109
0.0000000000,0.0165374968
0.0000000000,0.0165514182
0.0000000000,0.0165814701
0.0000000000,0.0166016705
0.0000000000,0.0166078452
0.0000000000,0.0166110545
0.0000000000,0.0166421626
0.0000000000,0.0166614503
0.0000000000,0.0166875068
0.0000000000,0.0166980904
0.0000000000,0.0167045742
0.0000000000,0.0167148821
0.0000000000,0.0167223942
0.0000000000,0.0167403799
0.0000000000,0.0167490486
0.0000000000,0.0167712849
0.0000000000,0.0167889129
0.0000000000,0.0168132503
0.0000000000,0.0168550704
0.0000000000,0.0168659054
0.0000000000,0.0168693438
0.0000000000,0.0169181935
0.0000000000,0.0169575904
0.0000000000,0.0169770867
0.0000000000,0.0170097593
0.0000000000,0.0170264374
0.0000000000,0.0170345902
0.0000000000,0.0170712769
0.0000000000,0.0170915965
0.0000000000,0.0171025135
0.0000000000,0.0171050373
0.0000000000,0.0171262417
0.0000000000,0.0171444099
0.0000000000,0.0171471201
0.0000000000,0.0171901602
0.0000000000,0.0171905812
0.0000000000,0.0171926767
0.0000000000,0.0172192324
0.0000000000,0.0172470938
0.0000000000,0.0172627401
0.0000000000,0.0172771551
0.0000000000,0.0173167456
0.0000000000,0.0173361041
0.0000000000,0.0173419137
0.0000000000,0.0173500925
0.0000000000,0.0173551161
0.0000000000,0.0173906051
0.0000000000,0.0173973050
0.0000000000,0.0174067840
0.0000000000,0.0174382627
0.0000000000,0.0174858477
0.0000000000,0.0175064802
0.0000000000,0.0175065063
0.0000000000,0.0175178610
0.0000000000,0.0175464209
0.0000000000,0.0175479688
0.0000000000,0.0175770950
0.0000000000,0.0176201258
0.0000000000,0.0176451914
0.0000000000,0.0176593810
0.0000000000,0.0176779721
0.0000000000,0.0176914763
0.0000000000,0.0177133232
0.0000000000,0.0177180562
0.0000000000,0.0177356470
0.0000000000,0.0177416820
0.0000000000,0.0177431200
0.0000000000,0.0177433975
0.0000000000,0.0177439302
0.0000000000,0.0177651644
0.0000000000,0.0177723579
0.0000000000,0.0178382024
0.0000000000,0.0178438071
0.0000000000,0.0178581141
0.0000000000,0.0178955905
0.0000000000,0.0179014839
0.0000000000,0.0179065354
0.0000000000,0.0179165360
0.0000000000,0.0179218538
0.0000000000,0.0179534964
0.0000000000,0.0179636683
0.0000000000,0.0179641135
0.0000000000,0.0179660786
0.0000000000,0.0179840997
0.0000000000,0.0179950092
0.0000000000,0.0180092826
0.0000000000,0.0180144701
0.0000000000,0.0180218238
0.0000000000,0.0180447511
0.0000000000,0.0180688053
0.0000000000,0.0180758405
0.0000000000,0.0180840362
0.0000000000,0.0180956386
0.0000000000,0.0181123633
0.0000000000,0.0181127507
0.0000000000,0.0181178823
0.0000000000,0.0181214865
0.0000000000,0.0181326345
0.0000000000,0.0181864928
0.0000000000,0.0181874875
0.0000000000,0.0182182677
0.0000000000,0.0182363242
0.0000000000,0.0182515681
0.0000000000,0.0182526279
0.0000000000,0.0182671044
0.0000000000,0.0182710513
0.0000000000,0.0182791706
0.0000000000,0.0182882417
0.0000000000,0.0182940997
0.0000000000,0.0182947051
0.0000000000,0.0182973631
0.0000000000,0.0183041710
0.0000000000,0.0183679629
0.0000000000,0.0183793399
0.0000000000,0.0183945838
0.0000000000,0.0184236933
0.0000000000,0.0184260998
0.0000000000,0.0184263401
0.0000000000,0.0184381586
0.0000000000,0.0184656885
0.0000000000,0.0184750129
0.0000000000,0.0184933916
0.0000000000,0.0185107868
0.0000000000,0.0185317565
0.0000000000,0.0185387935
0.0000000000,0.0185409058
0.0000000000,0.0185839646
0.0000000000,0.0186131671
0.0000000000,0.0186556224
0.0000000000,0.0187264830
0.0000000000,0.0187283140
0.0000000000,0.0187394656
0.0000000000,0.0187439211
0.0000000000,0.0187553521
0.0000000000,0.0187613945
0.0000000000,0.0187985487
0.0000000000,0.0188039560
0.0000000000,0.0188346021
0.0000000000,0.0188399497
0.0000000000,0.0188464914
0.0000000000,0.0188618097
0.0000000000,0.0189025421
0.0000000000,0.0189522058
0.0000000000,0.0189675596
0.0000000000,0.0189811941
0.0000000000,0.0189930350
0.0000000000,0.0190340113
0.0000000000,0.0190616753
0.0000000000,0.0190666374
0.0000000000,0.0190700423
0.0000000000,0.0190762971
0.0000000000,0.0190796014
0.0000000000,0.0190930814
0.0000000000,0.0190986749
0.0000000000,0.0191058442
0.0000000000,0.0191136766
0.0000000000,0.0191263147
0.0000000000,0.0191389713
0.0000000000,0.0191898551
0.0000000000,0.0191910770
0.0000000000,0.0192722846
0.0000000000,0.0192869622
0.0000000000,0.0192893762
0.0000000000,0.0193384495
0.0000000000,0.0193488095
0.0000000000,0.0193611141
0.0000000000,0.0194038060
0.0000000000,0.0194176771
0.0000000000,0.0194323305
0.0000000000,0.0194705743
0.0000000000,0.0194955636
0.0000000000,0.0195207670
0.0000000000,0.0195738953
0.0000000000,0.0195764173
0.0000000000,0.0196089931
0.0000000000,0.0196527652
0.0000000000,0.0196763687
0.0000000000,0.0196953230
0.0000000000,0.0197198633
0.0000000000,0.0197222177
0.0000000000,0.0197735690
0.0000000000,0.0197890084
0.0000000000,0.0197933353
0.0000000000,0.0198116563
0.0000000000,0.0199157223
0.0000000000,0.0199881326
0.0000000000,0.0200106297
0.0000000000,0.0200125407
0.0000000000,0.0200230367
0.0000000000,0.0200433582
0.0000000000,0.0200475287
0.0000000000,0.0200694632
0.0000000000,0.0200855304
0.0000000000,0.0200899281
0.0000000000,0.0201033168
0.0000000000,0.0201179422
0.0000000000,0.0201246329
0.0000000000,0.0201307442
0.0000000000,0.0201473888
0.0000000000,0.0201513208
0.0000000000,0.0201778598
0.0000000000,0.0201823637
0.0000000000,0.0202277731
0.0000000000,0.0202420466
0.0000000000,0.0202731509
0.0000000000,0.0203347113
0.0000000000,0.0203691497
0.0000000000,0.0203751624
0.0000000000,0.0203932002
0.0000000000,0.0204295199
0.0000000000,0.0204663239
0.0000000000,0.0204690155
0.0000000000,0.0205068011
0.0000000000,0.0205478184
0.0000000000,0.0205642451
0.0000000000,0.0205858555
0.0000000000,0.0206034686
0.0000000000,0.0206039585
0.0000000000,0.0206052717
0.0000000000,0.0206235759
0.0000000000,0.0206271671
0.0000000000,0.0206837282
0.0000000000,0.0206992663
0.0000000000,0.0207526609
0.0000000000,0.0207678527
0.0000000000,0.0207904857
0.0000000000,0.0207914002
0.0000000000,0.0208019093
0.0000000000,0.0208027158
0.0000000000,0.0208094716
0.0000000000,0.0208190847
0.0000000000,0.0208270997
0.0000000000,0.0208619647
0.0000000000,0.0208743978
0.0000000000,0.0208778307
0.0000000000,0.0208964739
0.0000000000,0.0209536441
0.0000000000,0.0209559575
0.0000000000,0.0209839158
0.0000000000,0.0209981184
0.0000000000,0.0210894067
0.0000000000,0.0210992489
0.0000000000,0.0211473238
0.0000000000,0.0211475305
0.0000000000,0.0211814456
0.0000000000,0.0212073773
0.0000000000,0.0213050824
0.0000000000,0.0213410705
0.0000000000,0.0213487428
0.0000000000,0.0213850699
0.0000000000,0.0213851351
0.0000000000,0.0213909168
0.0000000000,0.0214360096
0.0000000000,0.0214908123
0.0000000000,0.0215007644
0.0000000000,0.0215291362
0.0000000000,0.0215312652
0.0000000000,0.0215407033
0.0000000000,0.0215444062
0.0000000000,0.0215638708
0.0000000000,0.0215640012
0.0000000000,0.0215782113
0.0000000000,0.0216150470
0.0000000000,0.0216359384
0.0000000000,0.0216384716
0.0000000000,0.0216589291
0.0000000000,0.0216863975
0.0000000000,0.0216870215
0.0000000000,0.0218210462
0.0000000000,0.0218951199
0.0000000000,0.0219340157
0.0000000000,0.0219477285
0.0000000000,0.0219587125
0.0000000000,0.0220452677
0.0000000000,0.0220508836
0.0000000000,0.0222118087
0.0000000000,0.0222541112
0.0000000000,0.0223004762
0.0000000000,0.0223206785
0.0000000000,0.0223321505
0.0000000000,0.0223632623
0.0000000000,0.0224518850
0.0000000000,0.0224783923
0.0000000000,0.0224912800
0.0000000000,0.0225010067
0.0000000000,0.0225079171
0.0000000000,0.0225325637
0.0000000000,0.0225398242
0.0000000000,0.0225522928
0.0000000000,0.0225542132
0.0000000000,0.0225545559
0.0000000000,0.0225682296
0.0000000000,0.0226128288
0.0000000000,0.0226251669
0.0000000000,0.0226352718
0.0000000000,0.0226403307
0.0000000000,0.0226545483
0.0000000000,0.0227113664
0.0000000000,0.0227139331
0.0000000000,0.0227543507
0.0000000000,0.0227796081
0.0000000000,0.0227882322
0.0000000000,0.0228296760
0.0000000000,0.0228660200
0.0000000000,0.0228934251
0.0000000000,0.0228964835
0.0000000000,0.0229024477
0.0000000000,0.0229114555
0.0000000000,0.0229324251
0.0000000000,0.0229367316
0.0000000000,0.0229578279
0.0000000000,0.0229894705
0.0000000000,0.0229976587
0.0000000000,0.0230243634
0.0000000000,0.0230534021
0.0000000000,0.0230611153
0.0000000000,0.0230750367
0.0000000000,0.0231478661
0.0000000000,0.0231587235
0.0000000000,0.0231625251
0.0000000000,0.0231867675
0.0000000000,0.0232044943
0.0000000000,0.0232196897
0.0000000000,0.0232213233
0.0000000000,0.0232652258
0.0000000000,0.0232759602
0.0000000000,0.0232948307
0.0000000000,0.0233031437
0.0000000000,0.0233034585
0.0000000000,0.0233401470
0.0000000000,0.0233879928
0.0000000000,0.0233956501
0.0000000000,0.0234127734
0.0000000000,0.0234153494
0.0000000000,0.0234544910
0.0000000000,0.0235403571
0.0000000000,0.0235486254
0.0000000000,0.0235837642
0.0000000000,0.0235961098
0.0000000000,0.0236121640
0.0000000000,0.0236278232
0.0000000000,0.0236589722
0.0000000000,0.0237239320
0.0000000000,0.0237400979
0.0000000000,0.0237489063
0.0000000000,0.0237511415
0.0000000000,0.0237694904
0.0000000000,0.0237864330
0.0000000000,0.0238082949
0.0000000000,0.0238326546
0.0000000000,0.0238414872
0.0000000000,0.0239466485
0.0000000000,0.0239663310
0.0000000000,0.0239699706
0.0000000000,0.0239961985
0.0000000000,0.0239963457
0.0000000000,0.0240366384
0.0000000000,0.0240943879
0.0000000000,0.0242179558
0.0000000000,0.0242259279
0.0000000000,0.0242796391
0.0000000000,0.0242856592
0.0000000000,0.0243083574
0.0000000000,0.0243208017
0.0000000000,0.0244520511
0.0000000000,0.0244613048
0.0000000000,0.0244722199
0.0000000000,0.0244745780
0.0000000000,0.0244856197
0.0000000000,0.0244992413
0.0000000000,0.0245479159
0.0000000000,0.0245516673
0.0000000000,0.0246301293
0.0000000000,0.0246746670
0.0000000000,0.0246752445
0.0000000000,0.0246963240
0.0000000000,0.0247034747
0.0000000000,0.0247169845
0.0000000000,0.0247502699
0.0000000000,0.0247584339
0.0000000000,0.0247872975
0.0000000000,0.0248061977
0.0000000000,0.0248099715
0.0000000000,0.0248214118
0.0000000000,0.0248547532
0.0000000000,0.0248692147
0.0000000000,0.0248724092
0.0000000000,0.0249108076
0.0000000000,0.0249581728
0.0000000000,0.0249677878
0.0000000000,0.0251253694
0.0000000000,0.0251409654
0.0000000000,0.0251603443
0.0000000000,0.0251844041
0.0000000000,0.0252053235
0.0000000000,0.0252349786
0.0000000000,0.0252400413
0.0000000000,0.0252478216
0.0000000000,0.0252796821
0.0000000000,0.0253379606
0.0000000000,0.0253493376
0.0000000000,0.0253612380
0.0000000000,0.0254054312
0.0000000000,0.0254435316
0.0000000000,0.0254444014
0.0000000000,0.0254613962
0.0000000000,0.0254935119
0.0000000000,0.0255025271
0.0000000000,0.0255275387
0.0000000000,0.0255818591
0.0000000000,0.0255867820
0.0000000000,0.0256304778
0.0000000000,0.0256356224
0.0000000000,0.0256453343
0.0000000000,0.0256933067
0.0000000000,0.0257045757
0.0000000000,0.0257184226
0.0000000000,0.0257188100
0.0000000000,0.0257563572
0.0000000000,0.0257569104
0.0000000000,0.0258562695
0.0000000000,0.0258633159
0.0000000000,0.0258850679
0.0000000000,0.0259295050
0.0000000000,0.0259356610
0.0000000000,0.0259793960
0.0000000000,0.0260779485
0.0000000000,0.0261070877
0.0000000000,0.0261433348
0.0000000000,0.0261716116
0.0000000000,0.0261799041
0.0000000000,0.0261861570
0.0000000000,0.0262117665
0.0000000000,0.0263111889
0.0000000000,0.0263273269
0.0000000000,0.0264342371
0.0000000000,0.0264365971
0.0000000000,0.0264806021
0.0000000000,0.0266548619
0.0000000000,0.0266732685
0.0000000000,0.0266746376
0.0000000000,0.0266798586
0.0000000000,0.0267193429
0.0000000000,0.0267765932
0.0000000000,0.0267832167
0.0000000000,0.0267914329
0.0000000000,0.0269029159
0.0000000000,0.0269166511
0.0000000000,0.0269645136
0.0000000000,0.0269730575
0.0000000000,0.0269881040
0.0000000000,0.0270123091
0.0000000000,0.0270193219
0.0000000000,0.0270773880
0.0000000000,0.0271526761
0.0000000000,0.0271583926
0.0000000000,0.0272223260
0.0000000000,0.0272443462
0.0000000000,0.0273075737
0.0000000000,0.0273288004
0.0000000000,0.0273717735
0.0000000000,0.0274139047
0.0000000000,0.0275739711
0.0000000000,0.0275867097
0.0000000000,0.0276857652
0.0000000000,0.0276911743
0.0000000000,0.0277037397
0.0000000000,0.0277044903
0.0000000000,0.0277081709
0.0000000000,0.0277106799
0.0000000000,0.0277210195
0.0000000000,0.0277512819
0.0000000000,0.0277698338
0.0000000000,0.0277773309
0.0000000000,0.0277775899
0.0000000000,0.0277992170
0.0000000000,0.0278754346
0.0000000000,0.0279178116
0.0000000000,0.0279622283
0.0000000000,0.0279884152
0.0000000000,0.0281054731
0.0000000000,0.0281170290
0.0000000000,0.0281304792
0.0000000000,0.0281427372
0.0000000000,0.0282177795
0.0000000000,0.0282363594
0.0000000000,0.0282885730
0.0000000000,0.0283634644
0.0000000000,0.0283961091
0.0000000000,0.0285072029
0.0000000000,0.0285146087
0.0000000000,0.0286729392
0.0000000000,0.0286911149
0.0000000000,0.0287017021
0.0000000000,0.0287453383
0.0000000000,0.0287524965
0.0000000000,0.0288116392
0.0000000000,0.0288192146
0.0000000000,0.0288292225
0.0000000000,0.0288387388
0.0000000000,0.0288475454
0.0000000000,0.0289208889
0.0000000000,0.0289217383
0.0000000000,0.0289305206
0.0000000000,0.0290067308
0.0000000000,0.0290304162
0.0000000000,0.0290487967
0.0000000000,0.0290863905
0.0000000000,0.0291142184
0.0000000000,0.0291275885
0.0000000000,0.0291341022
0.0000000000,0.0292573404
0.0000000000,0.0293681901
0.0000000000,0.0293931607
0.0000000000,0.0294121504
0.0000000000,0.0294179991
0.0000000000,0.0294411723
0.0000000000,0.0295123719
0.0000000000,0.0295217875
0.0000000000,0.0295549333
0.0000000000,0.0295646004
0.0000000000,0.0298526939
0.0000000000,0.0298666805
0.0000000000,0.0298762824
0.0000000000,0.0299065523
0.0000000000,0.0299168471
0.0000000000,0.0299311765
0.0000000000,0.0300087370
0.0000000000,0.0300205518
0.0000000000,0.0300392210
0.0000000000,0.0301625580
0.0000000000,0.0301770642
0.0000000000,0.0301875491
0.0000000000,0.0302227177
0.0000000000,0.0302367620
0.0000000000,0.0302802250
0.0000000000,0.0302870665
0.0000000000,0.0303005893
0.0000000000,0.0303357579
0.0000000000,0.0303754434
0.0000000000,0.0304382667
0.0000000000,0.0304588303
0.0000000000,0.0305145923
0.0000000000,0.0305153392
0.0000000000,0.0305235442
0.0000000000,0.0306467302
0.0000000000,0.0306521766
0.0000000000,0.0308708027
0.0000000000,0.0309061185
0.0000000000,0.0309612192
0.0000000000,0.0310142599
0.0000000000,0.0310603920
0.0000000000,0.0310666673
0.0000000000,0.0310883932
0.0000000000,0.0312045105
0.0000000000,0.0313189402
0.0000000000,0.0313817747
0.0000000000,0.0314127505
0.0000000000,0.0316005014
0.0000000000,0.0317123644
0.0000000000,0.0317604393
0.0000000000,0.0318552218
0.0000000000,0.0318577066
0.0000000000,0.0320161879
0.0000000000,0.0320722386
0.0000000000,0.0322000310
0.0000000000,0.0322053395
0.0000000000,0.0324999392
0.0000000000,0.0325487517
0.0000000000,0.0325644985
0.0000000000,0.0325799808
0.0000000000,0.0326671004
0.0000000000,0.0326760188
0.0000000000,0.0327630229
0.0000000000,0.0328010544
0.0000000000,0.0328184031
0.0000000000,0.0330289006
0.0000000000,0.0330749936
0.0000000000,0.0332271717
0.0000000000,0.0334763192
0.0000000000,0.0335425697
0.0000000000,0.0335840397
0.0000000000,0.0336808041
0.0000000000,0.0338205323
0.0000000000,0.0338794924
0.0000000000,0.0338828377
0.0000000000,0.0340462886
0.0000000000,0.0341425538
0.0000000000,0.0343486220
0.0000000000,0.0343618281
0.0000000000,0.0343717262
0.0000000000,0.0344108120
0.0000000000,0.0344245732
0.0000000000,0.0350701846
0.0000000000,0.0351426639
0.0000000000,0.0352486707
0.0000000000,0.0353397951
0.0000000000,0.0354142301
0.0000000000,0.0354186893
0.0000000000,0.0363735296
0.0000000000,0.0365162864
0.0000000000,0.0365440585
0.0000000000,0.0368311405
0.0000000000,0.0369501747
0.0000000000,0.0370260216
0.0000000000,0.0370579734
0.0000000000,0.0375227891
0.0000000000,0.0376087502
0.0000000000,0.0376929827
0.0000000000,0.0378259905
0.0000000000,0.0381233506
0.0000000000,0.0383904576
0.0000000000,0.0388076119
0.0000000000,0.0393906459
0.0000000000,0.0405498892
0.0000000000,0.0406591594
0.0000000000,0.0412850864
0.0000000000,0.0416611582
0.0000000000,0.0417556614
0.0000000000,0.0424304679
0.0000000000,0.0456320643
0.0000000000,0.0462754145
0.0000000000,0.0484201349
0.0000000000,0.0486711748
0.0000000000,0.0489546247
0.0000000000,0.0574034043
0.0000000000,       inf
