0.0000000000,0.0006852469
0.0000000000,0.0008882679
0.0000000000,0.0010859164
0.0000000000,0.0011181264
0.0000000000,0.0011464530
0.0000000000,0.0012864199
0.0000000000,0.0013228961
0.0000000000,0.0013704938
0.0000000000,0.0013729898
0.0000000000,0.0013760600
0.0000000000,0.0013911045
0.0000000000,0.0014595881
0.0000000000,0.0015289231
0.0000000000,0.0015904142
0.0000000000,0.0016134126
0.0000000000,0.0016492610
0.0000000000,0.0017765358
0.0000000000,0.0019051194
0.0000000000,0.0019377971
0.0000000000,0.0019847131
0.0000000000,0.0019886969
0.0000000000,0.0021247431
0.0000000000,0.0021302584
0.0000000000,0.0021422484
0.0000000000,0.0021555868
0.0000000000,0.0021718328
0.0000000000,0.0021801169
0.0000000000,0.0022295669
0.0000000000,0.0022362529
0.0000000000,0.0022721998
0.0000000000,0.0022879513
0.0000000000,0.0022929059
0.0000000000,0.0024429706
0.0000000000,0.0024817137
0.0000000000,0.0025728398
0.0000000000,0.0026347726
0.0000000000,0.0026457922
0.0000000000,0.0026760071
0.0000000000,0.0027292555
0.0000000000,0.0027409876
0.0000000000,0.0027459797
0.0000000000,0.0027521199
0.0000000000,0.0027654287
0.0000000000,0.0027822091
0.0000000000,0.0028284751
0.0000000000,0.0028648647
0.0000000000,0.0029191761
0.0000000000,0.0030578461
0.0000000000,0.0030652247
0.0000000000,0.0030844372
0.0000000000,0.0031146246
0.0000000000,0.0031617733
0.0000000000,0.0031808284
0.0000000000,0.0032157626
0.0000000000,0.0032268253
0.0000000000,0.0032985220
0.0000000000,0.0033988415
0.0000000000,0.0034095428
0.0000000000,0.0034270794
0.0000000000,0.0034838682
0.0000000000,0.0035148144
0.0000000000,0.0035530715
0.0000000000,0.0036366023
0.0000000000,0.0036748294
0.0000000000,0.0036910137
0.0000000000,0.0037636587
0.0000000000,0.0037849920
0.0000000000,0.0038312899
0.0000000000,0.0038558866
0.0000000000,0.0038710681
0.0000000000,0.0038739194
0.0000000000,0.0038755941
0.0000000000,0.0039061180
0.0000000000,0.0039329510
0.0000000000,0.0039438228
0.0000000000,0.0039487188
0.0000000000,0.0039578057
0.0000000000,0.0039694263
0.0000000000,0.0039773937
0.0000000000,0.0039946181
0.0000000000,0.0039958837
0.0000000000,0.0040068328
0.0000000000,0.0040150858
0.0000000000,0.0040632421
0.0000000000,0.0040962673
0.0000000000,0.0041139037
0.0000000000,0.0041636880
0.0000000000,0.0042350166
0.0000000000,0.0042494861
0.0000000000,0.0042554848
0.0000000000,0.0042557921
0.0000000000,0.0042605167
0.0000000000,0.0042844969
0.0000000000,0.0043155374
0.0000000000,0.0043436657
0.0000000000,0.0043527768
0.0000000000,0.0043622167
0.0000000000,0.0043728175
0.0000000000,0.0043963944
0.0000000000,0.0044008354
0.0000000000,0.0044122194
0.0000000000,0.0044591338
0.0000000000,0.0044598551
0.0000000000,0.0044725058
0.0000000000,0.0044919075
0.0000000000,0.0045232130
0.0000000000,0.0045443997
0.0000000000,0.0045665777
0.0000000000,0.0045858119
0.0000000000,0.0046430556
0.0000000000,0.0046473234
0.0000000000,0.0046579447
0.0000000000,0.0047251987
0.0000000000,0.0048065251
0.0000000000,0.0048157391
0.0000000000,0.0048177871
0.0000000000,0.0048521948
0.0000000000,0.0048709582
0.0000000000,0.0048859413
0.0000000000,0.0048871790
0.0000000000,0.0048900372
0.0000000000,0.0049399622
0.0000000000,0.0049456111
0.0000000000,0.0049463273
0.0000000000,0.0049634273
0.0000000000,0.0049980478
0.0000000000,0.0049981349
0.0000000000,0.0050146845
0.0000000000,0.0051197866
0.0000000000,0.0051456797
0.0000000000,0.0051666480
0.0000000000,0.0051936205
0.0000000000,0.0052568270
0.0000000000,0.0052695451
0.0000000000,0.0052804416
0.0000000000,0.0052915844
0.0000000000,0.0052946494
0.0000000000,0.0052953949
0.0000000000,0.0053276522
0.0000000000,0.0053520142
0.0000000000,0.0053589330
0.0000000000,0.0054228823
0.0000000000,0.0054361522
0.0000000000,0.0054585109
0.0000000000,0.0054693567
0.0000000000,0.0054819752
0.0000000000,0.0054919594
0.0000000000,0.0055042398
0.0000000000,0.0055272938
0.0000000000,0.0055308575
0.0000000000,0.0055364897
0.0000000000,0.0055644182
0.0000000000,0.0056144646
0.0000000000,0.0056151836
0.0000000000,0.0056333602
0.0000000000,0.0056569502
0.0000000000,0.0056957211
0.0000000000,0.0056968434
0.0000000000,0.0057130000
0.0000000000,0.0057280315
0.0000000000,0.0058180699
0.0000000000,0.0058372607
0.0000000000,0.0058383523
0.0000000000,0.0058624949
0.0000000000,0.0059110657
0.0000000000,0.0059159282
0.0000000000,0.0059797172
0.0000000000,0.0059906705
0.0000000000,0.0060185888
0.0000000000,0.0060653640
0.0000000000,0.0060775275
0.0000000000,0.0061156922
0.0000000000,0.0061229500
0.0000000000,0.0061270236
0.0000000000,0.0061304495
0.0000000000,0.0061418493
0.0000000000,0.0061618662
0.0000000000,0.0061688744
0.0000000000,0.0061757984
0.0000000000,0.0061885575
0.0000000000,0.0062158909
0.0000000000,0.0062241964
0.0000000000,0.0062256479
0.0000000000,0.0062292493
0.0000000000,0.0062310672
0.0000000000,0.0063235466
0.0000000000,0.0063395770
0.0000000000,0.0063401135
0.0000000000,0.0063616568
0.0000000000,0.0063637700
0.0000000000,0.0064070821
0.0000000000,0.0064294701
0.0000000000,0.0064315251
0.0000000000,0.0064522070
0.0000000000,0.0064536505
0.0000000000,0.0064633475
0.0000000000,0.0064821215
0.0000000000,0.0065021785
0.0000000000,0.0065295850
0.0000000000,0.0065756668
0.0000000000,0.0065831058
0.0000000000,0.0065970439
0.0000000000,0.0066092522
0.0000000000,0.0066248621
0.0000000000,0.0066293753
0.0000000000,0.0066358466
0.0000000000,0.0066783899
0.0000000000,0.0066935308
0.0000000000,0.0066937222
0.0000000000,0.0066959476
0.0000000000,0.0067221075
0.0000000000,0.0067251236
0.0000000000,0.0067310068
0.0000000000,0.0067649842
0.0000000000,0.0067935158
0.0000000000,0.0067966082
0.0000000000,0.0067976830
0.0000000000,0.0068190857
0.0000000000,0.0068222615
0.0000000000,0.0068413639
0.0000000000,0.0068638320
0.0000000000,0.0068846541
0.0000000000,0.0069265100
0.0000000000,0.0069677364
0.0000000000,0.0069744722
0.0000000000,0.0070296288
0.0000000000,0.0070336279
0.0000000000,0.0070971446
0.0000000000,0.0071046189
0.0000000000,0.0071061430
0.0000000000,0.0071185748
0.0000000000,0.0071464647
0.0000000000,0.0072134007
0.0000000000,0.0072141821
0.0000000000,0.0072448007
0.0000000000,0.0072562965
0.0000000000,0.0072581153
0.0000000000,0.0072695306
0.0000000000,0.0072732046
0.0000000000,0.0073065287
0.0000000000,0.0073209000
0.0000000000,0.0073426901
0.0000000000,0.0073496588
0.0000000000,0.0073517733
0.0000000000,0.0073871734
0.0000000000,0.0074006063
0.0000000000,0.0074063381
0.0000000000,0.0075273174
0.0000000000,0.0075699841
0.0000000000,0.0075846477
0.0000000000,0.0076477262
0.0000000000,0.0076625799
0.0000000000,0.0076639699
0.0000000000,0.0076691327
0.0000000000,0.0076747541
0.0000000000,0.0076840869
0.0000000000,0.0077046938
0.0000000000,0.0077117733
0.0000000000,0.0077421363
0.0000000000,0.0077478387
0.0000000000,0.0077631995
0.0000000000,0.0077732406
0.0000000000,0.0078010457
0.0000000000,0.0078022326
0.0000000000,0.0078122360
0.0000000000,0.0078150742
0.0000000000,0.0078659020
0.0000000000,0.0078876456
0.0000000000,0.0078974376
0.0000000000,0.0079103513
0.0000000000,0.0079156114
0.0000000000,0.0079238312
0.0000000000,0.0079297880
0.0000000000,0.0079511739
0.0000000000,0.0079547875
0.0000000000,0.0079605635
0.0000000000,0.0079892362
0.0000000000,0.0079917675
0.0000000000,0.0080136657
0.0000000000,0.0080301715
0.0000000000,0.0080850301
0.0000000000,0.0080936449
0.0000000000,0.0081033818
0.0000000000,0.0081387023
0.0000000000,0.0081530847
0.0000000000,0.0081856623
0.0000000000,0.0082278075
0.0000000000,0.0082290806
0.0000000000,0.0082477974
0.0000000000,0.0082529299
0.0000000000,0.0082562352
0.0000000000,0.0083038015
0.0000000000,0.0083273761
0.0000000000,0.0083761923
0.0000000000,0.0083974432
0.0000000000,0.0084252926
0.0000000000,0.0084501226
0.0000000000,0.0084585147
0.0000000000,0.0084700333
0.0000000000,0.0084913243
0.0000000000,0.0084961234
0.0000000000,0.0084989723
0.0000000000,0.0085066725
0.0000000000,0.0085109696
0.0000000000,0.0085115843
0.0000000000,0.0085117808
0.0000000000,0.0085210335
0.0000000000,0.0085324766
0.0000000000,0.0085456045
0.0000000000,0.0085689938
0.0000000000,0.0086310748
0.0000000000,0.0086503467
0.0000000000,0.0086873313
0.0000000000,0.0086937919
0.0000000000,0.0087055536
0.0000000000,0.0087244334
0.0000000000,0.0087360442
0.0000000000,0.0087409932
0.0000000000,0.0087927887
0.0000000000,0.0087940544
0.0000000000,0.0088016707
0.0000000000,0.0088173319
0.0000000000,0.0088244388
0.0000000000,0.0088313892
0.0000000000,0.0088657904
0.0000000000,0.0088681830
0.0000000000,0.0088896900
0.0000000000,0.0088980747
0.0000000000,0.0089182677
0.0000000000,0.0089247292
0.0000000000,0.0089450115
0.0000000000,0.0089833355
0.0000000000,0.0089838151
0.0000000000,0.0090345647
0.0000000000,0.0090464260
0.0000000000,0.0090622110
0.0000000000,0.0090778340
0.0000000000,0.0090887994
0.0000000000,0.0090929074
0.0000000000,0.0090949358
0.0000000000,0.0091021741
0.0000000000,0.0091331555
0.0000000000,0.0091716237
0.0000000000,0.0091786254
0.0000000000,0.0091883605
0.0000000000,0.0092101162
0.0000000000,0.0092372792
0.0000000000,0.0092504723
0.0000000000,0.0092517110
0.0000000000,0.0092546027
0.0000000000,0.0092861112
0.0000000000,0.0092915120
0.0000000000,0.0092946468
0.0000000000,0.0093051922
0.0000000000,0.0093158893
0.0000000000,0.0093287900
0.0000000000,0.0093433717
0.0000000000,0.0093550393
0.0000000000,0.0093610892
0.0000000000,0.0093987472
0.0000000000,0.0094003091
0.0000000000,0.0094186673
0.0000000000,0.0094189793
0.0000000000,0.0094450759
0.0000000000,0.0094503975
0.0000000000,0.0094542149
0.0000000000,0.0094851926
0.0000000000,0.0095066018
0.0000000000,0.0095146298
0.0000000000,0.0095394757
0.0000000000,0.0095552253
0.0000000000,0.0095832385
0.0000000000,0.0096130501
0.0000000000,0.0096242148
0.0000000000,0.0096258912
0.0000000000,0.0096314782
0.0000000000,0.0096355742
0.0000000000,0.0096716061
0.0000000000,0.0096959108
0.0000000000,0.0097043896
0.0000000000,0.0097349752
0.0000000000,0.0097419163
0.0000000000,0.0097558154
0.0000000000,0.0097570159
0.0000000000,0.0097718826
0.0000000000,0.0097800745
0.0000000000,0.0097874757
0.0000000000,0.0098324139
0.0000000000,0.0098378574
0.0000000000,0.0098799244
0.0000000000,0.0098872278
0.0000000000,0.0098912222
0.0000000000,0.0098926546
0.0000000000,0.0099268546
0.0000000000,0.0099319620
0.0000000000,0.0099395532
0.0000000000,0.0099401325
0.0000000000,0.0099532558
0.0000000000,0.0099620335
0.0000000000,0.0099874502
0.0000000000,0.0099960957
0.0000000000,0.0099962698
0.0000000000,0.0100293690
0.0000000000,0.0101035498
0.0000000000,0.0101060010
0.0000000000,0.0101133445
0.0000000000,0.0101211779
0.0000000000,0.0101391720
0.0000000000,0.0101525718
0.0000000000,0.0102087306
0.0000000000,0.0102395732
0.0000000000,0.0102641638
0.0000000000,0.0102836154
0.0000000000,0.0103088338
0.0000000000,0.0103090080
0.0000000000,0.0103154099
0.0000000000,0.0103174830
0.0000000000,0.0103267487
0.0000000000,0.0103278114
0.0000000000,0.0103621194
0.0000000000,0.0103872409
0.0000000000,0.0104035204
0.0000000000,0.0104346396
0.0000000000,0.0104575902
0.0000000000,0.0104691982
0.0000000000,0.0104830032
0.0000000000,0.0105136540
0.0000000000,0.0105205383
0.0000000000,0.0105215386
0.0000000000,0.0105300238
0.0000000000,0.0105390903
0.0000000000,0.0105790133
0.0000000000,0.0105801718
0.0000000000,0.0105831688
0.0000000000,0.0105892988
0.0000000000,0.0105935950
0.0000000000,0.0106306812
0.0000000000,0.0106553044
0.0000000000,0.0106717208
0.0000000000,0.0106751537
0.0000000000,0.0106813712
0.0000000000,0.0107040284
0.0000000000,0.0107132858
0.0000000000,0.0107178660
0.0000000000,0.0107224565
0.0000000000,0.0107423291
0.0000000000,0.0108060064
0.0000000000,0.0108069796
0.0000000000,0.0108265430
0.0000000000,0.0108409319
0.0000000000,0.0108457645
0.0000000000,0.0108692218
0.0000000000,0.0108723044
0.0000000000,0.0109056020
0.0000000000,0.0109387133
0.0000000000,0.0109632993
0.0000000000,0.0109659750
0.0000000000,0.0109673636
0.0000000000,0.0109839188
0.0000000000,0.0109992335
0.0000000000,0.0110084796
0.0000000000,0.0110341627
0.0000000000,0.0110504311
0.0000000000,0.0110545876
0.0000000000,0.0110729793
0.0000000000,0.0110897198
0.0000000000,0.0110996971
0.0000000000,0.0111137237
0.0000000000,0.0111288363
0.0000000000,0.0111319246
0.0000000000,0.0111421468
0.0000000000,0.0112303672
0.0000000000,0.0112628192
0.0000000000,0.0112651512
0.0000000000,0.0112667205
0.0000000000,0.0112928012
0.0000000000,0.0112969549
0.0000000000,0.0113139004
0.0000000000,0.0113173248
0.0000000000,0.0113287242
0.0000000000,0.0113729732
0.0000000000,0.0113779735
0.0000000000,0.0113795083
0.0000000000,0.0113900397
0.0000000000,0.0113908201
0.0000000000,0.0113914423
0.0000000000,0.0114259999
0.0000000000,0.0114560630
0.0000000000,0.0114979092
0.0000000000,0.0115327630
0.0000000000,0.0115624843
0.0000000000,0.0115745803
0.0000000000,0.0115748001
0.0000000000,0.0115787964
0.0000000000,0.0116103934
0.0000000000,0.0116170757
0.0000000000,0.0116361398
0.0000000000,0.0116479322
0.0000000000,0.0116717536
0.0000000000,0.0116767045
0.0000000000,0.0117163211
0.0000000000,0.0117249899
0.0000000000,0.0117678018
0.0000000000,0.0117758326
0.0000000000,0.0117867701
0.0000000000,0.0117967576
0.0000000000,0.0118221315
0.0000000000,0.0118238293
0.0000000000,0.0118318563
0.0000000000,0.0118486853
0.0000000000,0.0118559962
0.0000000000,0.0119030345
0.0000000000,0.0119139040
0.0000000000,0.0119151212
0.0000000000,0.0119421165
0.0000000000,0.0119650550
0.0000000000,0.0119813411
0.0000000000,0.0120126680
0.0000000000,0.0120432172
0.0000000000,0.0120652067
0.0000000000,0.0120972116
0.0000000000,0.0121550551
0.0000000000,0.0121712675
0.0000000000,0.0121921729
0.0000000000,0.0121928034
0.0000000000,0.0121952426
0.0000000000,0.0122021399
0.0000000000,0.0122091649
0.0000000000,0.0122137778
0.0000000000,0.0122169163
0.0000000000,0.0122216819
0.0000000000,0.0122283362
0.0000000000,0.0122313844
0.0000000000,0.0122362012
0.0000000000,0.0122459000
0.0000000000,0.0122604715
0.0000000000,0.0122608989
0.0000000000,0.0123105794
0.0000000000,0.0123237325
0.0000000000,0.0123377489
0.0000000000,0.0123515967
0.0000000000,0.0123904925
0.0000000000,0.0124317817
0.0000000000,0.0124355257
0.0000000000,0.0124483928
0.0000000000,0.0124512957
0.0000000000,0.0124584986
0.0000000000,0.0124621345
0.0000000000,0.0124769704
0.0000000000,0.0124857733
0.0000000000,0.0125193391
0.0000000000,0.0125206038
0.0000000000,0.0125581808
0.0000000000,0.0125877038
0.0000000000,0.0125951786
0.0000000000,0.0126029123
0.0000000000,0.0126470933
0.0000000000,0.0126526440
0.0000000000,0.0126673495
0.0000000000,0.0126802269
0.0000000000,0.0126943374
0.0000000000,0.0127233136
0.0000000000,0.0127264988
0.0000000000,0.0127275400
0.0000000000,0.0127452184
0.0000000000,0.0128141642
0.0000000000,0.0128281675
0.0000000000,0.0128293158
0.0000000000,0.0128568057
0.0000000000,0.0128570525
0.0000000000,0.0128589403
0.0000000000,0.0128590129
0.0000000000,0.0128630502
0.0000000000,0.0129001411
0.0000000000,0.0129266949
0.0000000000,0.0129370624
0.0000000000,0.0129642431
0.0000000000,0.0129657676
0.0000000000,0.0129951537
0.0000000000,0.0130043570
0.0000000000,0.0130256535
0.0000000000,0.0130433878
0.0000000000,0.0130439531
0.0000000000,0.0130591700
0.0000000000,0.0130632296
0.0000000000,0.0130774658
0.0000000000,0.0130787017
0.0000000000,0.0130802002
0.0000000000,0.0131026469
0.0000000000,0.0131196901
0.0000000000,0.0131718079
0.0000000000,0.0131871533
0.0000000000,0.0132185044
0.0000000000,0.0132371616
0.0000000000,0.0132434759
0.0000000000,0.0132455993
0.0000000000,0.0132497242
0.0000000000,0.0132622626
0.0000000000,0.0132643757
0.0000000000,0.0132737057
0.0000000000,0.0132973082
0.0000000000,0.0133567797
0.0000000000,0.0133870617
0.0000000000,0.0134036364
0.0000000000,0.0134077519
0.0000000000,0.0134079223
0.0000000000,0.0134276506
0.0000000000,0.0134442151
0.0000000000,0.0134448204
0.0000000000,0.0134461103
0.0000000000,0.0134502472
0.0000000000,0.0134503273
0.0000000000,0.0134551320
0.0000000000,0.0134620136
0.0000000000,0.0135008758
0.0000000000,0.0135254301
0.0000000000,0.0135284215
0.0000000000,0.0135649303
0.0000000000,0.0135680139
0.0000000000,0.0135759106
0.0000000000,0.0135800764
0.0000000000,0.0135870315
0.0000000000,0.0135981068
0.0000000000,0.0136042498
0.0000000000,0.0136827277
0.0000000000,0.0136877503
0.0000000000,0.0136882039
0.0000000000,0.0137077989
0.0000000000,0.0137227643
0.0000000000,0.0137341935
0.0000000000,0.0137405274
0.0000000000,0.0137438234
0.0000000000,0.0137693081
0.0000000000,0.0138075380
0.0000000000,0.0138230370
0.0000000000,0.0138530200
0.0000000000,0.0138561437
0.0000000000,0.0139043164
0.0000000000,0.0139139602
0.0000000000,0.0139153982
0.0000000000,0.0139273452
0.0000000000,0.0139354728
0.0000000000,0.0139797740
0.0000000000,0.0139927017
0.0000000000,0.0140114650
0.0000000000,0.0140142804
0.0000000000,0.0140213240
0.0000000000,0.0140592577
0.0000000000,0.0140672559
0.0000000000,0.0140846558
0.0000000000,0.0140921893
0.0000000000,0.0140964100
0.0000000000,0.0140997814
0.0000000000,0.0141328918
0.0000000000,0.0141585125
0.0000000000,0.0141595993
0.0000000000,0.0141717577
0.0000000000,0.0141738057
0.0000000000,0.0141878230
0.0000000000,0.0141933030
0.0000000000,0.0141942892
0.0000000000,0.0142018450
0.0000000000,0.0142092379
0.0000000000,0.0142122861
0.0000000000,0.0142182261
0.0000000000,0.0142371496
0.0000000000,0.0142583065
0.0000000000,0.0142857619
0.0000000000,0.0142929293
0.0000000000,0.0143029662
0.0000000000,0.0143209556
0.0000000000,0.0143227242
0.0000000000,0.0143351937
0.0000000000,0.0143628269
0.0000000000,0.0144005055
0.0000000000,0.0144283641
0.0000000000,0.0144604631
0.0000000000,0.0144643113
0.0000000000,0.0144896014
0.0000000000,0.0145125929
0.0000000000,0.0145162307
0.0000000000,0.0145375337
0.0000000000,0.0145380823
0.0000000000,0.0145390611
0.0000000000,0.0145464092
0.0000000000,0.0145482197
0.0000000000,0.0145631908
0.0000000000,0.0145654874
0.0000000000,0.0145894783
0.0000000000,0.0145899598
0.0000000000,0.0146066528
0.0000000000,0.0146130575
0.0000000000,0.0146418000
0.0000000000,0.0146419797
0.0000000000,0.0146606965
0.0000000000,0.0146683985
0.0000000000,0.0147035467
0.0000000000,0.0147043625
0.0000000000,0.0147262318
0.0000000000,0.0147380270
0.0000000000,0.0147972787
0.0000000000,0.0148018952
0.0000000000,0.0148126762
0.0000000000,0.0148170162
0.0000000000,0.0148330415
0.0000000000,0.0148521131
0.0000000000,0.0148721719
0.0000000000,0.0148841832
0.0000000000,0.0149432374
0.0000000000,0.0149518875
0.0000000000,0.0149532882
0.0000000000,0.0149589935
0.0000000000,0.0149727445
0.0000000000,0.0149762668
0.0000000000,0.0150082046
0.0000000000,0.0150164673
0.0000000000,0.0150254471
0.0000000000,0.0150313741
0.0000000000,0.0150324767
0.0000000000,0.0150546348
0.0000000000,0.0150564481
0.0000000000,0.0150768720
0.0000000000,0.0150812091
0.0000000000,0.0151037965
0.0000000000,0.0151346866
0.0000000000,0.0151399681
0.0000000000,0.0151419463
0.0000000000,0.0151692955
0.0000000000,0.0151975714
0.0000000000,0.0152055779
0.0000000000,0.0152254784
0.0000000000,0.0152315889
0.0000000000,0.0152341630
0.0000000000,0.0152457589
0.0000000000,0.0152954524
0.0000000000,0.0152977565
0.0000000000,0.0153251598
0.0000000000,0.0153279398
0.0000000000,0.0153371869
0.0000000000,0.0153383138
0.0000000000,0.0153513495
0.0000000000,0.0153681738
0.0000000000,0.0153899686
0.0000000000,0.0154004544
0.0000000000,0.0154093876
0.0000000000,0.0154119236
0.0000000000,0.0154235465
0.0000000000,0.0154786771
0.0000000000,0.0154842725
0.0000000000,0.0154858250
0.0000000000,0.0155139975
0.0000000000,0.0155256037
0.0000000000,0.0155296521
0.0000000000,0.0155464811
0.0000000000,0.0155568710
0.0000000000,0.0155648636
0.0000000000,0.0155750308
0.0000000000,0.0155886319
0.0000000000,0.0155978650
0.0000000000,0.0156020913
0.0000000000,0.0156301484
0.0000000000,0.0156315472
0.0000000000,0.0156656038
0.0000000000,0.0156890899
0.0000000000,0.0156892072
0.0000000000,0.0157285687
0.0000000000,0.0157318041
0.0000000000,0.0157938972
0.0000000000,0.0157948751
0.0000000000,0.0158312228
0.0000000000,0.0158416554
0.0000000000,0.0158476625
0.0000000000,0.0158595759
0.0000000000,0.0158717651
0.0000000000,0.0158960130
0.0000000000,0.0159095749
0.0000000000,0.0159220994
0.0000000000,0.0159784723
0.0000000000,0.0159835350
0.0000000000,0.0159934219
0.0000000000,0.0160043184
0.0000000000,0.0160060152
0.0000000000,0.0160273314
0.0000000000,0.0160309710
0.0000000000,0.0160348639
0.0000000000,0.0160603430
0.0000000000,0.0160615426
0.0000000000,0.0160619207
0.0000000000,0.0160671584
0.0000000000,0.0160831828
0.0000000000,0.0161045268
0.0000000000,0.0161338896
0.0000000000,0.0161346812
0.0000000000,0.0161700603
0.0000000000,0.0161872897
0.0000000000,0.0162222274
0.0000000000,0.0162279513
0.0000000000,0.0162325241
0.0000000000,0.0162467714
0.0000000000,0.0162654463
0.0000000000,0.0162774045
0.0000000000,0.0162903909
0.0000000000,0.0163061693
0.0000000000,0.0163320191
0.0000000000,0.0163553562
0.0000000000,0.0164136700
0.0000000000,0.0164206084
0.0000000000,0.0164581612
0.0000000000,0.0164943058
0.0000000000,0.0164955948
0.0000000000,0.0165058598
0.0000000000,0.0165124703
0.0000000000,0.0165809076
0.0000000000,0.0165869351
0.0000000000,0.0165906474
0.0000000000,0.0166547522
0.0000000000,0.0167084578
0.0000000000,0.0167659745
0.0000000000,0.0167944394
0.0000000000,0.0168104824
0.0000000000,0.0168452039
0.0000000000,0.0168482233
0.0000000000,0.0168627091
0.0000000000,0.0169138126
0.0000000000,0.0169170294
0.0000000000,0.0169400666
0.0000000000,0.0169452112
0.0000000000,0.0169772636
0.0000000000,0.0169888381
0.0000000000,0.0169922467
0.0000000000,0.0169946030
0.0000000000,0.0169979446
0.0000000000,0.0170133449
0.0000000000,0.0170649532
0.0000000000,0.0171168819
0.0000000000,0.0171573069
0.0000000000,0.0171611607
0.0000000000,0.0171818361
0.0000000000,0.0172140058
0.0000000000,0.0172621496
0.0000000000,0.0172710959
0.0000000000,0.0173261631
0.0000000000,0.0173656065
0.0000000000,0.0173727013
0.0000000000,0.0173746627
0.0000000000,0.0174111072
0.0000000000,0.0174258836
0.0000000000,0.0174319874
0.0000000000,0.0174813066
0.0000000000,0.0174894687
0.0000000000,0.0174921528
0.0000000000,0.0175274406
0.0000000000,0.0175430737
0.0000000000,0.0175734162
0.0000000000,0.0175855774
0.0000000000,0.0176129490
0.0000000000,0.0176172648
0.0000000000,0.0176259391
0.0000000000,0.0176281594
0.0000000000,0.0176488776
0.0000000000,0.0176627785
0.0000000000,0.0177051108
0.0000000000,0.0177109558
0.0000000000,0.0177363660
0.0000000000,0.0177603010
0.0000000000,0.0177616253
0.0000000000,0.0177722648
0.0000000000,0.0177936312
0.0000000000,0.0177961495
0.0000000000,0.0177972540
0.0000000000,0.0178365353
0.0000000000,0.0178369917
0.0000000000,0.0178506970
0.0000000000,0.0178854689
0.0000000000,0.0178871080
0.0000000000,0.0179666709
0.0000000000,0.0179676302
0.0000000000,0.0179806128
0.0000000000,0.0180403441
0.0000000000,0.0180533137
0.0000000000,0.0180605911
0.0000000000,0.0180612616
0.0000000000,0.0180627368
0.0000000000,0.0180691294
0.0000000000,0.0180720780
0.0000000000,0.0180770326
0.0000000000,0.0180928521
0.0000000000,0.0181244221
0.0000000000,0.0181517694
0.0000000000,0.0181629919
0.0000000000,0.0181858148
0.0000000000,0.0181873199
0.0000000000,0.0182043724
0.0000000000,0.0182207637
0.0000000000,0.0183015075
0.0000000000,0.0183160398
0.0000000000,0.0183432475
0.0000000000,0.0183904860
0.0000000000,0.0184202325
0.0000000000,0.0184745584
0.0000000000,0.0185009446
0.0000000000,0.0185475741
0.0000000000,0.0185761526
0.0000000000,0.0185830239
0.0000000000,0.0185833964
0.0000000000,0.0185892936
0.0000000000,0.0185942408
0.0000000000,0.0186000541
0.0000000000,0.0186103843
0.0000000000,0.0186334625
0.0000000000,0.0186409205
0.0000000000,0.0186428707
0.0000000000,0.0186867435
0.0000000000,0.0187009238
0.0000000000,0.0187198780
0.0000000000,0.0187235754
0.0000000000,0.0187288132
0.0000000000,0.0187353846
0.0000000000,0.0187795702
0.0000000000,0.0187948793
0.0000000000,0.0188001003
0.0000000000,0.0188006181
0.0000000000,0.0188373346
0.0000000000,0.0188379586
0.0000000000,0.0188865121
0.0000000000,0.0188925508
0.0000000000,0.0189007949
0.0000000000,0.0189084299
0.0000000000,0.0189442411
0.0000000000,0.0189578291
0.0000000000,0.0189703852
0.0000000000,0.0189851224
0.0000000000,0.0189968236
0.0000000000,0.0190087799
0.0000000000,0.0190132037
0.0000000000,0.0190292597
0.0000000000,0.0190415531
0.0000000000,0.0190430973
0.0000000000,0.0190539192
0.0000000000,0.0191033352
0.0000000000,0.0191115811
0.0000000000,0.0191520639
0.0000000000,0.0191591606
0.0000000000,0.0191617142
0.0000000000,0.0191664770
0.0000000000,0.0191768743
0.0000000000,0.0192261003
0.0000000000,0.0192484297
0.0000000000,0.0192523133
0.0000000000,0.0192586873
0.0000000000,0.0192729309
0.0000000000,0.0193332843
0.0000000000,0.0193426199
0.0000000000,0.0193502493
0.0000000000,0.0193828065
0.0000000000,0.0193918217
0.0000000000,0.0194161851
0.0000000000,0.0194455441
0.0000000000,0.0194648672
0.0000000000,0.0195140317
0.0000000000,0.0195265319
0.0000000000,0.0195368566
0.0000000000,0.0195407756
0.0000000000,0.0195437651
0.0000000000,0.0195749514
0.0000000000,0.0196486972
0.0000000000,0.0196648277
0.0000000000,0.0196768139
0.0000000000,0.0196833946
0.0000000000,0.0196884442
0.0000000000,0.0196991935
0.0000000000,0.0197320376
0.0000000000,0.0197398979
0.0000000000,0.0197706372
0.0000000000,0.0197744556
0.0000000000,0.0197824445
0.0000000000,0.0197853092
0.0000000000,0.0198537093
0.0000000000,0.0198639240
0.0000000000,0.0198802650
0.0000000000,0.0199006870
0.0000000000,0.0199065115
0.0000000000,0.0199068841
0.0000000000,0.0199191011
0.0000000000,0.0199247338
0.0000000000,0.0199493486
0.0000000000,0.0199749004
0.0000000000,0.0199921913
0.0000000000,0.0200475864
0.0000000000,0.0200587381
0.0000000000,0.0200649742
0.0000000000,0.0200730301
0.0000000000,0.0200790875
0.0000000000,0.0201526452
0.0000000000,0.0201774854
0.0000000000,0.0202070996
0.0000000000,0.0202266984
0.0000000000,0.0202423558
0.0000000000,0.0202681795
0.0000000000,0.0202783439
0.0000000000,0.0203051437
0.0000000000,0.0203067269
0.0000000000,0.0203129742
0.0000000000,0.0203591380
0.0000000000,0.0204791464
0.0000000000,0.0205649193
0.0000000000,0.0205669906
0.0000000000,0.0205884613
0.0000000000,0.0205965322
0.0000000000,0.0206176676
0.0000000000,0.0206180159
0.0000000000,0.0206235014
0.0000000000,0.0206260588
0.0000000000,0.0206283685
0.0000000000,0.0206534974
0.0000000000,0.0206556227
0.0000000000,0.0206854660
0.0000000000,0.0207484029
0.0000000000,0.0207744818
0.0000000000,0.0207849778
0.0000000000,0.0207861047
0.0000000000,0.0207869075
0.0000000000,0.0207887776
0.0000000000,0.0208028220
0.0000000000,0.0208730549
0.0000000000,0.0208746567
0.0000000000,0.0209352821
0.0000000000,0.0209522620
0.0000000000,0.0209660064
0.0000000000,0.0209875591
0.0000000000,0.0209908411
0.0000000000,0.0210286938
0.0000000000,0.0210410766
0.0000000000,0.0210430771
0.0000000000,0.0210531168
0.0000000000,0.0210600477
0.0000000000,0.0210658889
0.0000000000,0.0210740175
0.0000000000,0.0210751649
0.0000000000,0.0210886784
0.0000000000,0.0211048219
0.0000000000,0.0211580265
0.0000000000,0.0212233979
0.0000000000,0.0212371852
0.0000000000,0.0212461520
0.0000000000,0.0212470088
0.0000000000,0.0212685112
0.0000000000,0.0212751348
0.0000000000,0.0212818999
0.0000000000,0.0212907679
0.0000000000,0.0213106088
0.0000000000,0.0213149805
0.0000000000,0.0213341936
0.0000000000,0.0213434417
0.0000000000,0.0213656090
0.0000000000,0.0213917028
0.0000000000,0.0214169137
0.0000000000,0.0215079244
0.0000000000,0.0215480272
0.0000000000,0.0216139592
0.0000000000,0.0216431078
0.0000000000,0.0216887947
0.0000000000,0.0216915291
0.0000000000,0.0217138845
0.0000000000,0.0217201281
0.0000000000,0.0217305068
0.0000000000,0.0217482112
0.0000000000,0.0217640307
0.0000000000,0.0217812099
0.0000000000,0.0218112040
0.0000000000,0.0218191445
0.0000000000,0.0218312461
0.0000000000,0.0218358636
0.0000000000,0.0218657497
0.0000000000,0.0218771975
0.0000000000,0.0218774267
0.0000000000,0.0218943041
0.0000000000,0.0219057892
0.0000000000,0.0219181646
0.0000000000,0.0219319500
0.0000000000,0.0219542421
0.0000000000,0.0219609141
0.0000000000,0.0219678376
0.0000000000,0.0219803192
0.0000000000,0.0219880510
0.0000000000,0.0219984669
0.0000000000,0.0220286623
0.0000000000,0.0220366213
0.0000000000,0.0220382418
0.0000000000,0.0220504738
0.0000000000,0.0221018661
0.0000000000,0.0221091751
0.0000000000,0.0221168231
0.0000000000,0.0221351534
0.0000000000,0.0221397709
0.0000000000,0.0221836418
0.0000000000,0.0221949015
0.0000000000,0.0222158208
0.0000000000,0.0222469326
0.0000000000,0.0222661570
0.0000000000,0.0222906079
0.0000000000,0.0223137084
0.0000000000,0.0223720763
0.0000000000,0.0223752148
0.0000000000,0.0223819707
0.0000000000,0.0223926604
0.0000000000,0.0224099476
0.0000000000,0.0224213246
0.0000000000,0.0224780515
0.0000000000,0.0224873908
0.0000000000,0.0225334410
0.0000000000,0.0225341283
0.0000000000,0.0225856025
0.0000000000,0.0225939099
0.0000000000,0.0226554107
0.0000000000,0.0226561725
0.0000000000,0.0226574484
0.0000000000,0.0226679407
0.0000000000,0.0227049682
0.0000000000,0.0227559470
0.0000000000,0.0227561668
0.0000000000,0.0227800794
0.0000000000,0.0227816403
0.0000000000,0.0228061453
0.0000000000,0.0228186660
0.0000000000,0.0228326675
0.0000000000,0.0228470173
0.0000000000,0.0228514969
0.0000000000,0.0228743926
0.0000000000,0.0229183044
0.0000000000,0.0229476728
0.0000000000,0.0229614247
0.0000000000,0.0229671896
0.0000000000,0.0229745638
0.0000000000,0.0229958184
0.0000000000,0.0230155792
0.0000000000,0.0230216123
0.0000000000,0.0231215321
0.0000000000,0.0231249686
0.0000000000,0.0231359843
0.0000000000,0.0231488403
0.0000000000,0.0231868122
0.0000000000,0.0232207868
0.0000000000,0.0232341513
0.0000000000,0.0232775323
0.0000000000,0.0232879221
0.0000000000,0.0232958645
0.0000000000,0.0233107135
0.0000000000,0.0233330186
0.0000000000,0.0234126803
0.0000000000,0.0234208331
0.0000000000,0.0234499797
0.0000000000,0.0234509502
0.0000000000,0.0234666802
0.0000000000,0.0235997122
0.0000000000,0.0236537177
0.0000000000,0.0236637127
0.0000000000,0.0236721840
0.0000000000,0.0236752667
0.0000000000,0.0236798562
0.0000000000,0.0236818921
0.0000000000,0.0236957837
0.0000000000,0.0236973707
0.0000000000,0.0237013698
0.0000000000,0.0237132479
0.0000000000,0.0237205997
0.0000000000,0.0237256475
0.0000000000,0.0238060690
0.0000000000,0.0238199085
0.0000000000,0.0238278080
0.0000000000,0.0238454454
0.0000000000,0.0238957629
0.0000000000,0.0239160098
0.0000000000,0.0239301100
0.0000000000,0.0239336062
0.0000000000,0.0239339024
0.0000000000,0.0239626821
0.0000000000,0.0239677355
0.0000000000,0.0240253359
0.0000000000,0.0240521505
0.0000000000,0.0240794811
0.0000000000,0.0240864344
0.0000000000,0.0240894463
0.0000000000,0.0241304133
0.0000000000,0.0241494868
0.0000000000,0.0241542235
0.0000000000,0.0241817106
0.0000000000,0.0241889004
0.0000000000,0.0242131446
0.0000000000,0.0242768340
0.0000000000,0.0243184865
0.0000000000,0.0243462287
0.0000000000,0.0244042799
0.0000000000,0.0244376566
0.0000000000,0.0244563296
0.0000000000,0.0244627688
0.0000000000,0.0244749542
0.0000000000,0.0244918000
0.0000000000,0.0245148595
0.0000000000,0.0245217979
0.0000000000,0.0245316178
0.0000000000,0.0245763082
0.0000000000,0.0246012993
0.0000000000,0.0246474650
0.0000000000,0.0246655382
0.0000000000,0.0246994048
0.0000000000,0.0247017276
0.0000000000,0.0247168280
0.0000000000,0.0247194041
0.0000000000,0.0247301925
0.0000000000,0.0247320216
0.0000000000,0.0247538276
0.0000000000,0.0247556698
0.0000000000,0.0247776955
0.0000000000,0.0247839838
0.0000000000,0.0247931089
0.0000000000,0.0248967856
0.0000000000,0.0249089375
0.0000000000,0.0249333885
0.0000000000,0.0249539409
0.0000000000,0.0249673612
0.0000000000,0.0250310656
0.0000000000,0.0250351876
0.0000000000,0.0250386782
0.0000000000,0.0250412077
0.0000000000,0.0250683371
0.0000000000,0.0251370240
0.0000000000,0.0251678862
0.0000000000,0.0251903571
0.0000000000,0.0252058245
0.0000000000,0.0252461378
0.0000000000,0.0253016688
0.0000000000,0.0253372788
0.0000000000,0.0253405645
0.0000000000,0.0253996104
0.0000000000,0.0254466273
0.0000000000,0.0254550800
0.0000000000,0.0254636332
0.0000000000,0.0256328862
0.0000000000,0.0256729759
0.0000000000,0.0256974753
0.0000000000,0.0257261004
0.0000000000,0.0257475842
0.0000000000,0.0257826559
0.0000000000,0.0258070361
0.0000000000,0.0258665271
0.0000000000,0.0259178095
0.0000000000,0.0259962436
0.0000000000,0.0260087140
0.0000000000,0.0260665119
0.0000000000,0.0261264592
0.0000000000,0.0261309035
0.0000000000,0.0262393802
0.0000000000,0.0262590721
0.0000000000,0.0264370088
0.0000000000,0.0265173800
0.0000000000,0.0265287515
0.0000000000,0.0265344251
0.0000000000,0.0265555568
0.0000000000,0.0265768059
0.0000000000,0.0265784059
0.0000000000,0.0266012251
0.0000000000,0.0267067458
0.0000000000,0.0267343167
0.0000000000,0.0267564859
0.0000000000,0.0268127453
0.0000000000,0.0268189870
0.0000000000,0.0268553011
0.0000000000,0.0268884301
0.0000000000,0.0269004945
0.0000000000,0.0269020814
0.0000000000,0.0269102640
0.0000000000,0.0269276407
0.0000000000,0.0270508602
0.0000000000,0.0270568430
0.0000000000,0.0270696990
0.0000000000,0.0271093082
0.0000000000,0.0272084996
0.0000000000,0.0272372235
0.0000000000,0.0272498373
0.0000000000,0.0272519831
0.0000000000,0.0272956658
0.0000000000,0.0273252521
0.0000000000,0.0274455287
0.0000000000,0.0274535026
0.0000000000,0.0275274217
0.0000000000,0.0275386162
0.0000000000,0.0275488254
0.0000000000,0.0275518857
0.0000000000,0.0276150759
0.0000000000,0.0276680626
0.0000000000,0.0277083609
0.0000000000,0.0277216695
0.0000000000,0.0277427807
0.0000000000,0.0278686248
0.0000000000,0.0279136579
0.0000000000,0.0279492401
0.0000000000,0.0279595479
0.0000000000,0.0280052759
0.0000000000,0.0280140731
0.0000000000,0.0280495845
0.0000000000,0.0280525871
0.0000000000,0.0280825496
0.0000000000,0.0281116273
0.0000000000,0.0281928200
0.0000000000,0.0283170249
0.0000000000,0.0283457004
0.0000000000,0.0283756461
0.0000000000,0.0284001306
0.0000000000,0.0284537878
0.0000000000,0.0285166129
0.0000000000,0.0285969339
0.0000000000,0.0286454484
0.0000000000,0.0286541972
0.0000000000,0.0287369899
0.0000000000,0.0287585985
0.0000000000,0.0288567282
0.0000000000,0.0288951397
0.0000000000,0.0289408360
0.0000000000,0.0290251859
0.0000000000,0.0291093513
0.0000000000,0.0293213930
0.0000000000,0.0293706637
0.0000000000,0.0294168051
0.0000000000,0.0294524636
0.0000000000,0.0295030456
0.0000000000,0.0295878742
0.0000000000,0.0296037905
0.0000000000,0.0296649132
0.0000000000,0.0297695659
0.0000000000,0.0297784954
0.0000000000,0.0298364814
0.0000000000,0.0299037751
0.0000000000,0.0299065765
0.0000000000,0.0299133379
0.0000000000,0.0299454890
0.0000000000,0.0301307812
0.0000000000,0.0302838925
0.0000000000,0.0303555001
0.0000000000,0.0304111559
0.0000000000,0.0304509569
0.0000000000,0.0304826405
0.0000000000,0.0306503195
0.0000000000,0.0308009088
0.0000000000,0.0308383796
0.0000000000,0.0310780127
0.0000000000,0.0310929623
0.0000000000,0.0311116911
0.0000000000,0.0311137419
0.0000000000,0.0312041827
0.0000000000,0.0312480852
0.0000000000,0.0313423350
0.0000000000,0.0314505696
0.0000000000,0.0314642489
0.0000000000,0.0314679220
0.0000000000,0.0315103568
0.0000000000,0.0316356122
0.0000000000,0.0317014083
0.0000000000,0.0317191519
0.0000000000,0.0317949615
0.0000000000,0.0319155678
0.0000000000,0.0319549441
0.0000000000,0.0320342742
0.0000000000,0.0321116708
0.0000000000,0.0321206860
0.0000000000,0.0323002264
0.0000000000,0.0323976614
0.0000000000,0.0324019119
0.0000000000,0.0325548090
0.0000000000,0.0326640382
0.0000000000,0.0327485390
0.0000000000,0.0327743664
0.0000000000,0.0328273401
0.0000000000,0.0330026485
0.0000000000,0.0330190770
0.0000000000,0.0330634974
0.0000000000,0.0331812948
0.0000000000,0.0333874635
0.0000000000,0.0334052667
0.0000000000,0.0334960595
0.0000000000,0.0335319489
0.0000000000,0.0336701609
0.0000000000,0.0339078121
0.0000000000,0.0339176618
0.0000000000,0.0339776762
0.0000000000,0.0340266898
0.0000000000,0.0342449211
0.0000000000,0.0343841948
0.0000000000,0.0344000608
0.0000000000,0.0344268866
0.0000000000,0.0344738886
0.0000000000,0.0346526429
0.0000000000,0.0349843055
0.0000000000,0.0352435112
0.0000000000,0.0355745107
0.0000000000,0.0357233286
0.0000000000,0.0358225144
0.0000000000,0.0358538665
0.0000000000,0.0358681269
0.0000000000,0.0360505022
0.0000000000,0.0361379348
0.0000000000,0.0361587405
0.0000000000,0.0362023227
0.0000000000,0.0362373665
0.0000000000,0.0363492444
0.0000000000,0.0364681818
0.0000000000,0.0366190337
0.0000000000,0.0369033590
0.0000000000,0.0374471508
0.0000000000,0.0378869176
0.0000000000,0.0383063033
0.0000000000,0.0383329540
0.0000000000,0.0386193730
0.0000000000,0.0386886559
0.0000000000,0.0389707088
0.0000000000,0.0390692428
0.0000000000,0.0391019620
0.0000000000,0.0395597294
0.0000000000,0.0397406071
0.0000000000,0.0413069949
0.0000000000,0.0414024368
0.0000000000,0.0424057133
0.0000000000,0.0426158234
0.0000000000,0.0432114489
0.0000000000,0.0432264097
0.0000000000,0.0439761020
0.0000000000,0.0449826345
0.0000000000,0.0457487851
0.0000000000,0.0460174643
0.0000000000,0.0474191159
0.0000000000,0.0513459519
0.0000000000,0.0577902794
0.0000000000,       inf
