0.0000000000,0.0005966332
0.0000000000,0.0008233149
0.0000000000,0.0008329100
0.0000000000,0.0010355420
0.0000000000,0.0011932665
0.0000000000,0.0014595829
0.0000000000,0.0015131675
0.0000000000,0.0015885838
0.0000000000,0.0016081074
0.0000000000,0.0016466299
0.0000000000,0.0016658199
0.0000000000,0.0017077902
0.0000000000,0.0017152380
0.0000000000,0.0019954694
0.0000000000,0.0020710840
0.0000000000,0.0021275298
0.0000000000,0.0021382926
0.0000000000,0.0021530876
0.0000000000,0.0022065542
0.0000000000,0.0022178197
0.0000000000,0.0022330007
0.0000000000,0.0023449115
0.0000000000,0.0023865330
0.0000000000,0.0024723460
0.0000000000,0.0025267601
0.0000000000,0.0026394827
0.0000000000,0.0027121529
0.0000000000,0.0027186242
0.0000000000,0.0027300669
0.0000000000,0.0027915027
0.0000000000,0.0028413006
0.0000000000,0.0028528054
0.0000000000,0.0028598425
0.0000000000,0.0028724158
0.0000000000,0.0029191659
0.0000000000,0.0030263350
0.0000000000,0.0030387545
0.0000000000,0.0031771676
0.0000000000,0.0032162147
0.0000000000,0.0032932598
0.0000000000,0.0033316398
0.0000000000,0.0033371688
0.0000000000,0.0033478918
0.0000000000,0.0034155804
0.0000000000,0.0034304759
0.0000000000,0.0034699971
0.0000000000,0.0034714455
0.0000000000,0.0036827631
0.0000000000,0.0037591052
0.0000000000,0.0038419929
0.0000000000,0.0038775401
0.0000000000,0.0038797613
0.0000000000,0.0038920864
0.0000000000,0.0038996369
0.0000000000,0.0039302153
0.0000000000,0.0039510182
0.0000000000,0.0039677187
0.0000000000,0.0039909389
0.0000000000,0.0040156841
0.0000000000,0.0040408350
0.0000000000,0.0040498399
0.0000000000,0.0040978370
0.0000000000,0.0041122194
0.0000000000,0.0041362038
0.0000000000,0.0041421680
0.0000000000,0.0041429913
0.0000000000,0.0042090146
0.0000000000,0.0042286133
0.0000000000,0.0042297407
0.0000000000,0.0042550596
0.0000000000,0.0042625465
0.0000000000,0.0042654569
0.0000000000,0.0042765853
0.0000000000,0.0043061753
0.0000000000,0.0043119416
0.0000000000,0.0043527763
0.0000000000,0.0043685944
0.0000000000,0.0043906649
0.0000000000,0.0044131083
0.0000000000,0.0044251811
0.0000000000,0.0044356394
0.0000000000,0.0044539664
0.0000000000,0.0044660014
0.0000000000,0.0044839876
0.0000000000,0.0044919462
0.0000000000,0.0045024692
0.0000000000,0.0045516388
0.0000000000,0.0046020164
0.0000000000,0.0046641701
0.0000000000,0.0046898229
0.0000000000,0.0047345590
0.0000000000,0.0047730659
0.0000000000,0.0047980761
0.0000000000,0.0048181377
0.0000000000,0.0048730415
0.0000000000,0.0049002352
0.0000000000,0.0049137445
0.0000000000,0.0049389852
0.0000000000,0.0049446919
0.0000000000,0.0049757739
0.0000000000,0.0050535202
0.0000000000,0.0050777625
0.0000000000,0.0050844462
0.0000000000,0.0050891442
0.0000000000,0.0050941999
0.0000000000,0.0051965374
0.0000000000,0.0052434551
0.0000000000,0.0052510756
0.0000000000,0.0052789655
0.0000000000,0.0053397701
0.0000000000,0.0054243058
0.0000000000,0.0054312362
0.0000000000,0.0054324330
0.0000000000,0.0054361527
0.0000000000,0.0054372484
0.0000000000,0.0054531586
0.0000000000,0.0054601338
0.0000000000,0.0054857479
0.0000000000,0.0055000153
0.0000000000,0.0055152560
0.0000000000,0.0055292933
0.0000000000,0.0055830055
0.0000000000,0.0056319041
0.0000000000,0.0056364555
0.0000000000,0.0057056108
0.0000000000,0.0057115220
0.0000000000,0.0057121138
0.0000000000,0.0057196850
0.0000000000,0.0057361084
0.0000000000,0.0057448316
0.0000000000,0.0057918169
0.0000000000,0.0058063776
0.0000000000,0.0058297697
0.0000000000,0.0058383318
0.0000000000,0.0059445016
0.0000000000,0.0059680212
0.0000000000,0.0060045379
0.0000000000,0.0060241297
0.0000000000,0.0060450467
0.0000000000,0.0060526701
0.0000000000,0.0060620671
0.0000000000,0.0060687480
0.0000000000,0.0060775089
0.0000000000,0.0061031827
0.0000000000,0.0061148750
0.0000000000,0.0061432221
0.0000000000,0.0062225591
0.0000000000,0.0062547633
0.0000000000,0.0062728571
0.0000000000,0.0062834071
0.0000000000,0.0062928586
0.0000000000,0.0063018729
0.0000000000,0.0063079079
0.0000000000,0.0063543352
0.0000000000,0.0063784332
0.0000000000,0.0064308131
0.0000000000,0.0064324294
0.0000000000,0.0064752917
0.0000000000,0.0065092114
0.0000000000,0.0065125423
0.0000000000,0.0065248469
0.0000000000,0.0065265410
0.0000000000,0.0065865195
0.0000000000,0.0066083428
0.0000000000,0.0066418303
0.0000000000,0.0066436436
0.0000000000,0.0066619720
0.0000000000,0.0066632796
0.0000000000,0.0066677439
0.0000000000,0.0066743377
0.0000000000,0.0066823522
0.0000000000,0.0066848937
0.0000000000,0.0067015192
0.0000000000,0.0067355298
0.0000000000,0.0067663058
0.0000000000,0.0067904396
0.0000000000,0.0067960871
0.0000000000,0.0068005030
0.0000000000,0.0068059457
0.0000000000,0.0068311607
0.0000000000,0.0068504410
0.0000000000,0.0068537467
0.0000000000,0.0068609519
0.0000000000,0.0069339704
0.0000000000,0.0069399942
0.0000000000,0.0069428911
0.0000000000,0.0069565661
0.0000000000,0.0069693276
0.0000000000,0.0069926064
0.0000000000,0.0070281322
0.0000000000,0.0070360741
0.0000000000,0.0070628347
0.0000000000,0.0070940852
0.0000000000,0.0071037058
0.0000000000,0.0071534929
0.0000000000,0.0071889544
0.0000000000,0.0072102728
0.0000000000,0.0072453292
0.0000000000,0.0072909971
0.0000000000,0.0072947326
0.0000000000,0.0073407055
0.0000000000,0.0073518823
0.0000000000,0.0073639634
0.0000000000,0.0073655262
0.0000000000,0.0073699472
0.0000000000,0.0073701153
0.0000000000,0.0073725851
0.0000000000,0.0073864725
0.0000000000,0.0074453256
0.0000000000,0.0074496786
0.0000000000,0.0074686557
0.0000000000,0.0074747354
0.0000000000,0.0075299148
0.0000000000,0.0075643845
0.0000000000,0.0075804312
0.0000000000,0.0076496373
0.0000000000,0.0076525724
0.0000000000,0.0076595293
0.0000000000,0.0076839859
0.0000000000,0.0077049788
0.0000000000,0.0077456320
0.0000000000,0.0077501847
0.0000000000,0.0077550802
0.0000000000,0.0077580917
0.0000000000,0.0077595226
0.0000000000,0.0077637262
0.0000000000,0.0077841729
0.0000000000,0.0077856914
0.0000000000,0.0077992738
0.0000000000,0.0078190779
0.0000000000,0.0078498796
0.0000000000,0.0078604305
0.0000000000,0.0078786192
0.0000000000,0.0078819692
0.0000000000,0.0079020364
0.0000000000,0.0079032173
0.0000000000,0.0079033691
0.0000000000,0.0079307277
0.0000000000,0.0079354374
0.0000000000,0.0079409480
0.0000000000,0.0079559730
0.0000000000,0.0079639023
0.0000000000,0.0079717869
0.0000000000,0.0079818778
0.0000000000,0.0079907319
0.0000000000,0.0080025941
0.0000000000,0.0080313683
0.0000000000,0.0080366014
0.0000000000,0.0080469605
0.0000000000,0.0080742110
0.0000000000,0.0080816699
0.0000000000,0.0080837216
0.0000000000,0.0080915093
0.0000000000,0.0080943359
0.0000000000,0.0080951685
0.0000000000,0.0081075579
0.0000000000,0.0081167221
0.0000000000,0.0081242304
0.0000000000,0.0081575140
0.0000000000,0.0081897704
0.0000000000,0.0082126809
0.0000000000,0.0082244389
0.0000000000,0.0082724076
0.0000000000,0.0082820989
0.0000000000,0.0082826745
0.0000000000,0.0082843360
0.0000000000,0.0082859825
0.0000000000,0.0083357953
0.0000000000,0.0083506517
0.0000000000,0.0083551118
0.0000000000,0.0083819497
0.0000000000,0.0084302332
0.0000000000,0.0084362701
0.0000000000,0.0084454380
0.0000000000,0.0084572267
0.0000000000,0.0084594814
0.0000000000,0.0084621301
0.0000000000,0.0084885703
0.0000000000,0.0084942421
0.0000000000,0.0085101193
0.0000000000,0.0085250931
0.0000000000,0.0085295169
0.0000000000,0.0085309139
0.0000000000,0.0085322279
0.0000000000,0.0085323835
0.0000000000,0.0085364208
0.0000000000,0.0085402410
0.0000000000,0.0085531706
0.0000000000,0.0085599162
0.0000000000,0.0085765561
0.0000000000,0.0086123506
0.0000000000,0.0086238831
0.0000000000,0.0086442046
0.0000000000,0.0086849304
0.0000000000,0.0087055527
0.0000000000,0.0087230979
0.0000000000,0.0087262448
0.0000000000,0.0087334635
0.0000000000,0.0087371888
0.0000000000,0.0087799737
0.0000000000,0.0088262167
0.0000000000,0.0088503622
0.0000000000,0.0088712787
0.0000000000,0.0088860383
0.0000000000,0.0088898474
0.0000000000,0.0088934442
0.0000000000,0.0088935206
0.0000000000,0.0088974694
0.0000000000,0.0089320028
0.0000000000,0.0089492993
0.0000000000,0.0089630960
0.0000000000,0.0089679752
0.0000000000,0.0089731608
0.0000000000,0.0089838924
0.0000000000,0.0090049384
0.0000000000,0.0090073720
0.0000000000,0.0090088407
0.0000000000,0.0090302359
0.0000000000,0.0090472484
0.0000000000,0.0090757497
0.0000000000,0.0090768896
0.0000000000,0.0090829479
0.0000000000,0.0090906722
0.0000000000,0.0091032777
0.0000000000,0.0091220094
0.0000000000,0.0091390917
0.0000000000,0.0091514848
0.0000000000,0.0091584185
0.0000000000,0.0091998652
0.0000000000,0.0092040328
0.0000000000,0.0092207594
0.0000000000,0.0092244158
0.0000000000,0.0092381835
0.0000000000,0.0092476895
0.0000000000,0.0092741344
0.0000000000,0.0092785265
0.0000000000,0.0093096187
0.0000000000,0.0093099177
0.0000000000,0.0093142642
0.0000000000,0.0093283402
0.0000000000,0.0093429377
0.0000000000,0.0093465010
0.0000000000,0.0093475562
0.0000000000,0.0093557807
0.0000000000,0.0093766656
0.0000000000,0.0094200028
0.0000000000,0.0094400840
0.0000000000,0.0094422698
0.0000000000,0.0094472496
0.0000000000,0.0094511285
0.0000000000,0.0094541628
0.0000000000,0.0094890445
0.0000000000,0.0094910441
0.0000000000,0.0095165214
0.0000000000,0.0095252115
0.0000000000,0.0095417462
0.0000000000,0.0095476517
0.0000000000,0.0095568728
0.0000000000,0.0095921801
0.0000000000,0.0095961522
0.0000000000,0.0096048415
0.0000000000,0.0096362755
0.0000000000,0.0096519366
0.0000000000,0.0096810060
0.0000000000,0.0097006997
0.0000000000,0.0097304219
0.0000000000,0.0097460831
0.0000000000,0.0098004704
0.0000000000,0.0098180873
0.0000000000,0.0098181367
0.0000000000,0.0098199388
0.0000000000,0.0098274890
0.0000000000,0.0098452633
0.0000000000,0.0098599289
0.0000000000,0.0098770820
0.0000000000,0.0098779704
0.0000000000,0.0098893838
0.0000000000,0.0099322554
0.0000000000,0.0099387504
0.0000000000,0.0099547440
0.0000000000,0.0100747244
0.0000000000,0.0101468293
0.0000000000,0.0101516675
0.0000000000,0.0101688923
0.0000000000,0.0101782884
0.0000000000,0.0101841893
0.0000000000,0.0102158580
0.0000000000,0.0102464622
0.0000000000,0.0102589400
0.0000000000,0.0102844099
0.0000000000,0.0103092296
0.0000000000,0.0103310263
0.0000000000,0.0103621874
0.0000000000,0.0103649851
0.0000000000,0.0103751877
0.0000000000,0.0103765000
0.0000000000,0.0103878910
0.0000000000,0.0103930747
0.0000000000,0.0104107587
0.0000000000,0.0104259383
0.0000000000,0.0104456870
0.0000000000,0.0104539609
0.0000000000,0.0104654469
0.0000000000,0.0104685649
0.0000000000,0.0104763797
0.0000000000,0.0104869101
0.0000000000,0.0105097285
0.0000000000,0.0105304634
0.0000000000,0.0105410209
0.0000000000,0.0105660949
0.0000000000,0.0105728302
0.0000000000,0.0105906399
0.0000000000,0.0105912574
0.0000000000,0.0106027788
0.0000000000,0.0106051741
0.0000000000,0.0106278649
0.0000000000,0.0106627299
0.0000000000,0.0106738899
0.0000000000,0.0107019069
0.0000000000,0.0107110329
0.0000000000,0.0107179051
0.0000000000,0.0107283201
0.0000000000,0.0107294396
0.0000000000,0.0107476478
0.0000000000,0.0108486116
0.0000000000,0.0108506083
0.0000000000,0.0108624725
0.0000000000,0.0108648660
0.0000000000,0.0108708804
0.0000000000,0.0108723054
0.0000000000,0.0108744968
0.0000000000,0.0108999796
0.0000000000,0.0109063173
0.0000000000,0.0109202676
0.0000000000,0.0109320143
0.0000000000,0.0109775476
0.0000000000,0.0109965708
0.0000000000,0.0110000307
0.0000000000,0.0110011948
0.0000000000,0.0110013764
0.0000000000,0.0110107604
0.0000000000,0.0110197710
0.0000000000,0.0110269394
0.0000000000,0.0110305119
0.0000000000,0.0110400431
0.0000000000,0.0110487146
0.0000000000,0.0110585866
0.0000000000,0.0110741379
0.0000000000,0.0110934498
0.0000000000,0.0111210113
0.0000000000,0.0111660110
0.0000000000,0.0111843916
0.0000000000,0.0112363165
0.0000000000,0.0112638082
0.0000000000,0.0112917610
0.0000000000,0.0113067012
0.0000000000,0.0113069713
0.0000000000,0.0113260802
0.0000000000,0.0113423886
0.0000000000,0.0113514867
0.0000000000,0.0113720354
0.0000000000,0.0114045478
0.0000000000,0.0114112217
0.0000000000,0.0114230439
0.0000000000,0.0114242276
0.0000000000,0.0114393700
0.0000000000,0.0114511121
0.0000000000,0.0114722168
0.0000000000,0.0114757121
0.0000000000,0.0114791216
0.0000000000,0.0114896633
0.0000000000,0.0115007525
0.0000000000,0.0115108807
0.0000000000,0.0115423258
0.0000000000,0.0115475161
0.0000000000,0.0115634333
0.0000000000,0.0115739927
0.0000000000,0.0115836337
0.0000000000,0.0115899490
0.0000000000,0.0115912929
0.0000000000,0.0115916925
0.0000000000,0.0116127552
0.0000000000,0.0116198966
0.0000000000,0.0116303237
0.0000000000,0.0116366521
0.0000000000,0.0116367433
0.0000000000,0.0116595393
0.0000000000,0.0116663687
0.0000000000,0.0116766635
0.0000000000,0.0116830338
0.0000000000,0.0117664915
0.0000000000,0.0117835496
0.0000000000,0.0118138641
0.0000000000,0.0118542854
0.0000000000,0.0118890032
0.0000000000,0.0119360425
0.0000000000,0.0119398981
0.0000000000,0.0119655747
0.0000000000,0.0119720083
0.0000000000,0.0119794682
0.0000000000,0.0120090758
0.0000000000,0.0120109124
0.0000000000,0.0120218629
0.0000000000,0.0120426100
0.0000000000,0.0120482594
0.0000000000,0.0120549966
0.0000000000,0.0120900935
0.0000000000,0.0120950146
0.0000000000,0.0121143954
0.0000000000,0.0121241342
0.0000000000,0.0121254614
0.0000000000,0.0121367443
0.0000000000,0.0121374959
0.0000000000,0.0121454811
0.0000000000,0.0121550178
0.0000000000,0.0121622635
0.0000000000,0.0121727688
0.0000000000,0.0121752480
0.0000000000,0.0122063654
0.0000000000,0.0122171715
0.0000000000,0.0122279236
0.0000000000,0.0122297499
0.0000000000,0.0122397766
0.0000000000,0.0122464811
0.0000000000,0.0122496923
0.0000000000,0.0122864442
0.0000000000,0.0122954249
0.0000000000,0.0123104760
0.0000000000,0.0123388888
0.0000000000,0.0123442803
0.0000000000,0.0123576615
0.0000000000,0.0123698469
0.0000000000,0.0123731922
0.0000000000,0.0124323014
0.0000000000,0.0124451183
0.0000000000,0.0124530243
0.0000000000,0.0124986880
0.0000000000,0.0125077041
0.0000000000,0.0125095267
0.0000000000,0.0125104412
0.0000000000,0.0125457142
0.0000000000,0.0125668142
0.0000000000,0.0125764422
0.0000000000,0.0125857173
0.0000000000,0.0126037458
0.0000000000,0.0126085030
0.0000000000,0.0126158157
0.0000000000,0.0126251020
0.0000000000,0.0126658846
0.0000000000,0.0127086705
0.0000000000,0.0127267437
0.0000000000,0.0127352485
0.0000000000,0.0127444658
0.0000000000,0.0128616262
0.0000000000,0.0128648588
0.0000000000,0.0128817959
0.0000000000,0.0129295029
0.0000000000,0.0129505834
0.0000000000,0.0129885124
0.0000000000,0.0130250845
0.0000000000,0.0130496938
0.0000000000,0.0130530819
0.0000000000,0.0130818114
0.0000000000,0.0131096523
0.0000000000,0.0131188277
0.0000000000,0.0131216645
0.0000000000,0.0131235914
0.0000000000,0.0131283905
0.0000000000,0.0131365526
0.0000000000,0.0131620765
0.0000000000,0.0131730391
0.0000000000,0.0131901223
0.0000000000,0.0132114468
0.0000000000,0.0132127637
0.0000000000,0.0132560525
0.0000000000,0.0132758068
0.0000000000,0.0132836606
0.0000000000,0.0132872872
0.0000000000,0.0133239441
0.0000000000,0.0133286184
0.0000000000,0.0133347884
0.0000000000,0.0133467102
0.0000000000,0.0133612482
0.0000000000,0.0133647043
0.0000000000,0.0133863958
0.0000000000,0.0133969393
0.0000000000,0.0134030385
0.0000000000,0.0134193348
0.0000000000,0.0134431310
0.0000000000,0.0134705976
0.0000000000,0.0134710595
0.0000000000,0.0134951649
0.0000000000,0.0135220354
0.0000000000,0.0135237277
0.0000000000,0.0135700041
0.0000000000,0.0135808792
0.0000000000,0.0135824345
0.0000000000,0.0135921743
0.0000000000,0.0136097232
0.0000000000,0.0136100501
0.0000000000,0.0136118913
0.0000000000,0.0136205098
0.0000000000,0.0136623215
0.0000000000,0.0136845894
0.0000000000,0.0136912046
0.0000000000,0.0137008820
0.0000000000,0.0137074934
0.0000000000,0.0137219038
0.0000000000,0.0137536386
0.0000000000,0.0137591278
0.0000000000,0.0137834577
0.0000000000,0.0137959123
0.0000000000,0.0138165383
0.0000000000,0.0138799883
0.0000000000,0.0138857821
0.0000000000,0.0138922706
0.0000000000,0.0139045864
0.0000000000,0.0139314895
0.0000000000,0.0139386551
0.0000000000,0.0139594283
0.0000000000,0.0139722936
0.0000000000,0.0139827533
0.0000000000,0.0139903501
0.0000000000,0.0140139591
0.0000000000,0.0140562644
0.0000000000,0.0140721481
0.0000000000,0.0140876342
0.0000000000,0.0140938452
0.0000000000,0.0141211748
0.0000000000,0.0141256694
0.0000000000,0.0141389081
0.0000000000,0.0141432043
0.0000000000,0.0141866282
0.0000000000,0.0141881704
0.0000000000,0.0141974781
0.0000000000,0.0142041659
0.0000000000,0.0142074116
0.0000000000,0.0142132426
0.0000000000,0.0142178908
0.0000000000,0.0142271714
0.0000000000,0.0142291179
0.0000000000,0.0142465075
0.0000000000,0.0143069858
0.0000000000,0.0143201724
0.0000000000,0.0143360905
0.0000000000,0.0143687418
0.0000000000,0.0143779088
0.0000000000,0.0143833514
0.0000000000,0.0143854730
0.0000000000,0.0144106541
0.0000000000,0.0144353937
0.0000000000,0.0144650610
0.0000000000,0.0144820474
0.0000000000,0.0144954408
0.0000000000,0.0145092886
0.0000000000,0.0145263411
0.0000000000,0.0145271979
0.0000000000,0.0145324655
0.0000000000,0.0145710073
0.0000000000,0.0145819942
0.0000000000,0.0146033494
0.0000000000,0.0146342991
0.0000000000,0.0146353450
0.0000000000,0.0146463225
0.0000000000,0.0146519421
0.0000000000,0.0146745583
0.0000000000,0.0146814110
0.0000000000,0.0146819698
0.0000000000,0.0147037646
0.0000000000,0.0147262299
0.0000000000,0.0147279268
0.0000000000,0.0147310523
0.0000000000,0.0147398943
0.0000000000,0.0147402305
0.0000000000,0.0147451703
0.0000000000,0.0147553319
0.0000000000,0.0148303248
0.0000000000,0.0148393698
0.0000000000,0.0148394546
0.0000000000,0.0148713011
0.0000000000,0.0149140870
0.0000000000,0.0149267912
0.0000000000,0.0149494708
0.0000000000,0.0149559686
0.0000000000,0.0149747673
0.0000000000,0.0149762575
0.0000000000,0.0150229186
0.0000000000,0.0150386179
0.0000000000,0.0150476033
0.0000000000,0.0150598297
0.0000000000,0.0150911864
0.0000000000,0.0150975036
0.0000000000,0.0151151940
0.0000000000,0.0151287690
0.0000000000,0.0151672512
0.0000000000,0.0151894102
0.0000000000,0.0151994312
0.0000000000,0.0152128115
0.0000000000,0.0152693558
0.0000000000,0.0152992746
0.0000000000,0.0153048951
0.0000000000,0.0153051447
0.0000000000,0.0153142735
0.0000000000,0.0153190587
0.0000000000,0.0153193511
0.0000000000,0.0153582338
0.0000000000,0.0153679717
0.0000000000,0.0153873032
0.0000000000,0.0154733444
0.0000000000,0.0154935280
0.0000000000,0.0155077185
0.0000000000,0.0155085297
0.0000000000,0.0155101605
0.0000000000,0.0155161833
0.0000000000,0.0155260824
0.0000000000,0.0155274523
0.0000000000,0.0155370887
0.0000000000,0.0155531447
0.0000000000,0.0155713828
0.0000000000,0.0155943902
0.0000000000,0.0155961551
0.0000000000,0.0156402346
0.0000000000,0.0156973787
0.0000000000,0.0156997591
0.0000000000,0.0157124102
0.0000000000,0.0157572385
0.0000000000,0.0157639384
0.0000000000,0.0158187319
0.0000000000,0.0158252735
0.0000000000,0.0158317704
0.0000000000,0.0158614554
0.0000000000,0.0158818960
0.0000000000,0.0159046575
0.0000000000,0.0159414466
0.0000000000,0.0159435738
0.0000000000,0.0159458257
0.0000000000,0.0159575306
0.0000000000,0.0159637555
0.0000000000,0.0159832910
0.0000000000,0.0160479844
0.0000000000,0.0160576440
0.0000000000,0.0160627365
0.0000000000,0.0160732027
0.0000000000,0.0160857402
0.0000000000,0.0160939209
0.0000000000,0.0161300991
0.0000000000,0.0161484219
0.0000000000,0.0161547381
0.0000000000,0.0161584523
0.0000000000,0.0161674432
0.0000000000,0.0161811076
0.0000000000,0.0161830187
0.0000000000,0.0161840841
0.0000000000,0.0161903370
0.0000000000,0.0161932055
0.0000000000,0.0161945093
0.0000000000,0.0162151158
0.0000000000,0.0162260886
0.0000000000,0.0162410326
0.0000000000,0.0162460003
0.0000000000,0.0162484609
0.0000000000,0.0162587687
0.0000000000,0.0162838027
0.0000000000,0.0162913054
0.0000000000,0.0163112003
0.0000000000,0.0163204931
0.0000000000,0.0164079778
0.0000000000,0.0164419021
0.0000000000,0.0164488778
0.0000000000,0.0164654963
0.0000000000,0.0164669678
0.0000000000,0.0164778866
0.0000000000,0.0164862443
0.0000000000,0.0165150519
0.0000000000,0.0165208839
0.0000000000,0.0165427327
0.0000000000,0.0165719651
0.0000000000,0.0165818930
0.0000000000,0.0166013241
0.0000000000,0.0166426655
0.0000000000,0.0166758951
0.0000000000,0.0166915543
0.0000000000,0.0166932065
0.0000000000,0.0166967083
0.0000000000,0.0167013034
0.0000000000,0.0167102236
0.0000000000,0.0167190731
0.0000000000,0.0167212430
0.0000000000,0.0167577211
0.0000000000,0.0167638995
0.0000000000,0.0167901665
0.0000000000,0.0168299265
0.0000000000,0.0168345924
0.0000000000,0.0168596711
0.0000000000,0.0168725401
0.0000000000,0.0168793295
0.0000000000,0.0168850124
0.0000000000,0.0168908760
0.0000000000,0.0169036798
0.0000000000,0.0169099886
0.0000000000,0.0169300027
0.0000000000,0.0169371497
0.0000000000,0.0169771407
0.0000000000,0.0169862136
0.0000000000,0.0169977788
0.0000000000,0.0170005672
0.0000000000,0.0170072541
0.0000000000,0.0170202386
0.0000000000,0.0170220602
0.0000000000,0.0170443468
0.0000000000,0.0170501862
0.0000000000,0.0170519818
0.0000000000,0.0170590337
0.0000000000,0.0170647670
0.0000000000,0.0170663670
0.0000000000,0.0170804821
0.0000000000,0.0170946848
0.0000000000,0.0170994978
0.0000000000,0.0171063412
0.0000000000,0.0171198323
0.0000000000,0.0171531122
0.0000000000,0.0172242466
0.0000000000,0.0172247011
0.0000000000,0.0172477663
0.0000000000,0.0172557626
0.0000000000,0.0172763895
0.0000000000,0.0172884092
0.0000000000,0.0172900353
0.0000000000,0.0172922220
0.0000000000,0.0173219834
0.0000000000,0.0173583683
0.0000000000,0.0173662566
0.0000000000,0.0173698608
0.0000000000,0.0174308084
0.0000000000,0.0174461957
0.0000000000,0.0174578279
0.0000000000,0.0174669269
0.0000000000,0.0174853392
0.0000000000,0.0175780896
0.0000000000,0.0176002719
0.0000000000,0.0176035780
0.0000000000,0.0176085141
0.0000000000,0.0176221132
0.0000000000,0.0176458117
0.0000000000,0.0176459718
0.0000000000,0.0177018177
0.0000000000,0.0177425575
0.0000000000,0.0177663080
0.0000000000,0.0177720767
0.0000000000,0.0177796949
0.0000000000,0.0177870411
0.0000000000,0.0178337805
0.0000000000,0.0178613029
0.0000000000,0.0178635456
0.0000000000,0.0178640056
0.0000000000,0.0178985987
0.0000000000,0.0179198496
0.0000000000,0.0179261919
0.0000000000,0.0179284010
0.0000000000,0.0179463215
0.0000000000,0.0179677848
0.0000000000,0.0179868974
0.0000000000,0.0179934762
0.0000000000,0.0179956760
0.0000000000,0.0180098768
0.0000000000,0.0180147439
0.0000000000,0.0180166140
0.0000000000,0.0180287175
0.0000000000,0.0180604719
0.0000000000,0.0180928931
0.0000000000,0.0180944968
0.0000000000,0.0180959292
0.0000000000,0.0181372315
0.0000000000,0.0181537792
0.0000000000,0.0181567334
0.0000000000,0.0181658957
0.0000000000,0.0181698259
0.0000000000,0.0181951672
0.0000000000,0.0182198677
0.0000000000,0.0182440188
0.0000000000,0.0182551574
0.0000000000,0.0182698593
0.0000000000,0.0182781834
0.0000000000,0.0182788167
0.0000000000,0.0182878003
0.0000000000,0.0182929374
0.0000000000,0.0183039997
0.0000000000,0.0183254145
0.0000000000,0.0183501821
0.0000000000,0.0183551330
0.0000000000,0.0183677915
0.0000000000,0.0184144527
0.0000000000,0.0184488315
0.0000000000,0.0184572600
0.0000000000,0.0184763670
0.0000000000,0.0185321104
0.0000000000,0.0185570531
0.0000000000,0.0185643081
0.0000000000,0.0185645260
0.0000000000,0.0185945611
0.0000000000,0.0186016560
0.0000000000,0.0186192375
0.0000000000,0.0186198354
0.0000000000,0.0186215565
0.0000000000,0.0186285283
0.0000000000,0.0186526645
0.0000000000,0.0186566804
0.0000000000,0.0186842009
0.0000000000,0.0186858755
0.0000000000,0.0186930019
0.0000000000,0.0187168214
0.0000000000,0.0187215470
0.0000000000,0.0187597498
0.0000000000,0.0187636428
0.0000000000,0.0187644288
0.0000000000,0.0187698472
0.0000000000,0.0187870506
0.0000000000,0.0188400056
0.0000000000,0.0188452583
0.0000000000,0.0188472606
0.0000000000,0.0188811086
0.0000000000,0.0188845396
0.0000000000,0.0188944992
0.0000000000,0.0188979767
0.0000000000,0.0189022571
0.0000000000,0.0189780891
0.0000000000,0.0189820882
0.0000000000,0.0190299619
0.0000000000,0.0190504231
0.0000000000,0.0190953035
0.0000000000,0.0191137455
0.0000000000,0.0191458985
0.0000000000,0.0191659257
0.0000000000,0.0191843603
0.0000000000,0.0191923045
0.0000000000,0.0191988368
0.0000000000,0.0192096829
0.0000000000,0.0193016548
0.0000000000,0.0193038732
0.0000000000,0.0193135291
0.0000000000,0.0193522237
0.0000000000,0.0193620119
0.0000000000,0.0193873793
0.0000000000,0.0194314215
0.0000000000,0.0194608439
0.0000000000,0.0195547603
0.0000000000,0.0195649341
0.0000000000,0.0195708349
0.0000000000,0.0195743702
0.0000000000,0.0196137168
0.0000000000,0.0196361747
0.0000000000,0.0196592584
0.0000000000,0.0196672175
0.0000000000,0.0196905266
0.0000000000,0.0197003558
0.0000000000,0.0197076090
0.0000000000,0.0197168048
0.0000000000,0.0197198577
0.0000000000,0.0197264794
0.0000000000,0.0197656807
0.0000000000,0.0197898299
0.0000000000,0.0198645107
0.0000000000,0.0199094880
0.0000000000,0.0199234486
0.0000000000,0.0199364256
0.0000000000,0.0199416243
0.0000000000,0.0199453216
0.0000000000,0.0199837629
0.0000000000,0.0200503524
0.0000000000,0.0200771466
0.0000000000,0.0200777650
0.0000000000,0.0201163013
0.0000000000,0.0201225728
0.0000000000,0.0201291442
0.0000000000,0.0201650541
0.0000000000,0.0201749951
0.0000000000,0.0202698633
0.0000000000,0.0202891603
0.0000000000,0.0202936586
0.0000000000,0.0202942342
0.0000000000,0.0203470532
0.0000000000,0.0203565769
0.0000000000,0.0203568749
0.0000000000,0.0203683786
0.0000000000,0.0203856323
0.0000000000,0.0204055589
0.0000000000,0.0204201527
0.0000000000,0.0204317160
0.0000000000,0.0204787347
0.0000000000,0.0204795897
0.0000000000,0.0204839632
0.0000000000,0.0204846021
0.0000000000,0.0205272622
0.0000000000,0.0205577668
0.0000000000,0.0205683522
0.0000000000,0.0205687415
0.0000000000,0.0205761362
0.0000000000,0.0206184592
0.0000000000,0.0206638146
0.0000000000,0.0206690412
0.0000000000,0.0206822678
0.0000000000,0.0207243748
0.0000000000,0.0207299702
0.0000000000,0.0207774639
0.0000000000,0.0207861494
0.0000000000,0.0208518766
0.0000000000,0.0208651237
0.0000000000,0.0208913740
0.0000000000,0.0209031831
0.0000000000,0.0209041927
0.0000000000,0.0209079217
0.0000000000,0.0209145136
0.0000000000,0.0209308937
0.0000000000,0.0209313352
0.0000000000,0.0209371299
0.0000000000,0.0209572483
0.0000000000,0.0209609922
0.0000000000,0.0209738202
0.0000000000,0.0209915768
0.0000000000,0.0210031588
0.0000000000,0.0210131519
0.0000000000,0.0210194569
0.0000000000,0.0210202783
0.0000000000,0.0210609268
0.0000000000,0.0210738499
0.0000000000,0.0210839231
0.0000000000,0.0211062767
0.0000000000,0.0211321898
0.0000000000,0.0211499296
0.0000000000,0.0211812798
0.0000000000,0.0211825147
0.0000000000,0.0212082881
0.0000000000,0.0212102327
0.0000000000,0.0212103482
0.0000000000,0.0212118067
0.0000000000,0.0212261695
0.0000000000,0.0212328061
0.0000000000,0.0212485138
0.0000000000,0.0212893970
0.0000000000,0.0213001166
0.0000000000,0.0213239789
0.0000000000,0.0213379860
0.0000000000,0.0213540625
0.0000000000,0.0213582125
0.0000000000,0.0213619694
0.0000000000,0.0214038137
0.0000000000,0.0214220658
0.0000000000,0.0214703642
0.0000000000,0.0214782357
0.0000000000,0.0214952957
0.0000000000,0.0214959234
0.0000000000,0.0215361863
0.0000000000,0.0215613935
0.0000000000,0.0215709955
0.0000000000,0.0215969812
0.0000000000,0.0216119569
0.0000000000,0.0216833763
0.0000000000,0.0216924231
0.0000000000,0.0216972232
0.0000000000,0.0217106510
0.0000000000,0.0217249449
0.0000000000,0.0217417609
0.0000000000,0.0217608139
0.0000000000,0.0217780862
0.0000000000,0.0218405351
0.0000000000,0.0218640286
0.0000000000,0.0218714233
0.0000000000,0.0218977593
0.0000000000,0.0219311994
0.0000000000,0.0219521374
0.0000000000,0.0219883602
0.0000000000,0.0219931416
0.0000000000,0.0220000613
0.0000000000,0.0220023897
0.0000000000,0.0220063813
0.0000000000,0.0220111236
0.0000000000,0.0220215209
0.0000000000,0.0220235791
0.0000000000,0.0220297631
0.0000000000,0.0220800862
0.0000000000,0.0220974293
0.0000000000,0.0221069753
0.0000000000,0.0221171733
0.0000000000,0.0221292879
0.0000000000,0.0221576449
0.0000000000,0.0221854281
0.0000000000,0.0221868996
0.0000000000,0.0222038422
0.0000000000,0.0222172346
0.0000000000,0.0222368874
0.0000000000,0.0222411901
0.0000000000,0.0222634021
0.0000000000,0.0222878139
0.0000000000,0.0223359969
0.0000000000,0.0223817527
0.0000000000,0.0224291254
0.0000000000,0.0224726330
0.0000000000,0.0224773083
0.0000000000,0.0224839225
0.0000000000,0.0225224961
0.0000000000,0.0225276165
0.0000000000,0.0225300696
0.0000000000,0.0225326791
0.0000000000,0.0225625616
0.0000000000,0.0226005521
0.0000000000,0.0226134025
0.0000000000,0.0226139426
0.0000000000,0.0227029733
0.0000000000,0.0227222107
0.0000000000,0.0227243789
0.0000000000,0.0227572732
0.0000000000,0.0228090957
0.0000000000,0.0228224434
0.0000000000,0.0228460878
0.0000000000,0.0228484552
0.0000000000,0.0228565913
0.0000000000,0.0228633322
0.0000000000,0.0228728745
0.0000000000,0.0228787400
0.0000000000,0.0228834637
0.0000000000,0.0229423996
0.0000000000,0.0229582433
0.0000000000,0.0229793265
0.0000000000,0.0230113585
0.0000000000,0.0230300277
0.0000000000,0.0230366960
0.0000000000,0.0230851509
0.0000000000,0.0230950322
0.0000000000,0.0231268667
0.0000000000,0.0231603440
0.0000000000,0.0231825858
0.0000000000,0.0231833849
0.0000000000,0.0231946688
0.0000000000,0.0232255105
0.0000000000,0.0232416671
0.0000000000,0.0232475009
0.0000000000,0.0232646130
0.0000000000,0.0232733041
0.0000000000,0.0233190786
0.0000000000,0.0233327374
0.0000000000,0.0233533271
0.0000000000,0.0233660676
0.0000000000,0.0234002415
0.0000000000,0.0234627556
0.0000000000,0.0235322174
0.0000000000,0.0235329829
0.0000000000,0.0236042216
0.0000000000,0.0236277282
0.0000000000,0.0236345157
0.0000000000,0.0237531867
0.0000000000,0.0237780064
0.0000000000,0.0237911809
0.0000000000,0.0238797963
0.0000000000,0.0239008721
0.0000000000,0.0239311494
0.0000000000,0.0239519179
0.0000000000,0.0239556637
0.0000000000,0.0239741970
0.0000000000,0.0240042023
0.0000000000,0.0240437258
0.0000000000,0.0240640100
0.0000000000,0.0241099931
0.0000000000,0.0241801869
0.0000000000,0.0241806190
0.0000000000,0.0241900291
0.0000000000,0.0241963323
0.0000000000,0.0242287908
0.0000000000,0.0242897794
0.0000000000,0.0242909621
0.0000000000,0.0242971256
0.0000000000,0.0243721120
0.0000000000,0.0244127307
0.0000000000,0.0244526062
0.0000000000,0.0244929623
0.0000000000,0.0244993847
0.0000000000,0.0245216042
0.0000000000,0.0245282110
0.0000000000,0.0245426781
0.0000000000,0.0245626438
0.0000000000,0.0245976411
0.0000000000,0.0246553663
0.0000000000,0.0246635713
0.0000000000,0.0247108974
0.0000000000,0.0247153230
0.0000000000,0.0247198232
0.0000000000,0.0247300863
0.0000000000,0.0247430801
0.0000000000,0.0248646028
0.0000000000,0.0248875897
0.0000000000,0.0249817520
0.0000000000,0.0249898918
0.0000000000,0.0249973759
0.0000000000,0.0250208825
0.0000000000,0.0250602048
0.0000000000,0.0250991676
0.0000000000,0.0251388270
0.0000000000,0.0252009705
0.0000000000,0.0252074916
0.0000000000,0.0253077801
0.0000000000,0.0253564157
0.0000000000,0.0253916755
0.0000000000,0.0254813395
0.0000000000,0.0255150236
0.0000000000,0.0255747773
0.0000000000,0.0255889427
0.0000000000,0.0256124344
0.0000000000,0.0256397668
0.0000000000,0.0256433394
0.0000000000,0.0256470051
0.0000000000,0.0256729349
0.0000000000,0.0257019289
0.0000000000,0.0257297177
0.0000000000,0.0257612616
0.0000000000,0.0257615224
0.0000000000,0.0257635918
0.0000000000,0.0258598458
0.0000000000,0.0260745883
0.0000000000,0.0260993876
0.0000000000,0.0261275358
0.0000000000,0.0261573344
0.0000000000,0.0261909794
0.0000000000,0.0262254681
0.0000000000,0.0262355935
0.0000000000,0.0262433290
0.0000000000,0.0262864716
0.0000000000,0.0263819341
0.0000000000,0.0264228936
0.0000000000,0.0264999066
0.0000000000,0.0265328381
0.0000000000,0.0266336519
0.0000000000,0.0266466048
0.0000000000,0.0266478881
0.0000000000,0.0266553238
0.0000000000,0.0267120823
0.0000000000,0.0267182235
0.0000000000,0.0267224964
0.0000000000,0.0267275125
0.0000000000,0.0267967544
0.0000000000,0.0268732142
0.0000000000,0.0269421190
0.0000000000,0.0269461274
0.0000000000,0.0269903298
0.0000000000,0.0270198006
0.0000000000,0.0271524228
0.0000000000,0.0271617584
0.0000000000,0.0271830633
0.0000000000,0.0271907188
0.0000000000,0.0271966066
0.0000000000,0.0272703879
0.0000000000,0.0272740126
0.0000000000,0.0273246430
0.0000000000,0.0273832288
0.0000000000,0.0274017639
0.0000000000,0.0274149869
0.0000000000,0.0274270866
0.0000000000,0.0274438076
0.0000000000,0.0276330765
0.0000000000,0.0276639480
0.0000000000,0.0277141407
0.0000000000,0.0277550705
0.0000000000,0.0277599767
0.0000000000,0.0277871396
0.0000000000,0.0278032813
0.0000000000,0.0278268550
0.0000000000,0.0278657861
0.0000000000,0.0278925132
0.0000000000,0.0279445872
0.0000000000,0.0280101970
0.0000000000,0.0280812606
0.0000000000,0.0281448793
0.0000000000,0.0282378364
0.0000000000,0.0282423496
0.0000000000,0.0284083318
0.0000000000,0.0284272265
0.0000000000,0.0285057239
0.0000000000,0.0287374835
0.0000000000,0.0287488569
0.0000000000,0.0287667029
0.0000000000,0.0287911426
0.0000000000,0.0288213082
0.0000000000,0.0288531575
0.0000000000,0.0289967749
0.0000000000,0.0290185772
0.0000000000,0.0290543959
0.0000000000,0.0290657952
0.0000000000,0.0292508118
0.0000000000,0.0293088295
0.0000000000,0.0293119531
0.0000000000,0.0293680802
0.0000000000,0.0294558536
0.0000000000,0.0295693837
0.0000000000,0.0295982324
0.0000000000,0.0296532195
0.0000000000,0.0296606496
0.0000000000,0.0296946522
0.0000000000,0.0297336299
0.0000000000,0.0297363643
0.0000000000,0.0297480654
0.0000000000,0.0298548080
0.0000000000,0.0298682414
0.0000000000,0.0298750829
0.0000000000,0.0298854616
0.0000000000,0.0298878197
0.0000000000,0.0299649183
0.0000000000,0.0300237145
0.0000000000,0.0300385226
0.0000000000,0.0301196594
0.0000000000,0.0301327929
0.0000000000,0.0301489308
0.0000000000,0.0301546454
0.0000000000,0.0301605333
0.0000000000,0.0301823728
0.0000000000,0.0302425567
0.0000000000,0.0302443616
0.0000000000,0.0304143615
0.0000000000,0.0306629837
0.0000000000,0.0308102202
0.0000000000,0.0308320262
0.0000000000,0.0309331976
0.0000000000,0.0309462082
0.0000000000,0.0309466887
0.0000000000,0.0310024694
0.0000000000,0.0310134459
0.0000000000,0.0310772210
0.0000000000,0.0310975481
0.0000000000,0.0311887804
0.0000000000,0.0312054772
0.0000000000,0.0312144235
0.0000000000,0.0312389620
0.0000000000,0.0313947573
0.0000000000,0.0313995183
0.0000000000,0.0314035304
0.0000000000,0.0314975604
0.0000000000,0.0316111930
0.0000000000,0.0316371806
0.0000000000,0.0318916515
0.0000000000,0.0318935364
0.0000000000,0.0319275111
0.0000000000,0.0321464054
0.0000000000,0.0322296843
0.0000000000,0.0322387964
0.0000000000,0.0322601981
0.0000000000,0.0322868787
0.0000000000,0.0323188193
0.0000000000,0.0323806740
0.0000000000,0.0323890187
0.0000000000,0.0324265920
0.0000000000,0.0325826108
0.0000000000,0.0329818092
0.0000000000,0.0329823829
0.0000000000,0.0330066420
0.0000000000,0.0330728218
0.0000000000,0.0334204473
0.0000000000,0.0338203870
0.0000000000,0.0338814519
0.0000000000,0.0339542814
0.0000000000,0.0341295339
0.0000000000,0.0344181284
0.0000000000,0.0346319117
0.0000000000,0.0347397216
0.0000000000,0.0347414277
0.0000000000,0.0348177887
0.0000000000,0.0348923914
0.0000000000,0.0349411257
0.0000000000,0.0353720635
0.0000000000,0.0357072540
0.0000000000,0.0358082838
0.0000000000,0.0361830853
0.0000000000,0.0365103148
0.0000000000,0.0365416519
0.0000000000,0.0365756005
0.0000000000,0.0368976630
0.0000000000,0.0372384749
0.0000000000,0.0373216271
0.0000000000,0.0374741741
0.0000000000,0.0375529416
0.0000000000,0.0377331376
0.0000000000,0.0379522294
0.0000000000,0.0379897170
0.0000000000,0.0380964316
0.0000000000,0.0383614078
0.0000000000,0.0394221917
0.0000000000,0.0394529589
0.0000000000,0.0394595638
0.0000000000,0.0397290215
0.0000000000,0.0398862623
0.0000000000,0.0406688526
0.0000000000,0.0407188982
0.0000000000,0.0417064466
0.0000000000,0.0419199355
0.0000000000,0.0423448719
0.0000000000,0.0427009463
0.0000000000,0.0428819470
0.0000000000,0.0430269614
0.0000000000,0.0434085242
0.0000000000,0.0437757485
0.0000000000,0.0438619480
0.0000000000,0.0442598872
0.0000000000,0.0447837263
0.0000000000,0.0450170562
0.0000000000,0.0454473943
0.0000000000,0.0463206880
0.0000000000,0.0483612381
0.0000000000,0.0486415140
0.0000000000,0.0494809635
0.0000000000,0.0499797836
0.0000000000,0.0514594354
0.0000000000,0.0541238599
0.0000000000,0.0741829351
0.0000000000,       inf
