0.0000000000,0.0005760086
0.0000000000,0.0006659571
0.0000000000,0.0007840910
0.0000000000,0.0008327057
0.0000000000,0.0011520173
0.0000000000,0.0011595956
0.0000000000,0.0011823460
0.0000000000,0.0011986240
0.0000000000,0.0012929871
0.0000000000,0.0013319142
0.0000000000,0.0015674054
0.0000000000,0.0015681820
0.0000000000,0.0016654114
0.0000000000,0.0017244727
0.0000000000,0.0017871164
0.0000000000,0.0018313896
0.0000000000,0.0019718534
0.0000000000,0.0021171437
0.0000000000,0.0021280935
0.0000000000,0.0021289773
0.0000000000,0.0021382971
0.0000000000,0.0022129596
0.0000000000,0.0022585166
0.0000000000,0.0023040345
0.0000000000,0.0023191911
0.0000000000,0.0023380530
0.0000000000,0.0023461813
0.0000000000,0.0023646920
0.0000000000,0.0023757883
0.0000000000,0.0023972481
0.0000000000,0.0024005086
0.0000000000,0.0024289158
0.0000000000,0.0025396426
0.0000000000,0.0025593641
0.0000000000,0.0025643397
0.0000000000,0.0025859743
0.0000000000,0.0026114718
0.0000000000,0.0026465957
0.0000000000,0.0026638231
0.0000000000,0.0026638284
0.0000000000,0.0027941572
0.0000000000,0.0027980146
0.0000000000,0.0028165509
0.0000000000,0.0028571147
0.0000000000,0.0028680542
0.0000000000,0.0028703802
0.0000000000,0.0029144417
0.0000000000,0.0031348108
0.0000000000,0.0031363640
0.0000000000,0.0031539539
0.0000000000,0.0032075136
0.0000000000,0.0032278025
0.0000000000,0.0033308228
0.0000000000,0.0033389113
0.0000000000,0.0033478902
0.0000000000,0.0034107917
0.0000000000,0.0034489455
0.0000000000,0.0034714455
0.0000000000,0.0036476145
0.0000000000,0.0036627792
0.0000000000,0.0036812443
0.0000000000,0.0038356595
0.0000000000,0.0038419927
0.0000000000,0.0039129476
0.0000000000,0.0039437069
0.0000000000,0.0040379697
0.0000000000,0.0040442105
0.0000000000,0.0041353996
0.0000000000,0.0041419188
0.0000000000,0.0041624047
0.0000000000,0.0042248336
0.0000000000,0.0042266920
0.0000000000,0.0042283330
0.0000000000,0.0042342874
0.0000000000,0.0042561870
0.0000000000,0.0042579547
0.0000000000,0.0042623831
0.0000000000,0.0042765941
0.0000000000,0.0042901486
0.0000000000,0.0043019941
0.0000000000,0.0043119416
0.0000000000,0.0043438962
0.0000000000,0.0043605920
0.0000000000,0.0043688887
0.0000000000,0.0044259191
0.0000000000,0.0044539664
0.0000000000,0.0044692438
0.0000000000,0.0044892128
0.0000000000,0.0045170332
0.0000000000,0.0045794970
0.0000000000,0.0045837169
0.0000000000,0.0046002683
0.0000000000,0.0046080691
0.0000000000,0.0046383822
0.0000000000,0.0046705850
0.0000000000,0.0046761059
0.0000000000,0.0046895631
0.0000000000,0.0046923626
0.0000000000,0.0047293841
0.0000000000,0.0047515766
0.0000000000,0.0047878809
0.0000000000,0.0047944961
0.0000000000,0.0047980677
0.0000000000,0.0048010172
0.0000000000,0.0048347171
0.0000000000,0.0048578316
0.0000000000,0.0049002348
0.0000000000,0.0049757739
0.0000000000,0.0050381119
0.0000000000,0.0050529470
0.0000000000,0.0050792852
0.0000000000,0.0050827055
0.0000000000,0.0051052854
0.0000000000,0.0051187281
0.0000000000,0.0051286793
0.0000000000,0.0051550930
0.0000000000,0.0051633753
0.0000000000,0.0051719486
0.0000000000,0.0051990598
0.0000000000,0.0052229436
0.0000000000,0.0052507790
0.0000000000,0.0052704737
0.0000000000,0.0052840384
0.0000000000,0.0052931914
0.0000000000,0.0053276462
0.0000000000,0.0053276569
0.0000000000,0.0053674956
0.0000000000,0.0054103844
0.0000000000,0.0054397150
0.0000000000,0.0054818681
0.0000000000,0.0055094948
0.0000000000,0.0055385376
0.0000000000,0.0055747847
0.0000000000,0.0055804867
0.0000000000,0.0055883145
0.0000000000,0.0055900505
0.0000000000,0.0055960291
0.0000000000,0.0056331018
0.0000000000,0.0056421347
0.0000000000,0.0056820516
0.0000000000,0.0056931134
0.0000000000,0.0057071112
0.0000000000,0.0057115196
0.0000000000,0.0057142293
0.0000000000,0.0057361084
0.0000000000,0.0057407604
0.0000000000,0.0057983813
0.0000000000,0.0058084535
0.0000000000,0.0058125462
0.0000000000,0.0058288835
0.0000000000,0.0058406219
0.0000000000,0.0058583864
0.0000000000,0.0059498004
0.0000000000,0.0059560351
0.0000000000,0.0059578181
0.0000000000,0.0059583671
0.0000000000,0.0059591397
0.0000000000,0.0059597315
0.0000000000,0.0060100551
0.0000000000,0.0060241297
0.0000000000,0.0060450467
0.0000000000,0.0060650576
0.0000000000,0.0061637540
0.0000000000,0.0061707702
0.0000000000,0.0062178387
0.0000000000,0.0062209680
0.0000000000,0.0062689804
0.0000000000,0.0062696217
0.0000000000,0.0062727281
0.0000000000,0.0062952600
0.0000000000,0.0063079079
0.0000000000,0.0063090455
0.0000000000,0.0063202069
0.0000000000,0.0064150272
0.0000000000,0.0064486358
0.0000000000,0.0064556049
0.0000000000,0.0064786766
0.0000000000,0.0064891153
0.0000000000,0.0064936168
0.0000000000,0.0064959382
0.0000000000,0.0065422184
0.0000000000,0.0066341166
0.0000000000,0.0066616456
0.0000000000,0.0066649849
0.0000000000,0.0066665388
0.0000000000,0.0066677439
0.0000000000,0.0067042336
0.0000000000,0.0067078029
0.0000000000,0.0067415675
0.0000000000,0.0067469859
0.0000000000,0.0067658448
0.0000000000,0.0067717540
0.0000000000,0.0067803343
0.0000000000,0.0067904652
0.0000000000,0.0067960871
0.0000000000,0.0068036467
0.0000000000,0.0068215835
0.0000000000,0.0068502729
0.0000000000,0.0068978909
0.0000000000,0.0069189845
0.0000000000,0.0069339694
0.0000000000,0.0069428911
0.0000000000,0.0069442685
0.0000000000,0.0069477363
0.0000000000,0.0069531044
0.0000000000,0.0069941981
0.0000000000,0.0070088482
0.0000000000,0.0070159123
0.0000000000,0.0070216805
0.0000000000,0.0070360606
0.0000000000,0.0070923967
0.0000000000,0.0071384255
0.0000000000,0.0072109597
0.0000000000,0.0072443015
0.0000000000,0.0072448682
0.0000000000,0.0072909947
0.0000000000,0.0072952290
0.0000000000,0.0073255585
0.0000000000,0.0073318561
0.0000000000,0.0073323790
0.0000000000,0.0073447106
0.0000000000,0.0073499712
0.0000000000,0.0073518823
0.0000000000,0.0073629329
0.0000000000,0.0073699472
0.0000000000,0.0073725856
0.0000000000,0.0073808879
0.0000000000,0.0073857908
0.0000000000,0.0074186735
0.0000000000,0.0074871872
0.0000000000,0.0075385305
0.0000000000,0.0075859805
0.0000000000,0.0075879563
0.0000000000,0.0075885574
0.0000000000,0.0076237344
0.0000000000,0.0076354803
0.0000000000,0.0076428480
0.0000000000,0.0076470682
0.0000000000,0.0076713189
0.0000000000,0.0076839854
0.0000000000,0.0077208718
0.0000000000,0.0077266088
0.0000000000,0.0077541010
0.0000000000,0.0077637262
0.0000000000,0.0078105382
0.0000000000,0.0078157838
0.0000000000,0.0078163315
0.0000000000,0.0078241508
0.0000000000,0.0078357486
0.0000000000,0.0078738974
0.0000000000,0.0078874137
0.0000000000,0.0078959223
0.0000000000,0.0078974301
0.0000000000,0.0079032192
0.0000000000,0.0079033691
0.0000000000,0.0079185609
0.0000000000,0.0079560531
0.0000000000,0.0079907319
0.0000000000,0.0080418596
0.0000000000,0.0080759395
0.0000000000,0.0080813011
0.0000000000,0.0080884211
0.0000000000,0.0080944123
0.0000000000,0.0081093339
0.0000000000,0.0081205657
0.0000000000,0.0081235571
0.0000000000,0.0081738671
0.0000000000,0.0082003651
0.0000000000,0.0082130479
0.0000000000,0.0082242740
0.0000000000,0.0082488135
0.0000000000,0.0082661314
0.0000000000,0.0082707992
0.0000000000,0.0082718087
0.0000000000,0.0082838377
0.0000000000,0.0083142519
0.0000000000,0.0083248094
0.0000000000,0.0083534606
0.0000000000,0.0083645955
0.0000000000,0.0084193563
0.0000000000,0.0084398584
0.0000000000,0.0084496671
0.0000000000,0.0084533840
0.0000000000,0.0084560281
0.0000000000,0.0084566660
0.0000000000,0.0084685748
0.0000000000,0.0085123740
0.0000000000,0.0085130408
0.0000000000,0.0085159093
0.0000000000,0.0085247662
0.0000000000,0.0085281068
0.0000000000,0.0085531883
0.0000000000,0.0085713724
0.0000000000,0.0085802972
0.0000000000,0.0085870670
0.0000000000,0.0085875178
0.0000000000,0.0086039072
0.0000000000,0.0086039882
0.0000000000,0.0086166644
0.0000000000,0.0086238831
0.0000000000,0.0086293435
0.0000000000,0.0086849239
0.0000000000,0.0086877923
0.0000000000,0.0086948341
0.0000000000,0.0087111779
0.0000000000,0.0087138927
0.0000000000,0.0087211840
0.0000000000,0.0087242210
0.0000000000,0.0087263621
0.0000000000,0.0087377774
0.0000000000,0.0087416507
0.0000000000,0.0087514576
0.0000000000,0.0088362023
0.0000000000,0.0088476026
0.0000000000,0.0088518383
0.0000000000,0.0088538285
0.0000000000,0.0088572409
0.0000000000,0.0088829910
0.0000000000,0.0089085205
0.0000000000,0.0089227054
0.0000000000,0.0089255217
0.0000000000,0.0089384876
0.0000000000,0.0089487294
0.0000000000,0.0089784255
0.0000000000,0.0089837639
0.0000000000,0.0089963805
0.0000000000,0.0090054814
0.0000000000,0.0090340665
0.0000000000,0.0090608662
0.0000000000,0.0090757497
0.0000000000,0.0091046458
0.0000000000,0.0091090845
0.0000000000,0.0091325156
0.0000000000,0.0091420533
0.0000000000,0.0091434661
0.0000000000,0.0091492534
0.0000000000,0.0091589941
0.0000000000,0.0091639161
0.0000000000,0.0091674337
0.0000000000,0.0091683650
0.0000000000,0.0092024496
0.0000000000,0.0092065707
0.0000000000,0.0092161382
0.0000000000,0.0092173154
0.0000000000,0.0092479987
0.0000000000,0.0092498204
0.0000000000,0.0092515619
0.0000000000,0.0092551643
0.0000000000,0.0092693185
0.0000000000,0.0092767645
0.0000000000,0.0092962822
0.0000000000,0.0092965616
0.0000000000,0.0093036266
0.0000000000,0.0093120951
0.0000000000,0.0093179764
0.0000000000,0.0093215369
0.0000000000,0.0093235988
0.0000000000,0.0093465010
0.0000000000,0.0093522118
0.0000000000,0.0093771974
0.0000000000,0.0093805948
0.0000000000,0.0093838209
0.0000000000,0.0094227456
0.0000000000,0.0094434051
0.0000000000,0.0094587682
0.0000000000,0.0094666481
0.0000000000,0.0094707869
0.0000000000,0.0094910441
0.0000000000,0.0095267985
0.0000000000,0.0095757619
0.0000000000,0.0095889922
0.0000000000,0.0096020345
0.0000000000,0.0096335951
0.0000000000,0.0096503999
0.0000000000,0.0096520102
0.0000000000,0.0096526220
0.0000000000,0.0096687162
0.0000000000,0.0096863732
0.0000000000,0.0096883848
0.0000000000,0.0097156633
0.0000000000,0.0097376192
0.0000000000,0.0097513776
0.0000000000,0.0097588887
0.0000000000,0.0098004695
0.0000000000,0.0098303864
0.0000000000,0.0098461434
0.0000000000,0.0098498976
0.0000000000,0.0098669557
0.0000000000,0.0098870015
0.0000000000,0.0098986654
0.0000000000,0.0099472823
0.0000000000,0.0099481484
0.0000000000,0.0099666677
0.0000000000,0.0100009926
0.0000000000,0.0100762239
0.0000000000,0.0101058939
0.0000000000,0.0101060001
0.0000000000,0.0101083424
0.0000000000,0.0101176240
0.0000000000,0.0101442272
0.0000000000,0.0101585705
0.0000000000,0.0102105709
0.0000000000,0.0102353208
0.0000000000,0.0102374563
0.0000000000,0.0102573587
0.0000000000,0.0102582779
0.0000000000,0.0102687525
0.0000000000,0.0102722365
0.0000000000,0.0102737639
0.0000000000,0.0103101861
0.0000000000,0.0103113130
0.0000000000,0.0103113428
0.0000000000,0.0103200180
0.0000000000,0.0103267506
0.0000000000,0.0103438972
0.0000000000,0.0104458872
0.0000000000,0.0104942210
0.0000000000,0.0105015580
0.0000000000,0.0105314488
0.0000000000,0.0105332946
0.0000000000,0.0105409473
0.0000000000,0.0105680767
0.0000000000,0.0105860615
0.0000000000,0.0105916280
0.0000000000,0.0105932858
0.0000000000,0.0105941016
0.0000000000,0.0106027778
0.0000000000,0.0106552923
0.0000000000,0.0107048498
0.0000000000,0.0107174367
0.0000000000,0.0107215364
0.0000000000,0.0107439747
0.0000000000,0.0107466569
0.0000000000,0.0107475948
0.0000000000,0.0107787065
0.0000000000,0.0107868109
0.0000000000,0.0108207688
0.0000000000,0.0108586699
0.0000000000,0.0108708898
0.0000000000,0.0108794300
0.0000000000,0.0108802682
0.0000000000,0.0108948853
0.0000000000,0.0109479679
0.0000000000,0.0109580141
0.0000000000,0.0109637361
0.0000000000,0.0109904381
0.0000000000,0.0110009396
0.0000000000,0.0110476455
0.0000000000,0.0110770753
0.0000000000,0.0110972226
0.0000000000,0.0110990079
0.0000000000,0.0111318966
0.0000000000,0.0111362534
0.0000000000,0.0111565925
0.0000000000,0.0111801010
0.0000000000,0.0111801866
0.0000000000,0.0111859469
0.0000000000,0.0112012168
0.0000000000,0.0112366844
0.0000000000,0.0112369759
0.0000000000,0.0112569947
0.0000000000,0.0112611325
0.0000000000,0.0112662036
0.0000000000,0.0112803299
0.0000000000,0.0112842694
0.0000000000,0.0112917619
0.0000000000,0.0113069713
0.0000000000,0.0113079408
0.0000000000,0.0113260765
0.0000000000,0.0113605941
0.0000000000,0.0113641033
0.0000000000,0.0113720354
0.0000000000,0.0113807116
0.0000000000,0.0113862269
0.0000000000,0.0114085618
0.0000000000,0.0114142224
0.0000000000,0.0114178434
0.0000000000,0.0114230393
0.0000000000,0.0114284586
0.0000000000,0.0114316447
0.0000000000,0.0114359884
0.0000000000,0.0114365676
0.0000000000,0.0114665879
0.0000000000,0.0114722168
0.0000000000,0.0114815207
0.0000000000,0.0115083288
0.0000000000,0.0115090571
0.0000000000,0.0115215564
0.0000000000,0.0115370722
0.0000000000,0.0115647661
0.0000000000,0.0115764048
0.0000000000,0.0115888873
0.0000000000,0.0115967626
0.0000000000,0.0116109801
0.0000000000,0.0116169071
0.0000000000,0.0116366521
0.0000000000,0.0116577670
0.0000000000,0.0116812438
0.0000000000,0.0116898660
0.0000000000,0.0116913440
0.0000000000,0.0116977980
0.0000000000,0.0117165362
0.0000000000,0.0117356032
0.0000000000,0.0117486492
0.0000000000,0.0117527805
0.0000000000,0.0117762312
0.0000000000,0.0117835840
0.0000000000,0.0117851701
0.0000000000,0.0117873671
0.0000000000,0.0118063586
0.0000000000,0.0118183084
0.0000000000,0.0118523659
0.0000000000,0.0118561005
0.0000000000,0.0118573252
0.0000000000,0.0118802553
0.0000000000,0.0118996007
0.0000000000,0.0119120702
0.0000000000,0.0119154742
0.0000000000,0.0119167343
0.0000000000,0.0119194631
0.0000000000,0.0119317658
0.0000000000,0.0119414311
0.0000000000,0.0119556207
0.0000000000,0.0119628292
0.0000000000,0.0119688623
0.0000000000,0.0119720101
0.0000000000,0.0119998334
0.0000000000,0.0120097259
0.0000000000,0.0120135043
0.0000000000,0.0120201102
0.0000000000,0.0120482594
0.0000000000,0.0120900935
0.0000000000,0.0121094510
0.0000000000,0.0121215731
0.0000000000,0.0121301152
0.0000000000,0.0121498723
0.0000000000,0.0121622868
0.0000000000,0.0121691013
0.0000000000,0.0121727688
0.0000000000,0.0121772215
0.0000000000,0.0121792816
0.0000000000,0.0122111328
0.0000000000,0.0122403055
0.0000000000,0.0122450246
0.0000000000,0.0122547224
0.0000000000,0.0122812260
0.0000000000,0.0122886449
0.0000000000,0.0123275081
0.0000000000,0.0123415403
0.0000000000,0.0123534100
0.0000000000,0.0123577174
0.0000000000,0.0123822195
0.0000000000,0.0123896133
0.0000000000,0.0123947831
0.0000000000,0.0124166161
0.0000000000,0.0124419359
0.0000000000,0.0124633163
0.0000000000,0.0124648279
0.0000000000,0.0124837281
0.0000000000,0.0124983536
0.0000000000,0.0125011662
0.0000000000,0.0125014456
0.0000000000,0.0125217522
0.0000000000,0.0125454562
0.0000000000,0.0125905201
0.0000000000,0.0126158157
0.0000000000,0.0126371244
0.0000000000,0.0126404138
0.0000000000,0.0126665197
0.0000000000,0.0127367200
0.0000000000,0.0127785793
0.0000000000,0.0127886003
0.0000000000,0.0127978129
0.0000000000,0.0128297564
0.0000000000,0.0128300544
0.0000000000,0.0128873298
0.0000000000,0.0128900064
0.0000000000,0.0129165510
0.0000000000,0.0129573531
0.0000000000,0.0129872337
0.0000000000,0.0129894214
0.0000000000,0.0129918763
0.0000000000,0.0130047938
0.0000000000,0.0130474446
0.0000000000,0.0130513124
0.0000000000,0.0130589548
0.0000000000,0.0130844368
0.0000000000,0.0131184077
0.0000000000,0.0131324297
0.0000000000,0.0131826410
0.0000000000,0.0131938895
0.0000000000,0.0132023050
0.0000000000,0.0132042458
0.0000000000,0.0132141104
0.0000000000,0.0132165756
0.0000000000,0.0132198930
0.0000000000,0.0132678356
0.0000000000,0.0132682333
0.0000000000,0.0132715460
0.0000000000,0.0132810911
0.0000000000,0.0133299697
0.0000000000,0.0133315036
0.0000000000,0.0133330775
0.0000000000,0.0133683532
0.0000000000,0.0133687658
0.0000000000,0.0133998813
0.0000000000,0.0134084672
0.0000000000,0.0134411361
0.0000000000,0.0134831350
0.0000000000,0.0134903546
0.0000000000,0.0134939719
0.0000000000,0.0135316895
0.0000000000,0.0135435080
0.0000000000,0.0135606686
0.0000000000,0.0135809304
0.0000000000,0.0135921743
0.0000000000,0.0136013106
0.0000000000,0.0136039667
0.0000000000,0.0136117572
0.0000000000,0.0136144077
0.0000000000,0.0136650912
0.0000000000,0.0136925085
0.0000000000,0.0137005458
0.0000000000,0.0137070669
0.0000000000,0.0137202311
0.0000000000,0.0137239695
0.0000000000,0.0137542905
0.0000000000,0.0137658585
0.0000000000,0.0137892738
0.0000000000,0.0138105666
0.0000000000,0.0138217630
0.0000000000,0.0138379689
0.0000000000,0.0138390958
0.0000000000,0.0138857821
0.0000000000,0.0138865169
0.0000000000,0.0138894590
0.0000000000,0.0138954725
0.0000000000,0.0139009589
0.0000000000,0.0139154829
0.0000000000,0.0139698926
0.0000000000,0.0139746442
0.0000000000,0.0139932232
0.0000000000,0.0140224844
0.0000000000,0.0140318247
0.0000000000,0.0140459221
0.0000000000,0.0140938452
0.0000000000,0.0141060324
0.0000000000,0.0141256051
0.0000000000,0.0141797187
0.0000000000,0.0141847935
0.0000000000,0.0141927088
0.0000000000,0.0142071471
0.0000000000,0.0142185735
0.0000000000,0.0142225865
0.0000000000,0.0142291076
0.0000000000,0.0142768510
0.0000000000,0.0143158995
0.0000000000,0.0143696219
0.0000000000,0.0143778576
0.0000000000,0.0143843228
0.0000000000,0.0143849235
0.0000000000,0.0143859703
0.0000000000,0.0144011993
0.0000000000,0.0144061111
0.0000000000,0.0144194569
0.0000000000,0.0144219194
0.0000000000,0.0144248726
0.0000000000,0.0144340629
0.0000000000,0.0144886030
0.0000000000,0.0144932549
0.0000000000,0.0145370970
0.0000000000,0.0145425145
0.0000000000,0.0145574985
0.0000000000,0.0145819895
0.0000000000,0.0145866424
0.0000000000,0.0146131190
0.0000000000,0.0146511169
0.0000000000,0.0146637121
0.0000000000,0.0146894213
0.0000000000,0.0146999424
0.0000000000,0.0147037646
0.0000000000,0.0147258658
0.0000000000,0.0147398943
0.0000000000,0.0147451712
0.0000000000,0.0147534255
0.0000000000,0.0147617757
0.0000000000,0.0147983953
0.0000000000,0.0148032364
0.0000000000,0.0148373470
0.0000000000,0.0148394546
0.0000000000,0.0148685994
0.0000000000,0.0148787918
0.0000000000,0.0149084153
0.0000000000,0.0149167813
0.0000000000,0.0149187278
0.0000000000,0.0149390092
0.0000000000,0.0149560580
0.0000000000,0.0149561539
0.0000000000,0.0149571141
0.0000000000,0.0149743743
0.0000000000,0.0149747571
0.0000000000,0.0150191048
0.0000000000,0.0150770610
0.0000000000,0.0150856767
0.0000000000,0.0150869498
0.0000000000,0.0151388254
0.0000000000,0.0151673630
0.0000000000,0.0151878437
0.0000000000,0.0151897399
0.0000000000,0.0151984999
0.0000000000,0.0152474688
0.0000000000,0.0152540077
0.0000000000,0.0152573399
0.0000000000,0.0152746858
0.0000000000,0.0152856959
0.0000000000,0.0153003652
0.0000000000,0.0153361345
0.0000000000,0.0153426379
0.0000000000,0.0153582534
0.0000000000,0.0153746987
0.0000000000,0.0154234339
0.0000000000,0.0154417437
0.0000000000,0.0154532176
0.0000000000,0.0154570071
0.0000000000,0.0154662663
0.0000000000,0.0154714482
0.0000000000,0.0155082019
0.0000000000,0.0155215515
0.0000000000,0.0155427605
0.0000000000,0.0155683123
0.0000000000,0.0155949760
0.0000000000,0.0156274643
0.0000000000,0.0156326629
0.0000000000,0.0156483017
0.0000000000,0.0156512130
0.0000000000,0.0156853013
0.0000000000,0.0156960469
0.0000000000,0.0156973600
0.0000000000,0.0157180447
0.0000000000,0.0157477949
0.0000000000,0.0157511700
0.0000000000,0.0157748275
0.0000000000,0.0157918446
0.0000000000,0.0157995261
0.0000000000,0.0158064384
0.0000000000,0.0158173349
0.0000000000,0.0158236381
0.0000000000,0.0158316195
0.0000000000,0.0158371218
0.0000000000,0.0158472825
0.0000000000,0.0158513002
0.0000000000,0.0159414466
0.0000000000,0.0159433354
0.0000000000,0.0160528757
0.0000000000,0.0160837192
0.0000000000,0.0161513835
0.0000000000,0.0161768422
0.0000000000,0.0161888245
0.0000000000,0.0162397455
0.0000000000,0.0162420534
0.0000000000,0.0162471142
0.0000000000,0.0162808336
0.0000000000,0.0163312946
0.0000000000,0.0163477343
0.0000000000,0.0163831599
0.0000000000,0.0164100192
0.0000000000,0.0164260957
0.0000000000,0.0164442025
0.0000000000,0.0164564364
0.0000000000,0.0164724849
0.0000000000,0.0165057052
0.0000000000,0.0165198427
0.0000000000,0.0165322628
0.0000000000,0.0165374465
0.0000000000,0.0165436175
0.0000000000,0.0165533107
0.0000000000,0.0165676754
0.0000000000,0.0165701918
0.0000000000,0.0165776759
0.0000000000,0.0166013241
0.0000000000,0.0166107807
0.0000000000,0.0166123826
0.0000000000,0.0166231226
0.0000000000,0.0166233517
0.0000000000,0.0166496187
0.0000000000,0.0166730843
0.0000000000,0.0166945532
0.0000000000,0.0167069212
0.0000000000,0.0167286154
0.0000000000,0.0167291909
0.0000000000,0.0167620331
0.0000000000,0.0167727377
0.0000000000,0.0167847797
0.0000000000,0.0167919714
0.0000000000,0.0168073978
0.0000000000,0.0168387126
0.0000000000,0.0168479644
0.0000000000,0.0168797169
0.0000000000,0.0168993343
0.0000000000,0.0169067681
0.0000000000,0.0169120561
0.0000000000,0.0169133320
0.0000000000,0.0169188306
0.0000000000,0.0169303510
0.0000000000,0.0169371497
0.0000000000,0.0169852600
0.0000000000,0.0169895291
0.0000000000,0.0170152728
0.0000000000,0.0170215759
0.0000000000,0.0170247480
0.0000000000,0.0170495324
0.0000000000,0.0170562137
0.0000000000,0.0170937274
0.0000000000,0.0170957129
0.0000000000,0.0170994978
0.0000000000,0.0171011388
0.0000000000,0.0171063766
0.0000000000,0.0171066597
0.0000000000,0.0171427447
0.0000000000,0.0171527397
0.0000000000,0.0171741340
0.0000000000,0.0171750356
0.0000000000,0.0171974767
0.0000000000,0.0172079764
0.0000000000,0.0172477663
0.0000000000,0.0172586869
0.0000000000,0.0172860697
0.0000000000,0.0173069965
0.0000000000,0.0173698477
0.0000000000,0.0174277853
0.0000000000,0.0174308140
0.0000000000,0.0174366701
0.0000000000,0.0174423680
0.0000000000,0.0174484421
0.0000000000,0.0174604505
0.0000000000,0.0174740925
0.0000000000,0.0174993258
0.0000000000,0.0174998697
0.0000000000,0.0175134260
0.0000000000,0.0175150372
0.0000000000,0.0175297968
0.0000000000,0.0175932683
0.0000000000,0.0176363084
0.0000000000,0.0176952053
0.0000000000,0.0177076571
0.0000000000,0.0177084226
0.0000000000,0.0177144818
0.0000000000,0.0177473966
0.0000000000,0.0177659821
0.0000000000,0.0177671723
0.0000000000,0.0178013053
0.0000000000,0.0178337805
0.0000000000,0.0178454109
0.0000000000,0.0178483874
0.0000000000,0.0178510435
0.0000000000,0.0178769752
0.0000000000,0.0178974587
0.0000000000,0.0179747548
0.0000000000,0.0179923568
0.0000000000,0.0179927610
0.0000000000,0.0180167183
0.0000000000,0.0180320293
0.0000000000,0.0180578846
0.0000000000,0.0180681329
0.0000000000,0.0180709306
0.0000000000,0.0180901792
0.0000000000,0.0181086008
0.0000000000,0.0181128401
0.0000000000,0.0181217324
0.0000000000,0.0181294307
0.0000000000,0.0181303080
0.0000000000,0.0181629322
0.0000000000,0.0181632675
0.0000000000,0.0181647185
0.0000000000,0.0181717146
0.0000000000,0.0181737971
0.0000000000,0.0182019267
0.0000000000,0.0182028767
0.0000000000,0.0182083938
0.0000000000,0.0182290394
0.0000000000,0.0182650778
0.0000000000,0.0182841066
0.0000000000,0.0182869323
0.0000000000,0.0182985067
0.0000000000,0.0183278322
0.0000000000,0.0184060223
0.0000000000,0.0184346307
0.0000000000,0.0184709243
0.0000000000,0.0184825193
0.0000000000,0.0184996407
0.0000000000,0.0185031239
0.0000000000,0.0185103286
0.0000000000,0.0185531508
0.0000000000,0.0185649637
0.0000000000,0.0185925644
0.0000000000,0.0185931232
0.0000000000,0.0186016560
0.0000000000,0.0186205227
0.0000000000,0.0186241902
0.0000000000,0.0186317954
0.0000000000,0.0186359528
0.0000000000,0.0186430737
0.0000000000,0.0186930019
0.0000000000,0.0187527929
0.0000000000,0.0187543947
0.0000000000,0.0187611897
0.0000000000,0.0187847111
0.0000000000,0.0187863801
0.0000000000,0.0188331418
0.0000000000,0.0188454911
0.0000000000,0.0188596025
0.0000000000,0.0188868102
0.0000000000,0.0189238321
0.0000000000,0.0189332962
0.0000000000,0.0189820882
0.0000000000,0.0190366488
0.0000000000,0.0190741532
0.0000000000,0.0190803297
0.0000000000,0.0190828070
0.0000000000,0.0191015173
0.0000000000,0.0191079825
0.0000000000,0.0191515237
0.0000000000,0.0191659238
0.0000000000,0.0191779844
0.0000000000,0.0192040689
0.0000000000,0.0192463826
0.0000000000,0.0193007998
0.0000000000,0.0193052441
0.0000000000,0.0193104893
0.0000000000,0.0193309244
0.0000000000,0.0193664394
0.0000000000,0.0193727463
0.0000000000,0.0193767697
0.0000000000,0.0194310751
0.0000000000,0.0194313265
0.0000000000,0.0194377061
0.0000000000,0.0194772724
0.0000000000,0.0194981750
0.0000000000,0.0195079036
0.0000000000,0.0195177775
0.0000000000,0.0195289794
0.0000000000,0.0195619296
0.0000000000,0.0196146034
0.0000000000,0.0196177065
0.0000000000,0.0196364298
0.0000000000,0.0196523201
0.0000000000,0.0196599849
0.0000000000,0.0196833033
0.0000000000,0.0196922868
0.0000000000,0.0196997952
0.0000000000,0.0197076090
0.0000000000,0.0197112467
0.0000000000,0.0197339114
0.0000000000,0.0197536219
0.0000000000,0.0197602473
0.0000000000,0.0197697785
0.0000000000,0.0197973307
0.0000000000,0.0198172815
0.0000000000,0.0198424980
0.0000000000,0.0198653508
0.0000000000,0.0198945645
0.0000000000,0.0198978540
0.0000000000,0.0199317690
0.0000000000,0.0199357215
0.0000000000,0.0199517403
0.0000000000,0.0199557282
0.0000000000,0.0200024210
0.0000000000,0.0200666524
0.0000000000,0.0200686362
0.0000000000,0.0200687349
0.0000000000,0.0200692639
0.0000000000,0.0200950708
0.0000000000,0.0201061256
0.0000000000,0.0201170109
0.0000000000,0.0201483481
0.0000000000,0.0201524477
0.0000000000,0.0201581102
0.0000000000,0.0201948546
0.0000000000,0.0202166848
0.0000000000,0.0202338155
0.0000000000,0.0202352479
0.0000000000,0.0202508252
0.0000000000,0.0202783868
0.0000000000,0.0202884544
0.0000000000,0.0202907454
0.0000000000,0.0203032307
0.0000000000,0.0203338135
0.0000000000,0.0203354843
0.0000000000,0.0203551911
0.0000000000,0.0203723181
0.0000000000,0.0203830060
0.0000000000,0.0204101298
0.0000000000,0.0204503965
0.0000000000,0.0204710420
0.0000000000,0.0204953402
0.0000000000,0.0205147173
0.0000000000,0.0205165558
0.0000000000,0.0205365270
0.0000000000,0.0205475278
0.0000000000,0.0205485038
0.0000000000,0.0205821954
0.0000000000,0.0206060391
0.0000000000,0.0206226259
0.0000000000,0.0206400361
0.0000000000,0.0206535012
0.0000000000,0.0206638370
0.0000000000,0.0206877943
0.0000000000,0.0207304060
0.0000000000,0.0207412988
0.0000000000,0.0207553264
0.0000000000,0.0208917744
0.0000000000,0.0209066160
0.0000000000,0.0209219959
0.0000000000,0.0209609885
0.0000000000,0.0209700353
0.0000000000,0.0210031159
0.0000000000,0.0210059453
0.0000000000,0.0210156236
0.0000000000,0.0210161172
0.0000000000,0.0210202783
0.0000000000,0.0210597757
0.0000000000,0.0210665893
0.0000000000,0.0210839231
0.0000000000,0.0211361535
0.0000000000,0.0211444609
0.0000000000,0.0211865716
0.0000000000,0.0211882032
0.0000000000,0.0212189425
0.0000000000,0.0212238338
0.0000000000,0.0212261695
0.0000000000,0.0212862864
0.0000000000,0.0213105846
0.0000000000,0.0213157274
0.0000000000,0.0213411041
0.0000000000,0.0213473532
0.0000000000,0.0213768743
0.0000000000,0.0213817395
0.0000000000,0.0213868953
0.0000000000,0.0213945583
0.0000000000,0.0214068890
0.0000000000,0.0214348733
0.0000000000,0.0214809049
0.0000000000,0.0214879494
0.0000000000,0.0214933138
0.0000000000,0.0214952901
0.0000000000,0.0214990135
0.0000000000,0.0215361826
0.0000000000,0.0215736218
0.0000000000,0.0215915684
0.0000000000,0.0216085501
0.0000000000,0.0216222145
0.0000000000,0.0216571651
0.0000000000,0.0216927771
0.0000000000,0.0217257682
0.0000000000,0.0217417795
0.0000000000,0.0217605364
0.0000000000,0.0217738897
0.0000000000,0.0217897706
0.0000000000,0.0218544994
0.0000000000,0.0218714271
0.0000000000,0.0218959358
0.0000000000,0.0219021421
0.0000000000,0.0219307113
0.0000000000,0.0219558533
0.0000000000,0.0220018793
0.0000000000,0.0220051203
0.0000000000,0.0220151655
0.0000000000,0.0220194068
0.0000000000,0.0220504720
0.0000000000,0.0220512319
0.0000000000,0.0220630225
0.0000000000,0.0220654774
0.0000000000,0.0220952909
0.0000000000,0.0221394598
0.0000000000,0.0221455358
0.0000000000,0.0221541505
0.0000000000,0.0221612547
0.0000000000,0.0221782606
0.0000000000,0.0221980158
0.0000000000,0.0222173911
0.0000000000,0.0222368874
0.0000000000,0.0222411882
0.0000000000,0.0222495068
0.0000000000,0.0222725067
0.0000000000,0.0222877860
0.0000000000,0.0222936179
0.0000000000,0.0223131850
0.0000000000,0.0223843865
0.0000000000,0.0223897323
0.0000000000,0.0223902781
0.0000000000,0.0224446058
0.0000000000,0.0224517845
0.0000000000,0.0224586595
0.0000000000,0.0224612709
0.0000000000,0.0224733688
0.0000000000,0.0224739518
0.0000000000,0.0225062575
0.0000000000,0.0225155782
0.0000000000,0.0225162879
0.0000000000,0.0225224961
0.0000000000,0.0225324072
0.0000000000,0.0225606598
0.0000000000,0.0226139426
0.0000000000,0.0226322971
0.0000000000,0.0226723198
0.0000000000,0.0226732604
0.0000000000,0.0226820707
0.0000000000,0.0227282066
0.0000000000,0.0227716919
0.0000000000,0.0227724537
0.0000000000,0.0227859821
0.0000000000,0.0228171237
0.0000000000,0.0229033642
0.0000000000,0.0229185130
0.0000000000,0.0229267702
0.0000000000,0.0229331758
0.0000000000,0.0229630414
0.0000000000,0.0230146367
0.0000000000,0.0230181143
0.0000000000,0.0230431128
0.0000000000,0.0232219603
0.0000000000,0.0232611950
0.0000000000,0.0232901219
0.0000000000,0.0233155340
0.0000000000,0.0233332906
0.0000000000,0.0233349465
0.0000000000,0.0233455114
0.0000000000,0.0233624876
0.0000000000,0.0233826879
0.0000000000,0.0233912803
0.0000000000,0.0234002415
0.0000000000,0.0234618951
0.0000000000,0.0234728940
0.0000000000,0.0234894678
0.0000000000,0.0235055611
0.0000000000,0.0235119890
0.0000000000,0.0235324409
0.0000000000,0.0235746689
0.0000000000,0.0235897172
0.0000000000,0.0236185957
0.0000000000,0.0236253645
0.0000000000,0.0236366168
0.0000000000,0.0236548521
0.0000000000,0.0236820374
0.0000000000,0.0237330161
0.0000000000,0.0237605106
0.0000000000,0.0237992015
0.0000000000,0.0239112414
0.0000000000,0.0239256583
0.0000000000,0.0239333529
0.0000000000,0.0239377245
0.0000000000,0.0239416286
0.0000000000,0.0239518676
0.0000000000,0.0239526257
0.0000000000,0.0239649471
0.0000000000,0.0240402203
0.0000000000,0.0240611024
0.0000000000,0.0240894314
0.0000000000,0.0240968652
0.0000000000,0.0240994804
0.0000000000,0.0241010860
0.0000000000,0.0241152365
0.0000000000,0.0241512787
0.0000000000,0.0241801869
0.0000000000,0.0242362786
0.0000000000,0.0242879670
0.0000000000,0.0242997445
0.0000000000,0.0243543070
0.0000000000,0.0243576802
0.0000000000,0.0243585631
0.0000000000,0.0244229361
0.0000000000,0.0244392212
0.0000000000,0.0244618151
0.0000000000,0.0244900491
0.0000000000,0.0244960655
0.0000000000,0.0245624520
0.0000000000,0.0245772898
0.0000000000,0.0246171001
0.0000000000,0.0246250313
0.0000000000,0.0246830806
0.0000000000,0.0246974435
0.0000000000,0.0247079805
0.0000000000,0.0247130934
0.0000000000,0.0247154348
0.0000000000,0.0247263517
0.0000000000,0.0247495789
0.0000000000,0.0248332322
0.0000000000,0.0248407945
0.0000000000,0.0248411559
0.0000000000,0.0249025375
0.0000000000,0.0249197986
0.0000000000,0.0249266326
0.0000000000,0.0249296557
0.0000000000,0.0249760225
0.0000000000,0.0249967072
0.0000000000,0.0250028912
0.0000000000,0.0250909124
0.0000000000,0.0250991620
0.0000000000,0.0252189934
0.0000000000,0.0252742488
0.0000000000,0.0253562182
0.0000000000,0.0254206136
0.0000000000,0.0254911613
0.0000000000,0.0255150292
0.0000000000,0.0255772006
0.0000000000,0.0255956259
0.0000000000,0.0256015137
0.0000000000,0.0256343316
0.0000000000,0.0256397706
0.0000000000,0.0256433357
0.0000000000,0.0256601088
0.0000000000,0.0257615224
0.0000000000,0.0257800128
0.0000000000,0.0258331019
0.0000000000,0.0258597173
0.0000000000,0.0258874763
0.0000000000,0.0259207021
0.0000000000,0.0259268973
0.0000000000,0.0259581488
0.0000000000,0.0259744674
0.0000000000,0.0260060783
0.0000000000,0.0260641705
0.0000000000,0.0260661114
0.0000000000,0.0261179097
0.0000000000,0.0261275377
0.0000000000,0.0261573344
0.0000000000,0.0261688735
0.0000000000,0.0261989050
0.0000000000,0.0262605548
0.0000000000,0.0263007153
0.0000000000,0.0263603441
0.0000000000,0.0263652820
0.0000000000,0.0264046099
0.0000000000,0.0264185704
0.0000000000,0.0264428779
0.0000000000,0.0265002325
0.0000000000,0.0265915953
0.0000000000,0.0266070981
0.0000000000,0.0266103111
0.0000000000,0.0266168863
0.0000000000,0.0266599394
0.0000000000,0.0266732350
0.0000000000,0.0267030187
0.0000000000,0.0267375316
0.0000000000,0.0268112309
0.0000000000,0.0268679690
0.0000000000,0.0272000656
0.0000000000,0.0273301825
0.0000000000,0.0273832288
0.0000000000,0.0274010915
0.0000000000,0.0274141338
0.0000000000,0.0274479389
0.0000000000,0.0275304373
0.0000000000,0.0276079401
0.0000000000,0.0276767500
0.0000000000,0.0276781917
0.0000000000,0.0277813170
0.0000000000,0.0278302021
0.0000000000,0.0278536864
0.0000000000,0.0278935954
0.0000000000,0.0279051270
0.0000000000,0.0279110558
0.0000000000,0.0279397853
0.0000000000,0.0279492885
0.0000000000,0.0279504862
0.0000000000,0.0279519819
0.0000000000,0.0279629529
0.0000000000,0.0280205328
0.0000000000,0.0280371625
0.0000000000,0.0280538332
0.0000000000,0.0280897785
0.0000000000,0.0281467196
0.0000000000,0.0281767547
0.0000000000,0.0282063186
0.0000000000,0.0282120649
0.0000000000,0.0282512102
0.0000000000,0.0282622352
0.0000000000,0.0283116829
0.0000000000,0.0283410549
0.0000000000,0.0283419397
0.0000000000,0.0283651464
0.0000000000,0.0284818094
0.0000000000,0.0285376552
0.0000000000,0.0286757257
0.0000000000,0.0287312865
0.0000000000,0.0287557151
0.0000000000,0.0287596509
0.0000000000,0.0287773553
0.0000000000,0.0287844371
0.0000000000,0.0288546719
0.0000000000,0.0288569350
0.0000000000,0.0288681258
0.0000000000,0.0289772060
0.0000000000,0.0289988127
0.0000000000,0.0290873703
0.0000000000,0.0291055888
0.0000000000,0.0291132852
0.0000000000,0.0291149970
0.0000000000,0.0291946940
0.0000000000,0.0291971229
0.0000000000,0.0294517316
0.0000000000,0.0295015834
0.0000000000,0.0295688212
0.0000000000,0.0296403654
0.0000000000,0.0296610501
0.0000000000,0.0296756364
0.0000000000,0.0297449585
0.0000000000,0.0297467485
0.0000000000,0.0298548080
0.0000000000,0.0298655368
0.0000000000,0.0298682414
0.0000000000,0.0298780184
0.0000000000,0.0299194083
0.0000000000,0.0300344825
0.0000000000,0.0300585944
0.0000000000,0.0301125981
0.0000000000,0.0301244147
0.0000000000,0.0301332716
0.0000000000,0.0306153949
0.0000000000,0.0306385085
0.0000000000,0.0306607895
0.0000000000,0.0308318380
0.0000000000,0.0308834873
0.0000000000,0.0310008172
0.0000000000,0.0310019571
0.0000000000,0.0310164038
0.0000000000,0.0310478155
0.0000000000,0.0311236475
0.0000000000,0.0311828591
0.0000000000,0.0311899520
0.0000000000,0.0313263945
0.0000000000,0.0313487798
0.0000000000,0.0313740149
0.0000000000,0.0313846469
0.0000000000,0.0314176530
0.0000000000,0.0314946696
0.0000000000,0.0314968042
0.0000000000,0.0315227956
0.0000000000,0.0316632390
0.0000000000,0.0317829661
0.0000000000,0.0320619829
0.0000000000,0.0321624689
0.0000000000,0.0321674384
0.0000000000,0.0321853235
0.0000000000,0.0323361978
0.0000000000,0.0324450843
0.0000000000,0.0330097862
0.0000000000,0.0330645256
0.0000000000,0.0330729000
0.0000000000,0.0330872349
0.0000000000,0.0331483111
0.0000000000,0.0332026482
0.0000000000,0.0335240662
0.0000000000,0.0336774252
0.0000000000,0.0336782336
0.0000000000,0.0338273682
0.0000000000,0.0338408910
0.0000000000,0.0338552147
0.0000000000,0.0339156128
0.0000000000,0.0339203998
0.0000000000,0.0340793096
0.0000000000,0.0341874547
0.0000000000,0.0343396254
0.0000000000,0.0345479921
0.0000000000,0.0347396955
0.0000000000,0.0348733403
0.0000000000,0.0350240320
0.0000000000,0.0352159478
0.0000000000,0.0352998860
0.0000000000,0.0354048237
0.0000000000,0.0359357521
0.0000000000,0.0362555347
0.0000000000,0.0364057533
0.0000000000,0.0364997610
0.0000000000,0.0368499570
0.0000000000,0.0369332097
0.0000000000,0.0371952467
0.0000000000,0.0372302458
0.0000000000,0.0382203944
0.0000000000,0.0385650359
0.0000000000,0.0390233323
0.0000000000,0.0390400179
0.0000000000,0.0393013023
0.0000000000,0.0393845737
0.0000000000,0.0394530147
0.0000000000,0.0394595638
0.0000000000,0.0396022163
0.0000000000,0.0398862623
0.0000000000,0.0399535745
0.0000000000,0.0402311422
0.0000000000,0.0406687893
0.0000000000,0.0407188982
0.0000000000,0.0414344184
0.0000000000,0.0418785773
0.0000000000,0.0419160053
0.0000000000,0.0426245593
0.0000000000,0.0426314548
0.0000000000,0.0426695608
0.0000000000,0.0440647714
0.0000000000,0.0469614565
0.0000000000,0.0472098887
0.0000000000,0.0473640747
0.0000000000,0.0501818247
0.0000000000,0.0529131219
0.0000000000,0.0533228032
0.0000000000,0.0627480298
0.0000000000,0.0635659322
0.0000000000,0.0705997720
0.0000000000,0.0812283531
0.0000000000,       inf
