0.1111318171,0.1157371923
0.0963752493,0.1253213435
0.0740515292,0.0766606033
0.0700924695,0.0817740634
0.0664576218,0.0684510320
0.0655583069,0.0666234344
0.0652734414,0.0720961317
0.0641346127,0.0656473413
0.0640784055,0.0741713941
0.0635560676,0.0771143585
0.0630238354,0.0640503839
0.0624869801,0.0644392222
0.0595576577,0.0610585399
0.0589578636,0.0648121238
0.0578990653,0.0816666707
0.0573286749,0.0674316660
0.0570628457,0.0664444044
0.0558376685,0.0643035769
0.0553517789,0.0617274307
0.0552958921,0.0561164990
0.0548547730,0.0844529346
0.0546912849,0.0564155281
0.0546677113,0.0550140589
0.0544875078,0.0671827644
0.0543561541,0.0626606718
0.0542117618,0.0607855506
0.0540083498,0.0564359091
0.0538129359,0.0623267703
0.0535292402,0.0546546988
0.0533462279,0.0564314686
0.0527564213,0.0655000135
0.0521433167,0.0858208388
0.0517164916,0.0647800639
0.0515281782,0.0523149259
0.0511631779,0.0612224713
0.0508545004,0.0532163046
0.0507432967,0.0515339151
0.0505128279,0.0572154410
0.0503833704,0.0624808632
0.0502073020,0.0798784941
0.0501963608,0.0564832091
0.0500623882,0.0562117286
0.0498545505,0.0502310842
0.0492428131,0.0685045123
0.0489703007,0.0649409741
0.0489240214,0.1296242476
0.0482352674,0.0612139665
0.0478367284,0.0519315414
0.0477597155,0.0694939345
0.0477381609,0.0485536680
0.0475402474,0.0506687500
0.0472496375,0.0502766706
0.0472279117,0.0599501058
0.0468741246,0.0576903224
0.0468037054,0.0538340434
0.0467251614,0.0601018704
0.0458145365,0.0462932028
0.0456981659,0.0515417792
0.0455971733,0.0470444560
0.0454476215,0.0490389355
0.0453749858,0.0482890829
0.0452316962,0.0579549894
0.0451110005,0.0976630151
0.0449342132,0.0486052781
0.0449214689,0.0554670915
0.0446385369,0.0463506393
0.0446326472,0.0836460292
0.0443673842,0.0462503657
0.0442272164,0.0574825369
0.0440337919,0.0611715354
0.0438648053,0.0440043472
0.0431187190,0.0480802804
0.0429919399,0.0555370040
0.0428687073,0.0445467569
0.0428177938,0.0444264449
0.0424863398,0.0450557433
0.0424652956,0.0431554355
0.0424591936,0.0537366979
0.0423474833,0.0440596379
0.0422629490,0.0432621129
0.0422077253,0.0432040952
0.0422045067,0.0430573411
0.0421720780,0.0693159625
0.0420853160,0.0457303151
0.0416739024,0.0428091437
0.0415398031,0.0486321859
0.0413276330,0.0527367108
0.0412980765,0.0762420893
0.0412920490,0.0928650424
0.0412161313,0.0419317707
0.0410765745,0.0441201627
0.0408541039,0.0752628222
0.0406967662,0.0500842445
0.0405844636,0.0422264673
0.0405781791,0.0411353223
0.0403376482,0.0619113632
0.0401904918,0.0453191921
0.0398207605,0.0484909974
0.0397019163,0.0410730653
0.0396907181,0.0476460308
0.0396563224,0.1204702407
0.0394865833,0.0402246714
0.0393507332,0.0443489924
0.0392668433,0.0467487499
0.0392057449,0.0636127964
0.0391653664,0.0411774702
0.0390048511,0.0483473502
0.0385006331,0.0491258092
0.0383161493,0.0388788655
0.0383153260,0.0428539291
0.0382382870,0.0602351204
0.0381781049,0.0436735600
0.0380907692,0.0536373667
0.0380821191,0.0402819142
0.0377570726,0.0525106490
0.0376461707,0.0641808063
0.0375264175,0.0517901145
0.0374919996,0.0576642938
0.0374836661,0.0407389291
0.0373906344,0.0904818103
0.0370216854,0.0653758198
0.0369476452,0.0712911561
0.0368223973,0.0645946264
0.0368185528,0.0520967655
0.0365839936,0.0813357309
0.0365203731,0.0451788157
0.0363165252,0.0428438298
0.0361876823,0.0372229889
0.0361134931,0.0459551550
0.0359190144,0.0438958220
0.0357939266,0.0359756351
0.0357495919,0.0365968309
0.0356774703,0.0501108058
0.0356346406,0.0383530296
0.0356010497,0.0459206775
0.0355604105,0.0652315542
0.0355505869,0.0384828523
0.0355098210,0.0418397970
0.0352282822,0.0359782130
0.0351473093,0.0373679325
0.0351376906,0.0357247218
0.0349990651,0.0565005317
0.0349938832,0.0524560474
0.0349585265,0.0448489264
0.0348570235,0.0373367593
0.0347847827,0.0350341238
0.0347526968,0.0730929449
0.0346623994,0.0408904031
0.0346259475,0.0496525653
0.0344823152,0.0631240234
0.0343001522,0.0493906848
0.0342543609,0.0540465377
0.0342021063,0.0392453484
0.0341527015,0.0409686640
0.0339325629,0.0392518453
0.0339233615,0.0434438661
0.0337158330,0.0420299433
0.0336377658,0.0882117078
0.0333959535,0.0377768837
0.0333177447,0.0439140983
0.0332156718,0.0732704923
0.0332044065,0.0348375961
0.0331436582,0.0426709801
0.0330051109,0.0725754872
0.0329748206,0.0335933603
0.0328966975,0.0455188863
0.0328385755,0.0332295410
0.0327385217,0.0412641801
0.0323903449,0.0390032902
0.0321705453,0.0710532516
0.0321556889,0.0385145918
0.0320810005,0.0437434018
0.0320673063,0.0330942869
0.0319216661,0.0402161181
0.0318592750,0.0324107297
0.0318378285,0.0571970940
0.0318308659,0.0332941078
0.0316161141,0.0330784023
0.0315475389,0.0320251919
0.0315134302,0.0456074029
0.0315119177,0.0376086868
0.0314922370,0.0527314954
0.0314310342,0.0347469673
0.0312434901,0.0816090330
0.0308109242,0.0323794670
0.0307813790,0.0463366844
0.0307647474,0.0324532464
0.0305463616,0.0353147797
0.0303798579,0.0323429480
0.0302779153,0.0397231057
0.0300817024,0.0380447730
0.0300325863,0.0353872590
0.0300041959,0.0323027223
0.0299384445,0.0347528420
0.0299107302,0.0351713672
0.0298974067,0.0302455574
0.0298763104,0.0546533838
0.0298236702,0.0355266258
0.0297788288,0.0310181640
0.0296938084,0.0346436687
0.0295794047,0.0320167765
0.0293873139,0.0352228619
0.0292831957,0.0447767787
0.0291436426,0.0329546668
0.0291358046,0.0640621781
0.0288476180,0.0419727825
0.0288093761,0.0334848873
0.0287678726,0.0355247632
0.0287334584,0.0302430373
0.0286951046,0.0303479787
0.0286044031,0.0377442949
0.0285254084,0.0312192198
0.0283773839,0.0505700372
0.0282818805,0.0290171709
0.0282170996,0.0308387224
0.0281763468,0.0619908459
0.0281381290,0.0302686207
0.0280190110,0.0551926903
0.0280175675,0.0326619260
0.0279608853,0.0300676879
0.0279573984,0.0360371582
0.0278714802,0.0335945450
0.0276500396,0.0396624617
0.0276479460,0.0280582495
0.0273456424,0.0314382836
0.0273311120,0.0406904705
0.0272967331,0.0342304893
0.0271958075,0.0301826838
0.0270834882,0.0299790204
0.0267345980,0.0345432349
0.0266125202,0.0267453287
0.0265830141,0.0376781002
0.0264808964,0.0361457579
0.0263441689,0.0267761964
0.0261883773,0.0265151188
0.0259850826,0.0397569202
0.0259579606,0.0262611527
0.0258864798,0.0261545926
0.0256477147,0.0257219728
0.0254417006,0.0311128460
0.0253875405,0.0290438607
0.0253185667,0.0290098116
0.0252318420,0.0351818688
0.0249272753,0.0301175602
0.0247164648,0.0253920406
0.0246953424,0.0334357619
0.0246486254,0.0293144379
0.0245425012,0.0271753315
0.0242315177,0.0292088948
0.0242203493,0.0302161537
0.0240818094,0.0264232699
0.0238627475,0.0241478607
0.0235624462,0.0248355791
0.0235439092,0.0345040560
0.0235006269,0.0284205023
0.0233222842,0.0247112811
0.0233176220,0.0281438380
0.0232926086,0.0240488388
0.0231844746,0.0234228782
0.0231481325,0.0234896392
0.0231064390,0.0251818262
0.0229350980,0.0277744774
0.0229126047,0.0327727944
0.0228871331,0.0285040755
0.0228137877,0.0241736751
0.0226457678,0.0255375076
0.0225894079,0.0253215916
0.0224607345,0.0277335458
0.0222800095,0.0225577485
0.0221836921,0.0231251828
0.0219324026,0.0240401402
0.0217352100,0.0240243971
0.0213130917,0.0248884037
0.0211575199,0.0227496065
0.0211022533,0.0254810918
0.0210340973,0.0220281426
0.0208677668,0.0307821706
0.0202257633,0.0252070464
0.0201543532,0.0225739256
0.0197445937,0.0244693924
0.0190208312,0.0198219065
0.0188417379,0.0258276705
0.0187352654,0.0217070151
0.0183836855,0.0210351255
0.0180955939,0.0181566644
0.0180938412,0.0202346686
0.0170349032,0.0173024554
0.0169800986,0.0173218343
0.0163528230,0.0210910998
0.0152177177,0.0157572441
0.0146415979,0.0223883893
0.0142537309,0.0146245062
0.0131188612,0.0154715246
0.0126758022,0.0127405459
0.0124636376,0.0150587801
0.0116852028,0.0135311289
0.0114068938,0.0120868376
