0.1004145592,0.1036655530
0.0975535214,0.1156268343
0.0786360353,0.0824450403
0.0739354789,0.0751853436
0.0712272897,0.1081703156
0.0709687546,0.0742142573
0.0695695654,0.0700535178
0.0687391311,0.0796828791
0.0641132519,0.0691920221
0.0622859970,0.0649656206
0.0600232780,0.0651472583
0.0592613816,0.0592961051
0.0573057346,0.0603486039
0.0570751913,0.0648536831
0.0570656508,0.0584855787
0.0562765151,0.0691531897
0.0559620932,0.0844101161
0.0556328595,0.0600018315
0.0555292480,0.0613305382
0.0545629561,0.0741687641
0.0544381477,0.0617953464
0.0542169958,0.0570077188
0.0539092831,0.0621080808
0.0535800420,0.0615806691
0.0532560982,0.0843006819
0.0531159528,0.0543771237
0.0528650992,0.0918499753
0.0528448373,0.0580970123
0.0515943468,0.0690244734
0.0512076840,0.0539963394
0.0510135219,0.0546058975
0.0508869551,0.0591251329
0.0505379699,0.0524652489
0.0503459834,0.0514131002
0.0503161252,0.0531472452
0.0502072796,0.0518327765
0.0501072742,0.0684967861
0.0500624292,0.0791209266
0.0497362241,0.0632068664
0.0493142456,0.0581781715
0.0492425784,0.0650620311
0.0490444973,0.0496490449
0.0490206704,0.0490226969
0.0490114465,0.0798218995
0.0487767607,0.0493315645
0.0480913334,0.0568262823
0.0477004908,0.0508463383
0.0473352894,0.0528352186
0.0467973016,0.0472138189
0.0463703983,0.0685242116
0.0463305041,0.0468123853
0.0463251807,0.0720279440
0.0457499176,0.0556634776
0.0456055589,0.0485627055
0.0454964302,0.0510906130
0.0453167818,0.0580723695
0.0452086478,0.0607953072
0.0450865924,0.0470762774
0.0448991843,0.0527657866
0.0442936756,0.0520242974
0.0440386198,0.0492118560
0.0436435603,0.1084017977
0.0431989022,0.0485236980
0.0431779698,0.0440503433
0.0431324430,0.0439941660
0.0430206656,0.0458891280
0.0429786034,0.0526028462
0.0426802859,0.0436219461
0.0422866829,0.0613955744
0.0421720259,0.0856460482
0.0421427637,0.0598242767
0.0420910344,0.0431039818
0.0420227237,0.0449061356
0.0419489816,0.0745337754
0.0417876877,0.0460445583
0.0414879285,0.0568532571
0.0414284617,0.0424648412
0.0412646122,0.0506790206
0.0411997102,0.0580972135
0.0411390662,0.0464015454
0.0410770439,0.0599152073
0.0410586894,0.0758075342
0.0408681892,0.0420075394
0.0408567563,0.0725754425
0.0408009589,0.0453596115
0.0407626033,0.0451217666
0.0404649265,0.0458529554
0.0403005145,0.0464760810
0.0399662033,0.0417673290
0.0397889912,0.0683024451
0.0397333950,0.0451220609
0.0395603254,0.0485939905
0.0394393913,0.0881882235
0.0394314863,0.0401099809
0.0393281206,0.0459238328
0.0393180177,0.0412225202
0.0393033475,0.0812050179
0.0391736850,0.0432483852
0.0391210690,0.0482920893
0.0390270390,0.1051922590
0.0389358178,0.0463644043
0.0386584252,0.0407976247
0.0385609828,0.1111627668
0.0384796448,0.0702905655
0.0384300612,0.0424775854
0.0383160003,0.0428534076
0.0382351130,0.0394416563
0.0381817445,0.0416414887
0.0381408706,0.0393699706
0.0376460887,0.0950207189
0.0375576690,0.0600272007
0.0374468267,0.0376670621
0.0372640193,0.0447724424
0.0371683165,0.0539572947
0.0371593535,0.0439898185
0.0370982438,0.0422050580
0.0369677395,0.0719131529
0.0368824974,0.0376548730
0.0366158299,0.0506720468
0.0365889482,0.0552395657
0.0365145802,0.0376161560
0.0364590883,0.0367781371
0.0363318324,0.0572078750
0.0362976752,0.0473140627
0.0362887420,0.0441321209
0.0361876823,0.0404693410
0.0360173471,0.1069969386
0.0359336846,0.0701590031
0.0358151607,0.0431439020
0.0357849821,0.0410842001
0.0357416235,0.0534360670
0.0356346406,0.0383530296
0.0355235077,0.0396185480
0.0354843773,0.0371071286
0.0354420654,0.0367783904
0.0352155007,0.0385525636
0.0351519734,0.0659579411
0.0349937901,0.0548362359
0.0349464454,0.0373367593
0.0348747969,0.0353061855
0.0348145515,0.0397000164
0.0347847827,0.0350267589
0.0347846262,0.0542330034
0.0347413234,0.0471686833
0.0346339606,0.0439556167
0.0345963836,0.0546876378
0.0343972221,0.0692983568
0.0342760347,0.0427522659
0.0342469551,0.0346938074
0.0341986902,0.0414379910
0.0341483317,0.0393684842
0.0338580273,0.0458018035
0.0338099152,0.0430261306
0.0337061547,0.0340167843
0.0337005071,0.0350425951
0.0336683877,0.0355803072
0.0335176587,0.0359647013
0.0333807543,0.0424512736
0.0332540870,0.0759816244
0.0332269371,0.0444767401
0.0330978036,0.0332092345
0.0330126211,0.0809335560
0.0328453444,0.0356197916
0.0327422991,0.0331583843
0.0326677673,0.0388620645
0.0325677246,0.0389539152
0.0325310156,0.0479620509
0.0324547142,0.0337789133
0.0322617106,0.0490774736
0.0322187543,0.0346805677
0.0321705453,0.0495789684
0.0319117643,0.0327070095
0.0318420753,0.0397431441
0.0318091139,0.0459249876
0.0317780785,0.0387622602
0.0317761190,0.0405437648
0.0317008384,0.0738104656
0.0316516086,0.0708841309
0.0315301009,0.0378641449
0.0313214809,0.0397230648
0.0312955901,0.0355100557
0.0312461276,0.0327469632
0.0312192198,0.0313028432
0.0310465973,0.0418333188
0.0309842899,0.0378688835
0.0309830215,0.0333713703
0.0308873635,0.0324537084
0.0308836736,0.0387978517
0.0307648107,0.0325867087
0.0307040662,0.0550181493
0.0305213369,0.0451419950
0.0303798579,0.0319429152
0.0303345025,0.0378051959
0.0302778743,0.0654845983
0.0302201100,0.0580563322
0.0301412996,0.0415332727
0.0301103257,0.0375344343
0.0299378708,0.0343824215
0.0296542495,0.0307791103
0.0295794047,0.0345026143
0.0295358505,0.0323901325
0.0295046344,0.0301472191
0.0293873139,0.0308662970
0.0293707307,0.0461821631
0.0291784890,0.0414885096
0.0291381944,0.0322494321
0.0289694555,0.0365788974
0.0288476180,0.0439267084
0.0286468249,0.0377408862
0.0282136817,0.0414336398
0.0281380452,0.0302583370
0.0280413628,0.0571284518
0.0279648602,0.0360366553
0.0279625803,0.0331994705
0.0277032442,0.0385312028
0.0275734216,0.0309483521
0.0275089443,0.0343941003
0.0274149738,0.0307885669
0.0269842166,0.0297750700
0.0268719904,0.0274147801
0.0268205889,0.0270786788
0.0265830103,0.0289810356
0.0262535866,0.0274559353
0.0262179766,0.0262809042
0.0262101181,0.0265296586
0.0259355903,0.0260047540
0.0258768890,0.0262165647
0.0256744325,0.0335282795
0.0256472416,0.0354446545
0.0256266147,0.0386854522
0.0256038420,0.0316146426
0.0255416520,0.0264013968
0.0255374368,0.0282051526
0.0253572166,0.0286094658
0.0253166649,0.0273912661
0.0252140556,0.0384304263
0.0250783507,0.0335004330
0.0249639526,0.0257556457
0.0247130319,0.0253941379
0.0246346220,0.0251454413
0.0245623216,0.0292448197
0.0245136227,0.0270707812
0.0242724977,0.0297830626
0.0238372218,0.0271918029
0.0235624462,0.0248355791
0.0234813485,0.0256763846
0.0233858377,0.0246911701
0.0232602805,0.0253613610
0.0231652521,0.0244795084
0.0229624938,0.0257260501
0.0228533279,0.0328066424
0.0228462778,0.0233658683
0.0228095371,0.0235023312
0.0227199644,0.0258875284
0.0226485040,0.0288564358
0.0225709975,0.0263885595
0.0223678611,0.0243244562
0.0221682489,0.0271580052
0.0220776871,0.0226445347
0.0220051352,0.0220251717
0.0215905942,0.0252000373
0.0214980803,0.0215243343
0.0210921522,0.0344289169
0.0208810046,0.0225526895
0.0208038557,0.0212387927
0.0207167845,0.0229775775
0.0206953883,0.0213951860
0.0206015874,0.0208593737
0.0205365494,0.0218447037
0.0204639491,0.0262540411
0.0202209968,0.0307821706
0.0199462436,0.0227487180
0.0198387001,0.0243379623
0.0197606776,0.0210550483
0.0196640603,0.0229619164
0.0194321200,0.0226440597
0.0192895662,0.0197962895
0.0189320724,0.0192244370
0.0187234133,0.0188335311
0.0182572901,0.0188080780
0.0180938412,0.0202346705
0.0177901536,0.0208476726
0.0177800674,0.0189728476
0.0170756113,0.0175285041
0.0170481130,0.0172253717
0.0095104156,0.0099163363
