0.0890907124,0.0941813439
0.0753469914,0.0794744492
0.0751944557,0.0783454254
0.0722655430,0.0758055523
0.0711565167,0.1004472077
0.0692624822,0.0697252229
0.0680224821,0.0884816274
0.0659610331,0.0712712407
0.0623146445,0.0640369579
0.0620990954,0.0622132421
0.0606254600,0.0683316141
0.0604851022,0.0675154030
0.0599744469,0.0667731762
0.0595576651,0.0598495007
0.0594889633,0.0607696399
0.0593674630,0.0612755306
0.0591771640,0.0592960753
0.0588465594,0.0588903949
0.0588262230,0.0606907681
0.0583229475,0.0593629889
0.0579090938,0.0631269366
0.0576463975,0.0649239272
0.0573648103,0.0603486039
0.0567169003,0.0570213310
0.0561142862,0.0691531301
0.0559971407,0.0577931739
0.0559001304,0.0704670623
0.0557313450,0.0594729707
0.0555916205,0.0620059557
0.0542845614,0.0604230538
0.0542132929,0.0570076779
0.0540083498,0.0564359091
0.0539109595,0.0596255772
0.0539056882,0.0737097412
0.0537562892,0.0635913610
0.0537098944,0.0671881214
0.0534466319,0.0540500246
0.0530801415,0.0531472825
0.0529437661,0.0672045574
0.0520141870,0.0719307065
0.0516064651,0.0564832091
0.0514665172,0.0621291697
0.0509114005,0.0545494445
0.0505414717,0.0547378436
0.0503730103,0.0685102418
0.0500623547,0.0733485892
0.0499667041,0.0626390725
0.0497382842,0.0501811430
0.0495034754,0.0516823381
0.0494305044,0.0740761757
0.0491958112,0.0514479391
0.0490244627,0.0527304970
0.0489697717,0.0497987978
0.0485574678,0.0523901619
0.0480914153,0.0531211048
0.0478006043,0.0525697432
0.0477352105,0.0749955252
0.0474201776,0.0530254841
0.0461846478,0.0483256467
0.0460883938,0.0488658659
0.0457424223,0.0518307015
0.0455371439,0.0531656370
0.0454633385,0.0721561313
0.0453053266,0.0540553220
0.0452039093,0.0851421207
0.0446483716,0.0462934002
0.0445883051,0.0520886220
0.0445494018,0.0624621958
0.0445258282,0.0752292424
0.0443668775,0.0522415303
0.0443015285,0.0520242974
0.0438748561,0.0470337570
0.0438608117,0.0471009016
0.0436589420,0.0744404271
0.0435432792,0.0456170775
0.0435353182,0.0480989851
0.0433232747,0.0539373085
0.0432416461,0.0452365167
0.0432079807,0.0791364908
0.0431815609,0.0457956307
0.0431318246,0.0439941660
0.0429919399,0.0514385551
0.0428526551,0.0456006639
0.0425285511,0.0499787107
0.0425018147,0.0570954457
0.0423616618,0.0608002730
0.0423248261,0.0635071993
0.0420910344,0.0430997461
0.0419507772,0.0482593812
0.0417858660,0.0483247563
0.0417760871,0.0490894802
0.0417531170,0.0518373437
0.0415206514,0.0462910831
0.0413168147,0.0857053101
0.0412908345,0.0493814237
0.0410879627,0.0653760582
0.0410842001,0.0561468564
0.0408631824,0.0550569780
0.0408161879,0.0464263596
0.0407127552,0.0436209962
0.0405310802,0.0595226176
0.0404292308,0.0775736347
0.0402486064,0.0459194779
0.0398980193,0.0536482185
0.0397892073,0.0401721746
0.0397889875,0.0664316118
0.0397848710,0.0409721248
0.0396100096,0.0405139811
0.0396044105,0.0398024023
0.0394386686,0.0422050618
0.0393529385,0.0431566797
0.0393314846,0.0504874140
0.0391660295,0.0412423015
0.0391015410,0.0566362292
0.0390255153,0.0758100450
0.0387278870,0.1032732651
0.0383160003,0.0428868309
0.0383093357,0.0606146343
0.0382172503,0.0419735163
0.0380694680,0.0482493341
0.0379071832,0.1131812334
0.0378423892,0.0416472815
0.0376080200,0.0470785312
0.0375698917,0.0392340794
0.0375557132,0.0596218109
0.0374692641,0.0428436622
0.0373906344,0.1007184088
0.0366819687,0.0557651259
0.0363318324,0.0571970940
0.0362726860,0.0363904797
0.0361484028,0.0387897305
0.0359110981,0.0360105522
0.0358579606,0.0395603329
0.0357336067,0.0576165132
0.0357041024,0.0459664389
0.0356416740,0.0358183570
0.0356356204,0.0383530296
0.0355848074,0.0461085327
0.0355773680,0.0435884558
0.0355484411,0.0522249863
0.0355224721,0.0396183133
0.0355098210,0.0418397970
0.0354479365,0.0411312021
0.0352955014,0.0409381986
0.0352336429,0.0697535351
0.0351913050,0.0464595631
0.0349585265,0.0448489264
0.0348765664,0.0354330726
0.0347027183,0.0349838361
0.0346807912,0.0450843312
0.0346312411,0.0387868173
0.0342760347,0.0400772765
0.0341480002,0.0422535092
0.0340634733,0.0397874080
0.0340471342,0.0356973149
0.0339848958,0.0750259385
0.0339324884,0.0450173430
0.0338804312,0.0658909008
0.0337108634,0.0439193845
0.0336830541,0.0348067470
0.0336678401,0.0375276543
0.0334304273,0.0814340338
0.0333956629,0.0406469516
0.0333281122,0.1138062924
0.0333121009,0.0344731435
0.0333093815,0.0440255590
0.0331680365,0.0580685660
0.0331439674,0.0449163504
0.0331422463,0.0419310927
0.0330978036,0.0362726003
0.0330769084,0.0394848511
0.0327577256,0.0397358164
0.0326991789,0.0601184182
0.0325759314,0.0349681787
0.0325521044,0.0479620509
0.0324619636,0.0493051223
0.0324472710,0.0378109850
0.0324384347,0.0464775153
0.0324172638,0.0447304323
0.0323735513,0.0762033910
0.0323204994,0.0457895137
0.0322715156,0.0461505316
0.0321993977,0.0385429710
0.0321577825,0.0335508771
0.0320991389,0.0504304208
0.0320673063,0.0322093219
0.0320042111,0.0350301266
0.0319490507,0.0340635255
0.0318955369,0.0335858725
0.0318566784,0.0789585933
0.0318242908,0.0614540242
0.0317831114,0.0358869620
0.0316876322,0.0416966565
0.0316477828,0.0631537661
0.0314967781,0.0336944349
0.0314853042,0.0431039743
0.0312459599,0.0336351097
0.0311247483,0.0452279150
0.0310768336,0.0314665288
0.0310495477,0.0426102951
0.0310322084,0.0317647345
0.0309842825,0.0355100520
0.0309830215,0.0333713703
0.0309584346,0.0600864328
0.0309448000,0.0366846472
0.0309034586,0.0589467846
0.0308303740,0.0433693193
0.0306818634,0.0517689995
0.0305487365,0.0307791121
0.0304196775,0.0576489270
0.0303903706,0.0324107297
0.0303730201,0.0323024616
0.0303332750,0.0411050059
0.0302722249,0.0318954848
0.0301901493,0.0473611914
0.0301152244,0.0302430373
0.0301062409,0.0375344343
0.0299953204,0.0771592334
0.0299710464,0.0302267298
0.0299625807,0.0302583706
0.0298509058,0.0563109778
0.0297618415,0.0360371582
0.0297383834,0.0431831591
0.0296973698,0.0297685321
0.0296845436,0.0337481014
0.0296795461,0.0361600779
0.0296332501,0.0315344855
0.0296020433,0.0300947689
0.0295494106,0.0306514353
0.0294119958,0.0326426737
0.0294003859,0.0301743019
0.0293697957,0.0461358391
0.0291421320,0.0312360637
0.0286620781,0.0322537273
0.0286468994,0.0288946927
0.0286277588,0.0391506739
0.0285701696,0.0310960431
0.0285254084,0.0312192198
0.0284678396,0.0378688797
0.0284047984,0.0349524692
0.0282240640,0.0581346527
0.0280734282,0.0371867716
0.0280372370,0.0308963880
0.0279301442,0.0331985243
0.0278741401,0.0515300184
0.0278295334,0.0343714319
0.0277589653,0.0561014377
0.0276805311,0.0336022787
0.0276434384,0.0319248773
0.0275464635,0.0333194993
0.0274150074,0.0302774180
0.0273959953,0.0348878019
0.0272959843,0.0342205800
0.0272451639,0.0317848958
0.0272229165,0.0310590472
0.0270683579,0.0282840524
0.0267917570,0.0276388247
0.0267062876,0.0328917429
0.0265944377,0.0378302708
0.0265215226,0.0269280076
0.0263338182,0.0332555696
0.0262809042,0.0292088948
0.0260112062,0.0359988697
0.0259404127,0.0282793716
0.0257176291,0.0299791321
0.0256744344,0.0309922043
0.0256189965,0.0282861330
0.0255952924,0.0259186719
0.0255864970,0.0280853864
0.0253663789,0.0254998486
0.0252789743,0.0254567079
0.0252367370,0.0328562409
0.0252357442,0.0261545926
0.0251687318,0.0261207651
0.0249250066,0.0263899732
0.0249014981,0.0256309062
0.0248993989,0.0257843714
0.0248911027,0.0291352924
0.0247158688,0.0271580052
0.0246486254,0.0293144379
0.0246345755,0.0251473486
0.0245490298,0.0272109136
0.0244371071,0.0363266431
0.0243455488,0.0329191834
0.0241572466,0.0264990926
0.0238840394,0.0318219736
0.0237579886,0.0252866652
0.0236337949,0.0302958153
0.0234692451,0.0256692283
0.0232606139,0.0326070450
0.0231483020,0.0234898105
0.0230745897,0.0284608081
0.0228533279,0.0328066424
0.0227584690,0.0260500722
0.0224726666,0.0228261258
0.0224434007,0.0226934794
0.0223662108,0.0244340021
0.0221549943,0.0227083899
0.0216026492,0.0242443327
0.0215444472,0.0242172796
0.0214285292,0.0274714064
0.0212642755,0.0249893554
0.0211575199,0.0255432967
0.0208797865,0.0227395166
0.0208756980,0.0208801553
0.0201772712,0.0209396295
0.0201704167,0.0225526895
0.0196764693,0.0215783399
0.0194776934,0.0195784122
0.0183928255,0.0233376399
0.0181363430,0.0202346686
0.0181097835,0.0183475800
0.0179555491,0.0180052761
0.0177800637,0.0189471450
0.0165635440,0.0180060118
0.0146379303,0.0159109868
0.0133531438,0.0168186203
