0.0830866545,0.0848148093
0.0784943923,0.1345973462
0.0781497136,0.0784638301
0.0767092630,0.0788331702
0.0755484253,0.0781236142
0.0736161694,0.0862773582
0.0685831979,0.0700405687
0.0683002323,0.0764519796
0.0650725067,0.0658289343
0.0650248230,0.1196890473
0.0638045445,0.0695472211
0.0630085617,0.0997350663
0.0615212172,0.0637173578
0.0613442920,0.0630074814
0.0611629859,0.0729138777
0.0589101166,0.0623604059
0.0585254282,0.0891724005
0.0583139621,0.0602277629
0.0571127348,0.0849110261
0.0567146167,0.0761215687
0.0560705215,0.0946867168
0.0551917329,0.0677292347
0.0547262356,0.0666573942
0.0533967242,0.0667284876
0.0532001853,0.0588415600
0.0530561693,0.0789408758
0.0528112613,0.0689723045
0.0521945506,0.0706213117
0.0517611615,0.0696844310
0.0516959615,0.0520074368
0.0513669811,0.0513990782
0.0510647595,0.0592672676
0.0503214449,0.0529124625
0.0500185527,0.0823141411
0.0499688536,0.0500493832
0.0498756506,0.0512215719
0.0486355759,0.0514291711
0.0484868884,0.0636721477
0.0483666733,0.0499077626
0.0483422801,0.0593220331
0.0477889776,0.0560103990
0.0476823300,0.0524607636
0.0476661287,0.0527286790
0.0476305671,0.0594440289
0.0476010963,0.0510120764
0.0472360440,0.0498979203
0.0470685549,0.0482248105
0.0468044281,0.0540958233
0.0464361757,0.0521214679
0.0462108254,0.0518833026
0.0461042076,0.0484224074
0.0460835621,0.0804065168
0.0459182858,0.0520152152
0.0456255637,0.0485322699
0.0449831299,0.0473163165
0.0449583009,0.0547498763
0.0447661132,0.0607187375
0.0447189473,0.0629125834
0.0445713066,0.0599222444
0.0445675813,0.0501480997
0.0444556102,0.0457467958
0.0444178060,0.0477951355
0.0441245846,0.0611618124
0.0439670533,0.0441944227
0.0436947048,0.0780614689
0.0434756540,0.0584015734
0.0433730409,0.0577242598
0.0431762263,0.0484764278
0.0428969152,0.0587831549
0.0427201129,0.0436527617
0.0425359532,0.0432014763
0.0424625129,0.0449552909
0.0424601920,0.0448710844
0.0424105227,0.0440285951
0.0420938283,0.0568814203
0.0419228561,0.0451200418
0.0418815017,0.0447500497
0.0418695956,0.0509028919
0.0418487713,0.0507207736
0.0418454483,0.0418791324
0.0418434478,0.0419930704
0.0416988134,0.0417362154
0.0415580720,0.0509047061
0.0414802842,0.0901764631
0.0413799398,0.0551446788
0.0411464050,0.0452229120
0.0411008820,0.0413553715
0.0410620235,0.0476514101
0.0410056375,0.0433490314
0.0409676805,0.0425201058
0.0408153906,0.0442001671
0.0407585427,0.0412323512
0.0406382754,0.0430098176
0.0406225510,0.0767076984
0.0403632633,0.0513972268
0.0403069891,0.0438701883
0.0402735956,0.0408049226
0.0402543209,0.0481532291
0.0402157754,0.0438234471
0.0401697308,0.0408038646
0.0401626751,0.0814472735
0.0401124991,0.0421011038
0.0399800576,0.0465181842
0.0398586318,0.0515840724
0.0398051217,0.0413678288
0.0397477597,0.0581314899
0.0395739637,0.0508021601
0.0395412706,0.0637240410
0.0395313874,0.0622408651
0.0395001210,0.0536117181
0.0394522175,0.0573990159
0.0393419787,0.0448607057
0.0392274447,0.0620105080
0.0391327217,0.0466578975
0.0389359333,0.0792706013
0.0389138274,0.0719963983
0.0388589911,0.0547324158
0.0388227031,0.0408977643
0.0386458039,0.0397096872
0.0386114642,0.0766561404
0.0386025310,0.0499248542
0.0384760611,0.0532218181
0.0384261645,0.0421383493
0.0384148993,0.0482751690
0.0382267982,0.0437319651
0.0381752849,0.0415970683
0.0381672047,0.0484783985
0.0381102525,0.0409236439
0.0380463153,0.0504622422
0.0379140005,0.0504080467
0.0378661379,0.0513108149
0.0377426259,0.0424567685
0.0370806903,0.0372147784
0.0370326601,0.0377068706
0.0368232876,0.0410291441
0.0367013440,0.0429210402
0.0366383344,0.0368735418
0.0365089811,0.0372831188
0.0364901759,0.0395456105
0.0361234359,0.0397712439
0.0360799693,0.0374178067
0.0360014103,0.0679151639
0.0359899849,0.0370847657
0.0359409302,0.0374699496
0.0357026495,0.0394475199
0.0355904251,0.0472177751
0.0355816595,0.0619162358
0.0354877599,0.0395402871
0.0352997594,0.0538794026
0.0349325836,0.0443129577
0.0348034911,0.0368128791
0.0347929969,0.0368284695
0.0347736105,0.0489599518
0.0347624086,0.0449292324
0.0344929434,0.0357069038
0.0344019681,0.0446663946
0.0343831219,0.0422371514
0.0343703441,0.0582511649
0.0343051590,0.0356793515
0.0340243652,0.0488890409
0.0340184867,0.0343109928
0.0339669064,0.0606721379
0.0339016281,0.0350324661
0.0338790976,0.0385125689
0.0338462852,0.0394889526
0.0337844118,0.0420405492
0.0337798819,0.0517619364
0.0336743556,0.0356151015
0.0334994532,0.0502770990
0.0334967785,0.0416590236
0.0334739313,0.0551545620
0.0334691517,0.0841288045
0.0334280282,0.0366355665
0.0333479494,0.0555076376
0.0333198234,0.0646845624
0.0332627296,0.0537231676
0.0332102031,0.0390370712
0.0332059786,0.0392032713
0.0331933647,0.0346019529
0.0331491046,0.0405496210
0.0331352539,0.0594532043
0.0330789164,0.0340685844
0.0329947658,0.0455707349
0.0328943208,0.0485354811
0.0326331370,0.0359102339
0.0326309912,0.0991537347
0.0325852707,0.0390871875
0.0325352736,0.0348201059
0.0325124115,0.0524127185
0.0324589759,0.0326935090
0.0323668234,0.0394197963
0.0323307440,0.0487045161
0.0322308131,0.0324113779
0.0320794024,0.0450858660
0.0319960974,0.0519276820
0.0317279138,0.0361318961
0.0315453261,0.0578081198
0.0314030163,0.0527504422
0.0313420258,0.0317566097
0.0312318485,0.0340324305
0.0312006362,0.0314131938
0.0311041381,0.0354212262
0.0309828948,0.0317417830
0.0308819152,0.0382212475
0.0308450926,0.0338810571
0.0308301076,0.0332230255
0.0306721460,0.0315037407
0.0305484328,0.0368666984
0.0305341780,0.0369226933
0.0303629674,0.0469148271
0.0300667360,0.0323439352
0.0300580449,0.0361897573
0.0300279632,0.0338888690
0.0298984740,0.0413613059
0.0297786053,0.0329371728
0.0297564995,0.0342563204
0.0296361912,0.0308003966
0.0295752995,0.0416117199
0.0295715220,0.0393663310
0.0293173566,0.0294336323
0.0292809904,0.0399811044
0.0292656478,0.0564243346
0.0291376505,0.0375384167
0.0291297156,0.0324475318
0.0289612506,0.0372753851
0.0289554428,0.0356815606
0.0289145410,0.0299983285
0.0288786236,0.0355954096
0.0288293213,0.0319821127
0.0288256202,0.0567093827
0.0287241135,0.0336597078
0.0285319947,0.0424376577
0.0284407102,0.0337855630
0.0284001939,0.0290862136
0.0283909198,0.0293162521
0.0283796415,0.0286728647
0.0283499993,0.0313419700
0.0283140745,0.0428657383
0.0282735731,0.0324621871
0.0281745605,0.0287950821
0.0281393286,0.0287791956
0.0280652028,0.0346312225
0.0277656466,0.0326039456
0.0276760980,0.0391971506
0.0276649836,0.0294329915
0.0275689084,0.0500732325
0.0275650192,0.0277167633
0.0270879436,0.0315868445
0.0268915817,0.0305007100
0.0268615838,0.0291653238
0.0267513376,0.0269168485
0.0267400946,0.0274763871
0.0266794953,0.0331882425
0.0266655777,0.0293909758
0.0266315248,0.0340062007
0.0265523512,0.0267211776
0.0265498944,0.0343131125
0.0265010819,0.0270214956
0.0263430644,0.0336483009
0.0263198018,0.0302596521
0.0262591150,0.0335821360
0.0262319017,0.0262658503
0.0261757746,0.0384006314
0.0261639636,0.0278279092
0.0259661805,0.0380542651
0.0259416010,0.0265478883
0.0258933697,0.0264526177
0.0258471631,0.0308895707
0.0257934220,0.0275723394
0.0257921759,0.0283759870
0.0256839637,0.0270681065
0.0256406479,0.0327634364
0.0256276168,0.0280147679
0.0255699176,0.0398675054
0.0253697690,0.0275752936
0.0253261030,0.0285460241
0.0253159944,0.0340837464
0.0252837855,0.0255451705
0.0252123363,0.0295994431
0.0251083169,0.0253786091
0.0250787605,0.0259904321
0.0245592948,0.0345001668
0.0245442037,0.0331715718
0.0243854877,0.0286888741
0.0242466610,0.0279102605
0.0241122376,0.0384835824
0.0240846686,0.0290657450
0.0239517838,0.0250366163
0.0237964857,0.0273975302
0.0237318408,0.0262063593
0.0236693751,0.0274690799
0.0236679651,0.0324796550
0.0234521646,0.0276890192
0.0233485382,0.0327694789
0.0233455449,0.0273843966
0.0232180879,0.0324214958
0.0228595883,0.0237323791
0.0227791928,0.0285667852
0.0227613933,0.0274712984
0.0226907376,0.0259851459
0.0225807372,0.0254010800
0.0221734624,0.0271843392
0.0215516351,0.0225279965
0.0214492381,0.0251411758
0.0208103918,0.0256617684
0.0206684675,0.0243421048
0.0206499640,0.0207398199
0.0205028187,0.0239958093
0.0204131864,0.0212302841
0.0202815440,0.0281271040
0.0201816317,0.0275663957
0.0201486517,0.0304330792
0.0199351404,0.0206550770
0.0195663609,0.0243522581
0.0190187916,0.0193760525
0.0188329387,0.0203639753
0.0185150262,0.0214599818
0.0184151568,0.0199930631
0.0181693994,0.0213064924
0.0177253485,0.0214328691
0.0175544564,0.0199140478
0.0170121826,0.0244445205
0.0170040485,0.0209300444
0.0170035139,0.0187741593
0.0169483256,0.0195417330
0.0169303790,0.0196434651
0.0168298539,0.0191515014
0.0162447784,0.0185843352
0.0159437954,0.0175731853
0.0159374457,0.0162326861
0.0152670890,0.0184613466
0.0150290225,0.0184213966
0.0140696643,0.0143895978
0.0140635530,0.0149521623
0.0134704383,0.0147584900
0.0131222084,0.0131934360
0.0087772282,0.0099570239
0.0084651895,0.0098217325
