0.2500000000, 0.2500000000
0.6250000000, 0.6250000000
0.8125000000, 0.3125000000
0.9062500000, 0.1562500000
0.4531250000, 0.5781250000
0.2265625000, 0.2890625000
0.1132812500, 0.1445312500
0.0566406250, 0.0722656250
0.0283203125, 0.0361328125
0.5141601562, 0.0180664062
0.7570800781, 0.5090332031
0.3785400391, 0.2545166016
0.1892700195, 0.1272583008
0.5946350098, 0.0636291504
0.2973175049, 0.5318145752
0.1486587524, 0.7659072876
0.0743293762, 0.3829536438
0.0371646881, 0.1914768219
0.0185823441, 0.0957384109
0.5092911720, 0.0478692055
0.2546455860, 0.5239346027
0.1273227930, 0.2619673014
0.0636613965, 0.1309836507
0.0318306983, 0.0654918253
0.0159153491, 0.0327459127
0.5079576746, 0.5163729563
0.2539788373, 0.2581864782
0.6269894186, 0.1290932391
0.3134947093, 0.0645466195
0.1567473547, 0.0322733098
0.5783736773, 0.0161366549
0.2891868387, 0.0080683274
0.1445934193, 0.0040341637
0.0722967097, 0.5020170819
0.5361483548, 0.2510085409
0.2680741774, 0.1255042705
0.6340370887, 0.0627521352
0.8170185444, 0.0313760676
0.9085092722, 0.5156880338
0.9542546361, 0.7578440169
0.9771273180, 0.8789220085
0.9885636590, 0.4394610042
0.4942818295, 0.7197305021
0.2471409148, 0.3598652511
0.1235704574, 0.1799326255
0.5617852287, 0.0899663128
0.2808926143, 0.5449831564
0.6404463072, 0.2724915782
0.8202231536, 0.6362457891
0.4101115768, 0.8181228945
0.2050557884, 0.4090614473
0.6025278942, 0.2045307236
0.8012639471, 0.6022653618
0.9006319735, 0.8011326809
0.4503159868, 0.9005663405
0.2251579934, 0.4502831702
0.1125789967, 0.2251415851
0.5562894983, 0.1125707926
0.7781447492, 0.0562853963
0.8890723746, 0.5281426981
0.9445361873, 0.7640713491
0.4722680936, 0.3820356745
0.2361340468, 0.1910178373
0.6180670234, 0.0955089186
0.3090335117, 0.0477544593
0.1545167559, 0.0238772297
0.5772583779, 0.0119386148
0.2886291890, 0.0059693074
0.1443145945, 0.0029846537
0.5721572972, 0.5014923269
0.7860786486, 0.2507461634
0.3930393243, 0.6253730817
0.6965196622, 0.3126865409
0.8482598311, 0.6563432704
0.9241299155, 0.8281716352
0.9620649578, 0.4140858176
0.9810324789, 0.7070429088
0.9905162394, 0.3535214544
0.9952581197, 0.1767607272
0.4976290599, 0.0883803636
0.2488145299, 0.5441901818
0.1244072650, 0.2720950909
0.0622036325, 0.1360475455
0.0311018162, 0.0680237727
0.5155509081, 0.0340118864
0.7577754541, 0.0170059432
0.8788877270, 0.5085029716
0.9394438635, 0.7542514858
0.4697219318, 0.3771257429
0.2348609659, 0.1885628714
0.1174304829, 0.0942814357
0.5587152415, 0.0471407179
0.2793576207, 0.0235703589
0.6396788104, 0.0117851795
0.3198394052, 0.0058925897
0.1599197026, 0.0029462949
0.5799598513, 0.0014731474
0.2899799256, 0.5007365737
0.6449899628, 0.2503682869
0.3224949814, 0.6251841434
0.1612474907, 0.3125920717
0.0806237454, 0.1562960359
0.5403118727, 0.0781480179
0.2701559363, 0.0390740090
0.6350779682, 0.0195370045
0.8175389841, 0.5097685022
0.9087694920, 0.7548842511
0.9543847460, 0.8774421256
0.9771923730, 0.4387210628
0.9885961865, 0.2193605314
0.4942980933, 0.1096802657
0.7471490466, 0.5548401328
0.3735745233, 0.7774200664
0.1867872617, 0.8887100332
0.0933936308, 0.4443550166
0.5466968154, 0.2221775083
0.7733484077, 0.1110887542
0.3866742039, 0.5555443771
0.1933371019, 0.2777721885
0.0966685510, 0.1388860943
0.5483342755, 0.0694430471
0.7741671377, 0.0347215236
0.3870835689, 0.5173607618
0.1935417844, 0.2586803809
0.0967708922, 0.1293401904
0.0483854461, 0.0646700952
0.0241927231, 0.5323350476
0.5120963615, 0.2661675238
0.7560481808, 0.6330837619
0.8780240904, 0.8165418810
0.4390120452, 0.4082709405
0.7195060226, 0.7041354702
0.8597530113, 0.8520677351
0.9298765056, 0.4260338676
0.4649382528, 0.7130169338
0.2324691264, 0.3565084669
0.6162345632, 0.6782542334
0.3081172816, 0.3391271167
0.6540586408, 0.6695635584
0.3270293204, 0.8347817792
0.1635146602, 0.9173908896
0.0817573301, 0.4586954448
0.0408786651, 0.7293477224
0.0204393325, 0.8646738612
0.0102196663, 0.9323369306
0.0051098331, 0.9661684653
0.5025549166, 0.9830842326
0.2512774583, 0.4915421163
0.1256387291, 0.2457710582
0.0628193646, 0.1228855291
0.0314096823, 0.5614427645
0.0157048411, 0.2807213823
0.5078524206, 0.1403606911
0.7539262103, 0.5701803456
0.3769631051, 0.7850901728
0.1884815526, 0.3925450864
0.0942407763, 0.1962725432
0.5471203881, 0.0981362716
0.2735601941, 0.5490681358
0.1367800970, 0.2745340679
0.0683900485, 0.1372670339
0.0341950243, 0.0686335170
0.5170975121, 0.5343167585
0.7585487561, 0.2671583792
0.8792743780, 0.6335791896
0.9396371890, 0.3167895948
0.4698185945, 0.6583947974
0.2349092973, 0.3291973987
0.6174546486, 0.1645986994
0.8087273243, 0.0822993497
0.4043636622, 0.0411496748
0.2021818311, 0.5205748374
0.1010909155, 0.7602874187
0.5505454578, 0.3801437094
0.2752727289, 0.1900718547
0.1376363644, 0.5950359273
0.5688181822, 0.7975179637
0.2844090911, 0.3987589818
0.1422045456, 0.1993794909
0.0711022728, 0.0996897455
0.0355511364, 0.0498448727
0.0177755682, 0.5249224364
0.0088877841, 0.2624612182
0.0044438920, 0.1312306091
0.5022219460, 0.0656153045
0.2511109730, 0.0328076523
0.1255554865, 0.5164038261
0.5627777433, 0.2582019131
0.7813888716, 0.1291009565
0.8906944358, 0.5645504783
0.9453472179, 0.7822752391
0.9726736090, 0.8911376196
0.9863368045, 0.4455688098
0.9931684022, 0.7227844049
0.4965842011, 0.3613922024
0.2482921006, 0.1806961012
0.6241460503, 0.0903480506
0.3120730251, 0.5451740253
0.1560365126, 0.2725870127
0.0780182563, 0.1362935063
0.0390091281, 0.0681467532
0.0195045641, 0.5340733766
0.0097522820, 0.2670366883
0.5048761410, 0.1335183441
0.2524380705, 0.0667591721
0.1262190353, 0.5333795860
0.0631095176, 0.2666897930
0.5315547588, 0.1333448965
0.2657773794, 0.5666724483
0.1328886897, 0.2833362241
0.0664443449, 0.1416681121
0.0332221724, 0.5708340560
0.0166110862, 0.2854170280
0.5083055431, 0.1427085140
0.2541527716, 0.0713542570
0.1270763858, 0.0356771285
0.5635381929, 0.5178385643
0.7817690964, 0.2589192821
0.3908845482, 0.1294596411
0.1954422741, 0.0647298205
0.5977211371, 0.0323649103
0.2988605685, 0.0161824551
0.1494302843, 0.5080912276
0.0747151421, 0.7540456138
0.0373575711, 0.3770228069
0.0186787855, 0.1885114034
0.5093393928, 0.0942557017
0.7546696964, 0.0471278509
0.8773348482, 0.0235639254
0.4386674241, 0.0117819627
0.2193337120, 0.0058909814
0.6096668560, 0.0029454907
0.8048334280, 0.0014727453
0.9024167140, 0.5007363727
0.4512083570, 0.7503681863
0.2256041785, 0.3751840932
0.6128020893, 0.6875920466
0.3064010446, 0.3437960233
0.1532005223, 0.1718980116
0.0766002612, 0.5859490058
0.0383001306, 0.2929745029
0.5191500653, 0.6464872515
0.7595750326, 0.8232436257
0.3797875163, 0.9116218129
0.6898937582, 0.4558109064
0.8449468791, 0.7279054532
0.9224734395, 0.3639527266
0.4612367198, 0.1819763633
0.7306183599, 0.5909881817
0.3653091799, 0.7954940908
0.6826545900, 0.3977470454
0.3413272950, 0.6988735227
0.1706636475, 0.8494367614
0.0853318237, 0.4247183807
0.5426659119, 0.7123591903
0.7713329559, 0.3561795952
0.3856664780, 0.1780897976
0.6928332390, 0.5890448988
0.3464166195, 0.7945224494
0.1732083097, 0.3972612247
0.0866041549, 0.6986306123
0.5433020774, 0.3493153062
0.2716510387, 0.1746576531
0.6358255194, 0.5873288265
0.3179127597, 0.7936644133
0.1589563798, 0.3968322066
0.5794781899, 0.6984161033
0.7897390950, 0.8492080517
0.3948695475, 0.9246040258
0.1974347737, 0.4623020129
0.0987173869, 0.2311510065
0.5493586934, 0.1155755032
0.7746793467, 0.0577877516
0.3873396734, 0.5288938758
0.1936698367, 0.7644469379
0.5968349183, 0.3822234690
0.2984174592, 0.6911117345
0.6492087296, 0.3455558672
0.3246043648, 0.6727779336
0.6623021824, 0.3363889668
0.3311510912, 0.6681944834
0.6655755456, 0.3340972417
0.8327877728, 0.6670486209
0.9163938864, 0.3335243104
0.4581969432, 0.6667621552
0.7290984716, 0.3333810776
0.3645492358, 0.1666905388
0.1822746179, 0.0833452694
0.5911373089, 0.0416726347
0.2955686545, 0.5208363174
0.1477843272, 0.2604181587
0.0738921636, 0.1302090793
0.5369460818, 0.0651045397
0.7684730409, 0.5325522698
0.8842365205, 0.7662761349
0.4421182602, 0.3831380675
0.7210591301, 0.1915690337
0.8605295651, 0.5957845169
0.9302647825, 0.7978922584
0.9651323913, 0.8989461292
0.4825661956, 0.9494730646
0.7412830978, 0.4747365323
0.3706415489, 0.2373682662
0.6853207745, 0.1186841331
0.3426603872, 0.0593420665
0.6713301936, 0.0296710333
0.3356650968, 0.0148355166
0.1678325484, 0.5074177583
0.0839162742, 0.2537088792
0.5419581371, 0.6268544396
0.2709790686, 0.8134272198
0.1354895343, 0.4067136099
0.0677447671, 0.2033568049
0.5338723836, 0.6016784025
0.7669361918, 0.8008392012
0.3834680959, 0.4004196006
0.6917340479, 0.2002098003
0.3458670240, 0.1001049002
0.1729335120, 0.0500524501
0.5864667560, 0.0250262250
0.7932333780, 0.5125131125
0.8966166890, 0.7562565563
0.9483083445, 0.3781282781
0.4741541722, 0.1890641391
0.7370770861, 0.0945320695
0.3685385431, 0.0472660348
0.1842692715, 0.0236330174
0.5921346358, 0.5118165087
0.7960673179, 0.7559082543
0.3980336589, 0.3779541272
0.6990168295, 0.1889770636
0.3495084147, 0.0944885318
0.6747542074, 0.5472442659
0.8373771037, 0.7736221329
0.9186885518, 0.3868110665
0.9593442759, 0.1934055332
0.4796721380, 0.5967027666
0.2398360690, 0.7983513833
0.1199180345, 0.3991756917
0.0599590172, 0.1995878458
0.5299795086, 0.5997939229
0.7649897543, 0.7998969615
0.8824948772, 0.8999484807
0.4412474386, 0.4499742404
0.7206237193, 0.7249871202
0.3603118596, 0.3624935601
0.6801559298, 0.1812467800
0.8400779649, 0.5906233900
0.9200389825, 0.2953116950
0.4600194912, 0.1476558475
0.7300097456, 0.0738279238
0.8650048728, 0.0369139619
0.9325024364, 0.0184569809
0.9662512182, 0.5092284905
0.9831256091, 0.2546142452
0.4915628046, 0.6273071226
0.2457814023, 0.3136535613
0.6228907011, 0.1568267807
0.3114453506, 0.5784133903
0.1557226753, 0.2892066952
0.5778613376, 0.6446033476
0.2889306688, 0.3223016738
0.6444653344, 0.6611508369
0.3222326672, 0.3305754184
0.6611163336, 0.6652877092
0.3305581668, 0.8326438546
0.1652790834, 0.9163219273
0.5826395417, 0.4581609637
0.7913197709, 0.2290804818
0.8956598854, 0.1145402409
0.9478299427, 0.0572701205
0.4739149714, 0.0286350602
0.7369574857, 0.0143175301
0.8684787428, 0.0071587651
0.9342393714, 0.0035793825
0.4671196857, 0.5017896913
0.2335598429, 0.2508948456
0.6167799214, 0.1254474228
0.8083899607, 0.5627237114
0.4041949804, 0.7813618557
0.7020974902, 0.3906809279
0.3510487451, 0.6953404639
0.6755243725, 0.3476702320
0.3377621863, 0.6738351160
0.1688810931, 0.3369175580
0.0844405466, 0.6684587790
0.5422202733, 0.3342293895
0.7711101366, 0.1671146947
0.8855550683, 0.5835573474
0.9427775342, 0.7917786737
0.4713887671, 0.3958893368
0.2356943835, 0.1979446684
0.6178471918, 0.0989723342
0.8089235959, 0.5494861671
0.4044617979, 0.7747430836
0.2022308990, 0.3873715418
0.6011154495, 0.6936857709
0.8005577247, 0.8468428854
0.4002788624, 0.4234214427
0.2001394312, 0.7117107214
0.6000697156, 0.3558553607
0.8000348578, 0.1779276803
0.9000174289, 0.0889638402
0.4500087144, 0.5444819201
0.7250043572, 0.2722409600
0.8625021786, 0.1361204800
0.9312510893, 0.0680602400
0.4656255447, 0.5340301200
0.7328127723, 0.2670150600
0.3664063862, 0.1335075300
0.1832031931, 0.0667537650
0.0916015965, 0.5333768825
0.5458007983, 0.2666884413
0.2729003991, 0.6333442206
0.1364501996, 0.3166721103
0.0682250998, 0.1583360552
0.5341125499, 0.5791680276
0.7670562749, 0.7895840138
0.8835281375, 0.8947920069
0.9417640687, 0.9473960034
0.4708820344, 0.9736980017
0.2354410172, 0.9868490009
0.6177205086, 0.4934245004
0.8088602543, 0.2467122502
0.9044301271, 0.6233561251
0.9522150636, 0.3116780626
0.9761075318, 0.1558390313
0.9880537659, 0.5779195156
0.4940268829, 0.2889597578
0.2470134415, 0.1444798789
0.6235067207, 0.0722399395
0.8117533604, 0.5361199697
0.4058766802, 0.2680599849
0.2029383401, 0.6340299924
0.1014691700, 0.3170149962
0.0507345850, 0.1585074981
0.5253672925, 0.5792537491
0.2626836463, 0.7896268745
0.1313418231, 0.3948134373
0.5656709116, 0.1974067186
0.7828354558, 0.0987033593
0.3914177279, 0.5493516797
0.1957088639, 0.7746758398
0.0978544320, 0.3873379199
0.0489272160, 0.1936689600
0.5244636080, 0.0968344800
0.7622318040, 0.5484172400
0.8811159020, 0.7742086200
0.4405579510, 0.3871043100
0.2202789755, 0.1935521550
0.1101394877, 0.5967760775
0.5550697439, 0.2983880387
0.7775348719, 0.6491940194
0.8887674360, 0.3245970097
0.9443837180, 0.1622985048
0.4721918590, 0.0811492524
0.2360959295, 0.0405746262
0.1180479647, 0.0202873131
0.5590239824, 0.5101436566
0.2795119912, 0.2550718283
0.1397559956, 0.6275359141
0.0698779978, 0.3137679571
0.5349389989, 0.6568839785
0.2674694994, 0.3284419893
0.1337347497, 0.1642209946
0.5668673749, 0.5821104973
0.2834336874, 0.7910552487
0.1417168437, 0.8955276243
0.0708584219, 0.9477638122
0.5354292109, 0.4738819061
0.7677146055, 0.2369409530
0.3838573027, 0.1184704765
0.6919286514, 0.0592352383
0.3459643257, 0.0296176191
0.6729821628, 0.5148088096
0.3364910814, 0.2574044048
0.1682455407, 0.1287022024
0.0841227704, 0.5643511012
0.0420613852, 0.7821755506
0.0210306926, 0.8910877753
0.5105153463, 0.4455438876
0.2552576731, 0.2227719438
0.1276288366, 0.1113859719
0.5638144183, 0.0556929860
0.7819072091, 0.5278464930
0.3909536046, 0.2639232465
0.6954768023, 0.6319616232
0.3477384011, 0.8159808116
0.6738692006, 0.4079904058
0.8369346003, 0.7039952029
0.9184673001, 0.3519976015
0.4592336501, 0.6759988007
0.2296168250, 0.8379994004
0.6148084125, 0.4189997002
0.8074042063, 0.7094998501
0.9037021031, 0.3547499250
0.9518510516, 0.1773749625
0.9759255258, 0.5886874813
0.9879627629, 0.7943437406
0.9939813814, 0.3971718703
0.9969906907, 0.6985859352
0.4984953454, 0.3492929676
0.7492476727, 0.6746464838
0.8746238363, 0.8373232419
0.4373119182, 0.9186616209
0.7186559591, 0.4593308105
0.3593279795, 0.7296654052
0.1796639898, 0.8648327026
0.5898319949, 0.4324163513
0.7949159974, 0.2162081757
0.3974579987, 0.6081040878
0.1987289994, 0.8040520439
0.0993644997, 0.9020260220
0.0496822498, 0.9510130110
0.0248411249, 0.4755065055
0.5124205625, 0.2377532527
0.2562102812, 0.1188766264
0.1281051406, 0.5594383132
0.0640525703, 0.2797191566
0.0320262852, 0.1398595783
0.5160131426, 0.0699297891
0.7580065713, 0.0349648946
0.3790032856, 0.5174824473
0.1895016428, 0.2587412236
0.0947508214, 0.1293706118
0.5473754107, 0.5646853059
0.7736877054, 0.7823426530
0.8868438527, 0.3911713265
0.9434219263, 0.1955856632
0.9717109632, 0.0977928316
0.9858554816, 0.5488964158
0.4929277408, 0.2744482079
0.2464638704, 0.1372241040
0.6232319352, 0.0686120520
0.3116159676, 0.5343060260
0.6558079838, 0.2671530130
0.8279039919, 0.6335765065
0.9139519959, 0.3167882532
0.9569759980, 0.1583941266
0.9784879990, 0.5791970633
0.4892439995, 0.7895985317
0.7446219997, 0.3947992658
0.8723109999, 0.1973996329
0.9361554999, 0.5986998165
0.9680777500, 0.7993499082
0.9840388750, 0.3996749541
0.4920194375, 0.6998374771
0.2460097187, 0.3499187385
0.6230048594, 0.6749593693
0.3115024297, 0.8374796846
0.1557512148, 0.4187398423
0.0778756074, 0.2093699212
0.5389378037, 0.6046849606
0.7694689019, 0.3023424803
0.8847344509, 0.6511712401
0.4423672255, 0.8255856201
0.7211836127, 0.4127928100
0.8605918064, 0.2063964050
0.9302959032, 0.6031982025
0.9651479516, 0.3015991013
0.4825739758, 0.6507995506
0.2412869879, 0.3253997753
0.6206434939, 0.1626998877
0.8103217470, 0.5813499438
0.4051608735, 0.2906749719
0.7025804367, 0.1453374860
0.8512902184, 0.5726687430
0.9256451092, 0.7863343715
0.4628225546, 0.8931671857
0.2314112773, 0.4465835929
0.6157056386, 0.2232917964
0.8078528193, 0.1116458982
0.4039264097, 0.0558229491
0.7019632048, 0.5279114746
0.8509816024, 0.2639557373
0.9254908012, 0.1319778686
0.9627454006, 0.5659889343
0.9813727003, 0.7829944672
0.9906863502, 0.3914972336
0.9953431751, 0.1957486168
0.9976715875, 0.5978743084
0.4988357938, 0.2989371542
0.2494178969, 0.6494685771
0.1247089484, 0.3247342885
0.0623544742, 0.1623671443
0.5311772371, 0.0811835721
0.7655886186, 0.0405917861
0.8827943093, 0.5202958930
0.9413971546, 0.7601479465
0.9706985773, 0.3800739733
0.4853492887, 0.1900369866
0.7426746443, 0.0950184933
0.8713373222, 0.0475092467
0.9356686611, 0.0237546233
0.4678343305, 0.5118773117
0.2339171653, 0.7559386558
0.6169585826, 0.8779693279
0.8084792913, 0.9389846640
0.4042396457, 0.9694923320
0.2021198228, 0.9847461660
0.1010599114, 0.9923730830
0.0505299557, 0.4961865415
0.5252649779, 0.7480932707
0.2626324889, 0.3740466354
0.1313162445, 0.6870233177
0.0656581222, 0.3435116588
0.0328290611, 0.1717558294
0.5164145306, 0.0858779147
0.7582072653, 0.5429389574
0.8791036326, 0.7714694787
0.9395518163, 0.8857347393
0.9697759082, 0.9428673697
0.4848879541, 0.9714336848
0.7424439770, 0.9857168424
0.8712219885, 0.9928584212
0.9356109943, 0.4964292106
0.9678054971, 0.7482146053
0.9839027486, 0.8741073027
0.4919513743, 0.9370536513
0.7459756871, 0.4685268257
0.8729878436, 0.7342634128
0.9364939218, 0.3671317064
0.4682469609, 0.1835658532
0.7341234804, 0.0917829266
0.8670617402, 0.0458914633
0.9335308701, 0.5229457317
0.4667654351, 0.2614728658
0.2333827175, 0.1307364329
0.1166913588, 0.0653682165
0.5583456794, 0.0326841082
0.2791728397, 0.0163420541
0.1395864198, 0.5081710271
0.0697932099, 0.2540855135
0.0348966050, 0.1270427568
0.5174483025, 0.0635213784
0.7587241512, 0.5317606892
0.8793620756, 0.7658803446
0.4396810378, 0.8829401723
0.2198405189, 0.4414700861
0.6099202595, 0.2207350431
0.3049601297, 0.1103675215
0.1524800649, 0.0551837608
0.5762400324, 0.0275918804
0.2881200162, 0.0137959402
0.1440600081, 0.0068979701
0.0720300041, 0.5034489850
0.0360150020, 0.2517244925
0.5180075010, 0.6258622463
0.2590037505, 0.3129311231
0.6295018753, 0.1564655616
0.3147509376, 0.0782327808
0.1573754688, 0.5391163904
0.5786877344, 0.2695581952
0.2893438672, 0.1347790976
0.6446719336, 0.0673895488
0.8223359668, 0.0336947744
0.4111679834, 0.0168473872
0.2055839917, 0.0084236936
0.6027919959, 0.5042118468
0.3013959979, 0.2521059234
0.6506979990, 0.6260529617
0.8253489995, 0.3130264808
0.9126744997, 0.1565132404
0.9563372499, 0.5782566202
0.9781686249, 0.7891283101
0.4890843125, 0.3945641551
0.7445421562, 0.6972820775
0.3722710781, 0.3486410388
0.1861355391, 0.1743205194
0.0930677695, 0.0871602597
0.0465338848, 0.5435801298
0.0232669424, 0.2717900649
0.0116334712, 0.1358950325
0.5058167356, 0.0679475162
0.2529083678, 0.0339737581
0.6264541839, 0.0169868791
0.3132270919, 0.0084934395
0.6566135460, 0.0042467198
0.8283067730, 0.0021233599
0.9141533865, 0.5010616799
0.4570766932, 0.2505308400
0.7285383466, 0.6252654200
0.3642691733, 0.3126327100
0.1821345867, 0.1563163550
0.0910672933, 0.5781581775
0.0455336467, 0.2890790887
0.0227668233, 0.6445395444
0.0113834117, 0.3222697722
0.0056917058, 0.1611348861
0.5028458529, 0.5805674430
0.2514229265, 0.2902837215
0.6257114632, 0.6451418608
0.8128557316, 0.3225709304
0.4064278658, 0.6612854652
0.7032139329, 0.3306427326
0.8516069665, 0.6653213663
0.4258034832, 0.3326606831
0.2129017416, 0.1663303416
0.6064508708, 0.0831651708
0.8032254354, 0.5415825854
0.9016127177, 0.2707912927
0.9508063589, 0.6353956463
0.4754031794, 0.8176978232
0.2377015897, 0.9088489116
0.6188507949, 0.4544244558
0.8094253974, 0.7272122279
0.4047126987, 0.8636061139
0.2023563494, 0.4318030570
0.6011781747, 0.2159015285
0.8005890873, 0.1079507642
0.4002945437, 0.0539753821
0.2001472718, 0.0269876911
0.6000736359, 0.0134938455
0.8000368180, 0.5067469228
0.9000184090, 0.7533734614
0.9500092045, 0.3766867307
0.9750046022, 0.1883433653
0.4875023011, 0.5941716827
0.2437511506, 0.7970858413
0.6218755753, 0.3985429207
0.8109377876, 0.6992714603
0.4054688938, 0.8496357302
0.7027344469, 0.4248178651
0.8513672235, 0.2124089325
0.4256836117, 0.6062044663
0.2128418059, 0.3031022331
0.1064209029, 0.6515511166
0.0532104515, 0.8257755583
0.0266052257, 0.4128877791
0.5133026129, 0.2064438896
0.2566513064, 0.1032219448
0.1283256532, 0.0516109724
0.5641628266, 0.0258054862
0.7820814133, 0.5129027431
0.3910407067, 0.2564513715
0.1955203533, 0.6282256858
0.5977601767, 0.3141128429
0.7988800883, 0.6570564214
0.3994400442, 0.3285282107
0.6997200221, 0.1642641054
0.8498600110, 0.5821320527
0.9249300055, 0.7910660263
0.4624650028, 0.3955330132
0.2312325014, 0.6977665066
0.1156162507, 0.8488832533
0.0578081253, 0.4244416266
0.0289040627, 0.2122208133
0.5144520313, 0.6061104067
0.7572260157, 0.3030552033
0.3786130078, 0.1515276017
0.1893065039, 0.0757638008
0.5946532520, 0.0378819004
0.7973266260, 0.5189409502
0.8986633130, 0.7594704751
0.4493316565, 0.8797352376
0.2246658282, 0.9398676188
0.1123329141, 0.4699338094
0.5561664571, 0.7349669047
0.7780832285, 0.8674834523
0.3890416143, 0.9337417262
0.1945208071, 0.9668708631
0.5972604036, 0.4834354315
0.2986302018, 0.7417177158
0.1493151009, 0.3708588579
0.5746575504, 0.1854294289
0.2873287752, 0.0927147145
0.1436643876, 0.5463573572
0.0718321938, 0.2731786786
0.0359160969, 0.1365893393
0.5179580485, 0.5682946697
0.2589790242, 0.2841473348
0.6294895121, 0.1420736674
0.8147447561, 0.0710368337
0.9073723780, 0.0355184169
0.9536861890, 0.0177592084
0.4768430945, 0.5088796042
0.2384215473, 0.2544398021
0.1192107736, 0.1272199011
0.5596053868, 0.5636099505
0.2798026934, 0.2818049753
0.6399013467, 0.1409024876
0.3199506734, 0.0704512438
0.6599753367, 0.5352256219
0.3299876683, 0.2676128110
0.1649938342, 0.1338064055
0.0824969171, 0.0669032027
0.0412484585, 0.0334516014
0.5206242293, 0.5167258007
0.7603121146, 0.7583629003
0.8801560573, 0.8791814502
0.9400780287, 0.9395907251
0.4700390143, 0.4697953625
0.2350195072, 0.2348976813
0.6175097536, 0.6174488406
0.8087548768, 0.8087244203
0.9043774384, 0.4043622102
0.4521887192, 0.2021811051
0.7260943596, 0.6010905525
0.8630471798, 0.3005452763
0.9315235899, 0.1502726381
0.4657617949, 0.0751363191
0.2328808975, 0.0375681595
0.1164404487, 0.0187840798
0.5582202244, 0.0093920399
0.2791101122, 0.5046960199
0.1395550561, 0.2523480100
0.5697775280, 0.6261740050
0.7848887640, 0.3130870025
0.8924443820, 0.1565435012
0.9462221910, 0.5782717506
0.4731110955, 0.2891358753
0.7365555478, 0.6445679377
0.8682777739, 0.3222839688
0.9341388869, 0.1611419844
0.9670694435, 0.5805709922
0.4835347217, 0.2902854961
0.2417673609, 0.1451427481
0.6208836804, 0.0725713740
0.8104418402, 0.5362856870
0.4052209201, 0.7681428435
0.2026104601, 0.8840714218
0.1013052300, 0.9420357109
0.0506526150, 0.9710178554
0.5253263075, 0.4855089277
0.2626631538, 0.2427544639
0.1313315769, 0.1213772319
0.5656657884, 0.0606886160
0.7828328942, 0.0303443080
0.3914164471, 0.0151721540
0.1957082236, 0.5075860770
0.0978541118, 0.7537930385
0.0489270559, 0.3768965192
0.0244635279, 0.6884482596
0.5122317640, 0.3442241298
0.2561158820, 0.1721120649
0.6280579410, 0.0860560325
0.8140289705, 0.5430280162
0.4070144852, 0.2715140081
0.7035072426, 0.6357570041
0.8517536213, 0.8178785020
0.4258768107, 0.4089392510
0.7129384053, 0.7044696255
0.8564692027, 0.3522348128
0.9282346013, 0.6761174064
0.4641173007, 0.8380587032
0.7320586503, 0.4190293516
0.3660293252, 0.7095146758
0.1830146626, 0.8547573379
0.5915073313, 0.4273786689
0.7957536656, 0.7136893345
0.8978768328, 0.3568446672
0.9489384164, 0.1784223336
0.4744692082, 0.0892111668
0.7372346041, 0.0446055834
0.3686173021, 0.5223027917
0.1843086510, 0.7611513959
0.5921543255, 0.3805756979
0.7960771628, 0.6902878490
0.3980385814, 0.3451439245
0.6990192907, 0.1725719622
0.8495096453, 0.5862859811
0.4247548227, 0.7931429906
0.7123774113, 0.3965714953
0.3561887057, 0.1982857476
0.6780943528, 0.5991428738
0.3390471764, 0.7995714369
0.6695235882, 0.8997857185
0.3347617941, 0.4498928592
0.6673808971, 0.7249464296
0.8336904485, 0.8624732148
0.9168452243, 0.4312366074
0.4584226121, 0.2156183037
0.2292113061, 0.1078091519
0.6146056530, 0.0539045759
0.8073028265, 0.5269522880
0.9036514133, 0.2634761440
0.9518257066, 0.6317380720
0.9759128533, 0.3158690360
0.9879564267, 0.6579345180
0.9939782133, 0.3289672590
0.9969891067, 0.6644836295
0.9984945533, 0.3322418147
0.9992472767, 0.6661209074
0.4996236383, 0.8330604537
0.2498118192, 0.4165302268
0.6249059096, 0.7082651134
0.3124529548, 0.3541325567
0.6562264774, 0.6770662784
0.3281132387, 0.3385331392
0.1640566193, 0.6692665696
0.0820283097, 0.3346332848
0.0410141548, 0.1673166424
0.0205070774, 0.5836583212
0.5102535387, 0.2918291606
0.7551267694, 0.6459145803
0.8775633847, 0.8229572901
0.4387816923, 0.9114786451
0.2193908462, 0.4557393225
0.6096954231, 0.2278696613
0.8048477115, 0.6139348306
0.9024238558, 0.8069674153
0.9512119279, 0.4034837077
0.9756059639, 0.2017418538
0.4878029820, 0.6008709269
0.2439014910, 0.3004354635
0.1219507455, 0.1502177317
0.0609753727, 0.0751088659
0.5304876864, 0.0375544329
0.2652438432, 0.5187772165
0.6326219216, 0.7593886082
0.3163109608, 0.3796943041
0.1581554804, 0.6898471521
0.0790777402, 0.8449235760
0.0395388701, 0.4224617880
0.5197694350, 0.2112308940
0.7598847175, 0.6056154470
0.8799423588, 0.8028077235
0.9399711794, 0.9014038618
0.9699855897, 0.4507019309
0.9849927948, 0.7253509654
0.9924963974, 0.3626754827
0.4962481987, 0.6813377414
0.7481240994, 0.3406688707
0.8740620497, 0.1703344353
0.9370310248, 0.0851672177
0.4685155124, 0.5425836088
0.2342577562, 0.2712918044
0.1171288781, 0.1356459022
0.5585644391, 0.0678229511
0.2792822195, 0.5339114756
0.1396411098, 0.2669557378
0.5698205549, 0.6334778689
0.2849102774, 0.3167389344
0.1424551387, 0.1583694672
0.5712275694, 0.0791847336
0.2856137847, 0.5395923668
0.6428068923, 0.2697961834
0.3214034462, 0.1348980917
0.6607017231, 0.5674490459
0.3303508615, 0.2837245229
0.6651754308, 0.6418622615
0.8325877154, 0.3209311307
0.4162938577, 0.1604655654
0.7081469288, 0.0802327827
0.3540734644, 0.5401163913
0.1770367322, 0.2700581957
0.0885183661, 0.1350290978
0.0442591831, 0.0675145489
0.5221295915, 0.0337572745
0.2610647958, 0.0168786372
0.6305323979, 0.5084393186
0.8152661989, 0.7542196593
0.4076330995, 0.3771098297
0.7038165497, 0.1885549148
0.3519082749, 0.0942774574
0.1759541374, 0.5471387287
0.0879770687, 0.2735693644
0.5439885344, 0.1367846822
0.2719942672, 0.0683923411
0.6359971336, 0.0341961705
0.8179985668, 0.5170980853
0.4089992834, 0.7585490426
0.2044996417, 0.3792745213
0.6022498208, 0.6896372607
0.3011249104, 0.8448186303
0.6505624552, 0.9224093152
0.8252812276, 0.9612046576
0.4126406138, 0.4806023288
0.2063203069, 0.2403011644
0.6031601535, 0.1201505822
0.8015800767, 0.0600752911
0.9007900384, 0.0300376455
0.9503950192, 0.0150188228
0.9751975096, 0.0075094114
0.9875987548, 0.5037547057
0.9937993774, 0.7518773528
0.4968996887, 0.3759386764
0.7484498443, 0.6879693382
0.3742249222, 0.3439846691
0.1871124611, 0.6719923346
0.0935562305, 0.3359961673
0.0467781153, 0.1679980836
0.5233890576, 0.0839990418
0.2616945288, 0.5419995209
0.1308472644, 0.7709997605
0.0654236322, 0.3854998802
0.0327118161, 0.6927499401
0.5163559081, 0.8463749701
0.2581779540, 0.9231874850
0.1290889770, 0.9615937425
0.0645444885, 0.9807968713
0.0322722443, 0.9903984356
0.0161361221, 0.4951992178
0.0080680611, 0.2475996089
0.5040340305, 0.1237998045
0.7520170153, 0.5618999022
0.3760085076, 0.2809499511
0.6880042538, 0.1404749756
0.8440021269, 0.5702374878
0.9220010635, 0.7851187439
0.4610005317, 0.3925593719
0.2305002659, 0.1962796860
0.1152501329, 0.5981398430
0.0576250665, 0.2990699215
0.5288125332, 0.6495349607
0.7644062666, 0.8247674804
0.3822031333, 0.9123837402
0.1911015667, 0.4561918701
0.5955507833, 0.7280959350
0.7977753917, 0.3640479675
0.8988876958, 0.1820239838
0.9494438479, 0.5910119919
0.9747219240, 0.2955059959
0.9873609620, 0.6477529980
0.9936804810, 0.8238764990
0.9968402405, 0.4119382495
0.4984201202, 0.7059691247
0.2492100601, 0.8529845624
0.1246050301, 0.4264922812
0.5623025150, 0.7132461406
0.7811512575, 0.3566230703
0.8905756288, 0.6783115351
0.9452878144, 0.3391557676
0.4726439072, 0.6695778838
0.7363219536, 0.3347889419
0.8681609768, 0.1673944709
0.4340804884, 0.5836972355
0.7170402442, 0.2918486177
0.3585201221, 0.1459243089
0.1792600610, 0.0729621544
0.5896300305, 0.0364810772
0.7948150153, 0.5182405386
0.8974075076, 0.7591202693
0.9487037538, 0.8795601347
0.9743518769, 0.9397800673
0.4871759385, 0.9698900337
0.2435879692, 0.4849450168
0.6217939846, 0.2424725084
0.3108969923, 0.1212362542
0.6554484962, 0.0606181271
0.8277242481, 0.5303090636
0.9138621240, 0.7651545318
0.4569310620, 0.3825772659
0.7284655310, 0.6912886329
0.8642327655, 0.3456443165
0.4321163828, 0.1728221582
0.2160581914, 0.0864110791
0.1080290957, 0.0432055396
0.5540145478, 0.5216027698
0.7770072739, 0.7608013849
0.8885036370, 0.8804006924
0.9442518185, 0.9402003462
0.9721259092, 0.4701001731
0.9860629546, 0.2350500866
0.9930314773, 0.1175250433
0.9965157387, 0.0587625216
0.4982578693, 0.5293812608
0.2491289347, 0.2646906304
0.6245644673, 0.1323453152
0.8122822337, 0.0661726576
0.9061411168, 0.0330863288
0.4530705584, 0.0165431644
0.2265352792, 0.0082715822
0.1132676396, 0.0041357911
0.5566338198, 0.0020678956
0.2783169099, 0.0010339478
0.1391584550, 0.5005169739
0.5695792275, 0.7502584869
0.7847896137, 0.8751292435
0.8923948069, 0.4375646217
0.4461974034, 0.2187823109
0.2230987017, 0.1093911554
0.6115493509, 0.0546955777
0.8057746754, 0.5273477889
0.9028873377, 0.7636738944
0.9514436689, 0.3818369472
0.9757218344, 0.6909184736
0.9878609172, 0.3454592368
0.9939304586, 0.1727296184
0.9969652293, 0.0863648092
0.9984826147, 0.5431824046
0.9992413073, 0.7715912023
0.4996206537, 0.3857956012
0.7498103268, 0.1928978006
0.3749051634, 0.0964489003
0.6874525817, 0.5482244501
0.8437262909, 0.7741122251
0.9218631454, 0.8870561125
0.4609315727, 0.4435280563
0.7304657864, 0.7217640281
0.3652328932, 0.3608820141
0.1826164466, 0.1804410070
0.0913082233, 0.5902205035
0.5456541116, 0.2951102518
0.2728270558, 0.1475551259
0.1364135279, 0.0737775629
0.0682067640, 0.0368887815
0.0341033820, 0.0184443907
0.5170516910, 0.5092221954
0.7585258455, 0.2546110977
0.3792629227, 0.1273055488
0.1896314614, 0.5636527744
0.5948157307, 0.2818263872
0.2974078653, 0.1409131936
0.6487039327, 0.5704565968
0.3243519663, 0.7852282984
0.6621759832, 0.3926141492
0.3310879916, 0.6963070746
0.1655439958, 0.3481535373
0.0827719979, 0.1740767687
0.5413859989, 0.5870383843
0.7706929995, 0.7935191922
0.3853464997, 0.3967595961
0.6926732499, 0.6983797980
0.3463366249, 0.8491898990
0.6731683125, 0.9245949495
0.8365841562, 0.9622974748
0.9182920781, 0.9811487374
0.9591460391, 0.4905743687
0.9795730195, 0.2452871843
0.9897865098, 0.1226435922
0.9948932549, 0.5613217961
0.4974466274, 0.2806608980
0.7487233137, 0.6403304490
0.3743616569, 0.3201652245
0.6871808284, 0.1600826123
0.8435904142, 0.5800413061
0.4217952071, 0.2900206531
0.7108976036, 0.1450103265
0.8554488018, 0.0725051633
0.9277244009, 0.0362525816
0.9638622004, 0.5181262908
0.9819311002, 0.7590631454
0.9909655501, 0.8795315727
0.4954827751, 0.4397657864
0.7477413875, 0.2198828932
0.3738706938, 0.6099414466
0.1869353469, 0.8049707233
0.0934676734, 0.9024853616
0.0467338367, 0.4512426808
0.0233669184, 0.2256213404
0.5116834592, 0.1128106702
0.7558417296, 0.5564053351
0.8779208648, 0.7782026676
0.9389604324, 0.8891013338
0.9694802162, 0.4445506669
0.9847401081, 0.7222753334
0.9923700540, 0.8611376667
0.4961850270, 0.4305688334
0.2480925135, 0.7152844167
0.1240462568, 0.3576422083
0.5620231284, 0.6788211042
0.2810115642, 0.3394105521
0.6405057821, 0.6697052760
0.3202528910, 0.3348526380
0.1601264455, 0.6674263190
0.0800632228, 0.3337131595
0.5400316114, 0.6668565798
0.2700158057, 0.3334282899
0.6350079028, 0.1667141449
0.3175039514, 0.0833570725
0.1587519757, 0.0416785362
0.0793759879, 0.5208392681
0.0396879939, 0.2604196341
0.5198439970, 0.6302098170
0.7599219985, 0.3151049085
0.8799609992, 0.1575524543
0.9399804996, 0.0787762271
0.4699902498, 0.5393881136
0.7349951249, 0.2696940568
0.3674975625, 0.6348470284
0.6837487812, 0.3174235142
0.8418743906, 0.6587117571
0.9209371953, 0.3293558785
0.9604685977, 0.6646779393
0.4802342988, 0.3323389696
0.2401171494, 0.1661694848
0.1200585747, 0.0830847424
0.0600292874, 0.5415423712
0.0300146437, 0.2707711856
0.0150073218, 0.1353855928
0.5075036609, 0.5676927964
0.2537518305, 0.2838463982
0.6268759152, 0.1419231991
0.3134379576, 0.0709615996
0.6567189788, 0.0354807998
0.8283594894, 0.0177403999
0.9141797447, 0.5088701999
0.9570898724, 0.2544351000
0.4785449362, 0.1272175500
0.7392724681, 0.5636087750
0.3696362340, 0.7818043875
0.1848181170, 0.3909021937
0.0924090585, 0.1954510969
0.5462045293, 0.0977255484
0.2731022646, 0.0488627742
0.1365511323, 0.0244313871
0.0682755662, 0.5122156936
0.5341377831, 0.2561078468
0.7670688915, 0.6280539234
0.3835344458, 0.3140269617
0.6917672229, 0.1570134808
0.8458836114, 0.0785067404
0.9229418057, 0.5392533702
0.9614709029, 0.7696266851
0.9807354514, 0.3848133426
0.4903677257, 0.6924066713
0.2451838629, 0.3462033356
0.6225919314, 0.6731016678
0.8112959657, 0.8365508339
0.4056479829, 0.4182754170
0.7028239914, 0.2091377085
0.3514119957, 0.1045688542
0.6757059979, 0.0522844271
0.3378529989, 0.0261422136
0.6689264995, 0.5130711068
0.3344632497, 0.7565355534
0.6672316249, 0.8782677767
0.8336158124, 0.9391338883
0.4168079062, 0.4695669442
0.2084039531, 0.2347834721
0.6042019766, 0.6173917360
0.8021009883, 0.3086958680
0.9010504941, 0.1543479340
0.9505252471, 0.0771739670
0.9752626235, 0.0385869835
0.9876313118, 0.5192934918
0.9938156559, 0.2596467459
0.9969078279, 0.1298233729
0.4984539140, 0.5649116865
0.2492269570, 0.2824558432
0.6246134785, 0.6412279216
0.3123067392, 0.8206139608
0.1561533696, 0.4103069804
0.5780766848, 0.2051534902
0.2890383424, 0.6025767451
0.1445191712, 0.8012883726
0.0722595856, 0.4006441863
0.5361297928, 0.7003220931
0.2680648964, 0.3501610466
0.1340324482, 0.1750805233
0.0670162241, 0.5875402616
0.5335081121, 0.2937701308
0.7667540560, 0.6468850654
0.3833770280, 0.3234425327
0.1916885140, 0.6617212664
0.5958442570, 0.8308606332
0.7979221285, 0.9154303166
0.8989610643, 0.9577151583
0.9494805321, 0.9788575791
0.9747402661, 0.4894287896
0.9873701330, 0.2447143948
0.9936850665, 0.6223571974
0.9968425333, 0.8111785987
0.4984212666, 0.4055892993
0.2492106333, 0.7027946497
0.6246053167, 0.3513973248
0.8123026583, 0.6756986624
0.4061513292, 0.8378493312
0.2030756646, 0.4189246656
0.6015378323, 0.2094623328
0.8007689161, 0.6047311664
0.4003844581, 0.3023655832
0.7001922290, 0.6511827916
0.8500961145, 0.8255913958
0.4250480573, 0.9127956979
0.2125240286, 0.9563978490
0.6062620143, 0.4781989245
0.8031310072, 0.2390994622
0.9015655036, 0.6195497311
0.9507827518, 0.3097748656
0.9753913759, 0.1548874328
0.9876956879, 0.0774437164
0.4938478440, 0.5387218582
0.7469239220, 0.2693609291
0.8734619610, 0.6346804645
0.9367309805, 0.8173402323
0.9683654902, 0.9086701161
0.9841827451, 0.4543350581
0.9920913726, 0.2271675290
0.9960456863, 0.6135837645
0.4980228431, 0.3067918823
0.7490114216, 0.6533959411
0.3745057108, 0.8266979706
0.6872528554, 0.4133489853
0.8436264277, 0.7066744926
0.4218132138, 0.3533372463
0.7109066069, 0.1766686232
0.3554533035, 0.5883343116
0.1777266517, 0.2941671558
0.5888633259, 0.6470835779
0.2944316629, 0.3235417889
0.6472158315, 0.6617708945
0.8236079157, 0.8308854472
0.4118039579, 0.4154427236
0.2059019789, 0.2077213618
0.6029509895, 0.6038606809
0.3014754947, 0.3019303405
0.1507377474, 0.6509651702
0.0753688737, 0.8254825851
0.0376844368, 0.9127412926
0.0188422184, 0.4563706463
0.0094211092, 0.2281853231
0.5047105546, 0.6140926616
0.7523552773, 0.8070463308
0.3761776387, 0.4035231654
0.6880888193, 0.7017615827
0.3440444097, 0.3508807913
0.1720222048, 0.1754403957
0.5860111024, 0.0877201978
0.2930055512, 0.0438600989
0.1465027756, 0.5219300495
0.0732513878, 0.2609650247
0.0366256939, 0.1304825124
0.5183128470, 0.0652412562
0.2591564235, 0.5326206281
0.6295782117, 0.2663103140
0.8147891059, 0.6331551570
0.9073945529, 0.8165775785
0.4536972765, 0.4082887893
0.2268486382, 0.7041443946
0.1134243191, 0.8520721973
0.0567121596, 0.4260360987
0.5283560798, 0.7130180493
0.7641780399, 0.3565090247
0.8820890199, 0.6782545123
0.9410445100, 0.8391272562
0.9705222550, 0.9195636281
0.4852611275, 0.4597818140
0.7426305637, 0.7298909070
0.3713152819, 0.8649454535
0.1856576409, 0.4324727268
0.5928288205, 0.7162363634
0.2964144102, 0.8581181817
0.1482072051, 0.4290590908
0.5741036026, 0.2145295454
0.7870518013, 0.1072647727
0.8935259006, 0.0536323864
0.4467629503, 0.5268161932
0.2233814752, 0.7634080966
0.6116907376, 0.3817040483
0.8058453688, 0.1908520241
0.9029226844, 0.0954260121
0.9514613422, 0.0477130060
0.9757306711, 0.5238565030
0.9878653355, 0.2619282515
0.9939326678, 0.6309641258
0.9969663339, 0.8154820629
0.4984831669, 0.4077410314
0.7492415835, 0.7038705157
0.8746207917, 0.3519352579
0.4373103959, 0.1759676289
0.2186551979, 0.0879838145
0.1093275990, 0.0439919072
0.5546637995, 0.0219959536
0.2773318997, 0.0109979768
0.6386659499, 0.5054989884
0.3193329749, 0.7527494942
0.6596664875, 0.8763747471
0.3298332437, 0.4381873736
0.1649166219, 0.7190936868
0.0824583109, 0.3595468434
0.0412291555, 0.6797734217
0.5206145777, 0.3398867108
0.7603072889, 0.6699433554
0.8801536444, 0.3349716777
0.9400768222, 0.6674858389
0.9700384111, 0.8337429194
0.9850192056, 0.9168714597
0.9925096028, 0.4584357299
0.9962548014, 0.2292178649
0.9981274007, 0.6146089325
0.9990637003, 0.8073044662
0.9995318502, 0.4036522331
0.4997659251, 0.7018261166
0.7498829625, 0.3509130583
0.8749414813, 0.1754565291
0.9374707406, 0.5877282646
0.9687353703, 0.7938641323
0.4843676852, 0.8969320661
0.2421838426, 0.9484660331
0.1210919213, 0.4742330165
0.5605459606, 0.7371165083
0.2802729803, 0.3685582541
0.1401364902, 0.6842791271
0.5700682451, 0.8421395635
0.7850341225, 0.9210697818
0.8925170613, 0.4605348909
0.9462585306, 0.7302674454
0.4731292653, 0.8651337227
0.7365646327, 0.4325668614
0.8682823163, 0.7162834307
0.4341411582, 0.3581417153
0.7170705791, 0.6790708577
0.8585352895, 0.3395354288
0.9292676448, 0.1697677144
0.9646338224, 0.5848838572
0.4823169112, 0.7924419286
0.2411584556, 0.8962209643
0.1205792278, 0.4481104822
0.5602896139, 0.2240552411
0.7801448069, 0.1120276205
0.3900724035, 0.5560138103
0.1950362017, 0.2780069051
0.0975181009, 0.6390034526
0.0487590504, 0.8195017263
0.0243795252, 0.4097508631
0.5121897626, 0.2048754316
0.7560948813, 0.1024377158
0.8780474407, 0.5512188579
0.4390237203, 0.2756094289
0.2195118602, 0.6378047145
0.1097559301, 0.3189023572
0.0548779650, 0.1594511786
0.5274389825, 0.5797255893
0.7637194913, 0.2898627947
0.3818597456, 0.1449313973
0.6909298728, 0.5724656987
0.8454649364, 0.2862328493
0.9227324682, 0.1431164247
0.9613662341, 0.0715582123
0.9806831171, 0.5357791062
0.9903415585, 0.2678895531
0.9951707793, 0.1339447765
0.4975853896, 0.5669723883
0.2487926948, 0.2834861941
0.1243963474, 0.1417430971
0.0621981737, 0.0708715485
0.0310990869, 0.0354357743
0.0155495434, 0.0177178871
0.0077747717, 0.0088589436
0.0038873859, 0.5044294718
0.5019436929, 0.2522147359
