0.2500000000, 0.2500000000
0.6250000000, 0.6250000000
0.8125000000, 0.3125000000
0.9062500000, 0.1562500000
0.4531250000, 0.5781250000
0.2265625000, 0.2890625000
0.1132812500, 0.1445312500
0.0566406250, 0.0722656250
0.0283203125, 0.0361328125
0.5141601562, 0.0180664062
0.7570800781, 0.5090332031
0.3785400391, 0.2545166016
0.1892700195, 0.1272583008
0.5946350098, 0.0636291504
0.2973175049, 0.5318145752
0.1486587524, 0.7659072876
0.0743293762, 0.3829536438
0.0371646881, 0.1914768219
0.0185823441, 0.0957384109
0.5092911720, 0.0478692055
0.2546455860, 0.5239346027
0.1273227930, 0.2619673014
0.0636613965, 0.1309836507
0.0318306983, 0.0654918253
0.0159153491, 0.0327459127
0.5079576746, 0.5163729563
0.2539788373, 0.2581864782
0.6269894186, 0.1290932391
0.3134947093, 0.0645466195
0.1567473547, 0.0322733098
0.5783736773, 0.0161366549
0.2891868387, 0.0080683274
0.1445934193, 0.0040341637
0.0722967097, 0.5020170819
0.0361483548, 0.7510085409
0.0180741774, 0.3755042705
0.5090370887, 0.1877521352
0.7545185444, 0.0938760676
0.8772592722, 0.5469380338
0.9386296361, 0.7734690169
0.9693148180, 0.8867345085
0.9846574090, 0.4433672542
0.4923287045, 0.7216836271
0.2461643523, 0.3608418136
0.1230821761, 0.1804209068
0.5615410881, 0.0902104534
0.2807705440, 0.5451052267
0.6403852720, 0.2725526133
0.8201926360, 0.6362763067
0.4100963180, 0.8181381533
0.2050481590, 0.4090690767
0.6025240795, 0.2045345383
0.8012620398, 0.6022672692
0.9006310199, 0.8011336346
0.4503155099, 0.9005668173
0.2251577550, 0.4502834086
0.1125788775, 0.2251417043
0.5562894387, 0.1125708522
0.7781447194, 0.0562854261
0.8890723597, 0.5281427130
0.9445361798, 0.7640713565
0.4722680899, 0.3820356783
0.2361340450, 0.1910178391
0.6180670225, 0.0955089196
0.3090335112, 0.0477544598
0.1545167556, 0.0238772299
0.5772583778, 0.0119386149
0.2886291889, 0.0059693075
0.1443145945, 0.0029846537
0.5721572972, 0.5014923269
0.7860786486, 0.2507461634
0.3930393243, 0.6253730817
0.6965196622, 0.3126865409
0.8482598311, 0.6563432704
0.9241299155, 0.8281716352
0.9620649578, 0.4140858176
0.9810324789, 0.7070429088
0.9905162394, 0.3535214544
0.9952581197, 0.1767607272
0.4976290599, 0.0883803636
0.2488145299, 0.5441901818
0.1244072650, 0.2720950909
0.0622036325, 0.1360475455
0.0311018162, 0.0680237727
0.5155509081, 0.0340118864
0.7577754541, 0.0170059432
0.8788877270, 0.5085029716
0.9394438635, 0.7542514858
0.4697219318, 0.3771257429
0.2348609659, 0.1885628714
0.1174304829, 0.0942814357
0.5587152415, 0.0471407179
0.2793576207, 0.0235703589
0.6396788104, 0.0117851795
0.3198394052, 0.0058925897
0.1599197026, 0.0029462949
0.5799598513, 0.0014731474
0.2899799256, 0.5007365737
0.6449899628, 0.2503682869
0.3224949814, 0.6251841434
0.1612474907, 0.3125920717
0.0806237454, 0.1562960359
0.5403118727, 0.0781480179
0.2701559363, 0.0390740090
0.6350779682, 0.0195370045
0.8175389841, 0.5097685022
0.9087694920, 0.7548842511
0.9543847460, 0.8774421256
0.9771923730, 0.4387210628
0.9885961865, 0.2193605314
0.4942980933, 0.1096802657
0.7471490466, 0.5548401328
0.8735745233, 0.2774200664
0.4367872617, 0.6387100332
0.2183936308, 0.3193550166
0.6091968154, 0.1596775083
0.8045984077, 0.0798387542
0.4022992039, 0.5399193771
0.2011496019, 0.2699596885
0.1005748010, 0.1349798443
0.5502874005, 0.0674899221
0.2751437002, 0.5337449611
0.1375718501, 0.7668724805
0.0687859251, 0.3834362403
0.0343929625, 0.1917181201
0.0171964813, 0.0958590601
0.0085982406, 0.5479295300
0.5042991203, 0.2739647650
0.7521495602, 0.6369823825
0.8760747801, 0.8184911913
0.4380373900, 0.4092455956
0.2190186950, 0.2046227978
0.6095093475, 0.6023113989
0.3047546738, 0.8011556995
0.1523773369, 0.4005778497
0.0761886684, 0.2002889249
0.5380943342, 0.6001444624
0.2690471671, 0.3000722312
0.6345235836, 0.6500361156
0.3172617918, 0.8250180578
0.1586308959, 0.9125090289
0.0793154479, 0.4562545145
0.0396577240, 0.7281272572
0.0198288620, 0.8640636286
0.0099144310, 0.9320318143
0.5049572155, 0.4660159072
0.7524786077, 0.7330079536
0.3762393039, 0.3665039768
0.1881196519, 0.1832519884
0.0940598260, 0.0916259942
0.0470299130, 0.5458129971
0.0235149565, 0.2729064985
0.5117574782, 0.1364532493
0.7558787391, 0.5682266246
0.3779393696, 0.7841133123
0.1889696848, 0.3920566562
0.0944848424, 0.1960283281
0.5472424212, 0.0980141640
0.2736212106, 0.5490070820
0.1368106053, 0.2745035410
0.0684053026, 0.1372517705
0.0342026513, 0.0686258853
0.5171013257, 0.5343129426
0.7585506628, 0.2671564713
0.8792753314, 0.6335782357
0.9396376657, 0.3167891178
0.4698188329, 0.6583945589
0.2349094164, 0.3291972795
0.6174547082, 0.1645986397
0.8087273541, 0.0822993199
0.4043636771, 0.0411496599
0.2021818385, 0.5205748300
0.1010909193, 0.7602874150
0.5505454596, 0.3801437075
0.2752727298, 0.1900718537
0.1376363649, 0.5950359269
0.5688181825, 0.7975179634
0.2844090912, 0.3987589817
0.1422045456, 0.1993794909
0.0711022728, 0.0996897454
0.0355511364, 0.0498448727
0.0177755682, 0.5249224364
0.0088877841, 0.2624612182
0.0044438921, 0.1312306091
0.5022219460, 0.0656153045
0.2511109730, 0.0328076523
0.1255554865, 0.5164038261
0.5627777433, 0.2582019131
0.7813888716, 0.1291009565
0.8906944358, 0.5645504783
0.9453472179, 0.7822752391
0.9726736090, 0.8911376196
0.9863368045, 0.4455688098
0.9931684022, 0.7227844049
0.4965842011, 0.3613922024
0.2482921006, 0.1806961012
0.6241460503, 0.0903480506
0.3120730251, 0.5451740253
0.1560365126, 0.2725870127
0.0780182563, 0.1362935063
0.0390091281, 0.0681467532
0.0195045641, 0.5340733766
0.0097522820, 0.2670366883
0.5048761410, 0.1335183441
0.2524380705, 0.0667591721
0.1262190353, 0.5333795860
0.0631095176, 0.7666897930
0.5315547588, 0.3833448965
0.7657773794, 0.1916724483
0.3828886897, 0.0958362241
0.1914443449, 0.0479181121
0.0957221724, 0.5239590560
0.0478610862, 0.2619795280
0.5239305431, 0.1309897640
0.2619652716, 0.0654948820
0.1309826358, 0.0327474410
0.5654913179, 0.5163737205
0.7827456589, 0.2581868603
0.3913728295, 0.1290934301
0.1956864147, 0.0645467151
0.5978432074, 0.0322733575
0.2989216037, 0.0161366788
0.1494608018, 0.5080683394
0.0747304009, 0.7540341697
0.0373652005, 0.3770170848
0.0186826002, 0.1885085424
0.5093413001, 0.0942542712
0.7546706501, 0.0471271356
0.8773353250, 0.0235635678
0.4386676625, 0.0117817839
0.2193338313, 0.0058908920
0.6096669156, 0.0029454460
0.8048334578, 0.0014727230
0.9024167289, 0.5007363615
0.4512083645, 0.7503681807
0.2256041822, 0.3751840904
0.6128020911, 0.6875920452
0.3064010456, 0.3437960226
0.1532005228, 0.1718980113
0.0766002614, 0.5859490056
0.0383001307, 0.2929745028
0.5191500653, 0.6464872514
0.2595750327, 0.3232436257
0.1297875163, 0.6616218129
0.5648937582, 0.3308109064
0.7824468791, 0.6654054532
0.8912234395, 0.3327027266
0.4456117198, 0.1663513633
0.7228058599, 0.5831756817
0.3614029299, 0.7915878408
0.6807014650, 0.3957939204
0.3403507325, 0.6978969602
0.1701753662, 0.8489484801
0.0850876831, 0.4244742401
0.5425438416, 0.7122371200
0.7712719208, 0.3561185600
0.8856359604, 0.6780592800
0.4428179802, 0.3390296400
0.2214089901, 0.6695148200
0.1107044950, 0.3347574100
0.0553522475, 0.6673787050
0.5276761238, 0.3336893525
0.2638380619, 0.1668446763
0.6319190309, 0.5834223381
0.3159595155, 0.7917111691
0.1579797577, 0.3958555845
0.5789898789, 0.6979277923
0.7894949394, 0.8489638961
0.3947474697, 0.9244819481
0.1973737349, 0.4622409740
0.0986868674, 0.2311204870
0.5493434337, 0.1155602435
0.7746717169, 0.0577801218
0.3873358584, 0.5288900609
0.1936679292, 0.7644450304
0.5968339646, 0.3822225152
0.2984169823, 0.6911112576
0.6492084912, 0.3455556288
0.3246042456, 0.6727778144
0.6623021228, 0.3363889072
0.3311510614, 0.6681944536
0.6655755307, 0.3340972268
0.8327877653, 0.6670486134
0.9163938827, 0.3335243067
0.4581969413, 0.6667621534
0.2290984707, 0.8333810767
0.1145492353, 0.9166905383
0.0572746177, 0.4583452692
0.5286373088, 0.2291726346
0.2643186544, 0.6145863173
0.1321593272, 0.3072931586
0.5660796636, 0.6536465793
0.7830398318, 0.3268232897
0.8915199159, 0.6634116448
0.9457599580, 0.8317058224
0.4728799790, 0.4158529112
0.7364399895, 0.2079264556
0.8682199947, 0.6039632278
0.9341099974, 0.8019816139
0.9670549987, 0.9009908070
0.4835274993, 0.9504954035
0.7417637497, 0.4752477017
0.3708818748, 0.2376238509
0.6854409374, 0.1188119254
0.3427204687, 0.0594059627
0.6713602344, 0.0297029814
0.3356801172, 0.0148514907
0.1678400586, 0.5074257453
0.0839200293, 0.2537128727
0.5419600146, 0.6268564363
0.2709800073, 0.8134282182
0.1354900037, 0.4067141091
0.0677450018, 0.2033570545
0.5338725009, 0.6016785273
0.7669362505, 0.8008392636
0.3834681252, 0.4004196318
0.6917340626, 0.2002098159
0.3458670313, 0.1001049080
0.1729335157, 0.0500524540
0.5864667578, 0.0250262270
0.7932333789, 0.5125131135
0.8966166895, 0.7562565567
0.9483083447, 0.3781282784
0.4741541724, 0.1890641392
0.7370770862, 0.0945320696
0.3685385431, 0.0472660348
0.1842692715, 0.0236330174
0.5921346358, 0.5118165087
0.7960673179, 0.7559082543
0.3980336589, 0.3779541272
0.6990168295, 0.1889770636
0.3495084147, 0.0944885318
0.6747542074, 0.5472442659
0.8373771037, 0.7736221329
0.9186885518, 0.3868110665
0.9593442759, 0.1934055332
0.4796721380, 0.5967027666
0.2398360690, 0.7983513833
0.1199180345, 0.3991756917
0.0599590172, 0.1995878458
0.0299795086, 0.0997939229
0.5149897543, 0.5498969615
0.7574948772, 0.7749484807
0.3787474386, 0.3874742404
0.6893737193, 0.6937371202
0.3446868596, 0.3468685601
0.6723434298, 0.1734342800
0.8361717149, 0.5867171400
0.9180858575, 0.2933585700
0.4590429287, 0.1466792850
0.7295214644, 0.0733396425
0.8647607322, 0.0366698213
0.9323803661, 0.0183349106
0.9661901830, 0.5091674553
0.9830950915, 0.2545837277
0.4915475458, 0.6272918638
0.2457737729, 0.3136459319
0.6228868864, 0.1568229660
0.3114434432, 0.5784114830
0.1557217216, 0.2892057415
0.5778608608, 0.6446028707
0.2889304304, 0.3223014354
0.6444652152, 0.6611507177
0.3222326076, 0.3305753588
0.6611163038, 0.6652876794
0.3305581519, 0.8326438397
0.1652790760, 0.9163219199
0.5826395380, 0.4581609599
0.7913197690, 0.2290804800
0.8956598845, 0.1145402400
0.9478299422, 0.0572701200
0.4739149711, 0.0286350600
0.7369574856, 0.0143175300
0.8684787428, 0.0071587650
0.9342393714, 0.0035793825
0.4671196857, 0.5017896912
0.2335598428, 0.2508948456
0.6167799214, 0.1254474228
0.8083899607, 0.5627237114
0.4041949804, 0.7813618557
0.7020974902, 0.3906809279
0.3510487451, 0.6953404639
0.6755243725, 0.8476702320
0.3377621863, 0.9238351160
0.1688810931, 0.4619175580
0.0844405466, 0.7309587790
0.5422202733, 0.3654793895
0.7711101366, 0.1827396947
0.8855550683, 0.5913698474
0.9427775342, 0.7956849237
0.4713887671, 0.3978424618
0.2356943835, 0.1989212309
0.6178471918, 0.0994606155
0.8089235959, 0.5497303077
0.4044617979, 0.7748651539
0.2022308990, 0.3874325769
0.6011154495, 0.6937162885
0.3005577247, 0.3468581442
0.1502788624, 0.1734290721
0.0751394312, 0.5867145361
0.5375697156, 0.2933572680
0.7687848578, 0.1466786340
0.8843924289, 0.0733393170
0.4421962144, 0.5366696585
0.7210981072, 0.2683348293
0.8605490536, 0.1341674146
0.9302745268, 0.0670837073
0.4651372634, 0.5335418537
0.7325686317, 0.2667709268
0.3662843159, 0.1333854634
0.1831421579, 0.0666927317
0.0915710790, 0.5333463659
0.5457855395, 0.2666731829
0.2728927697, 0.6333365915
0.1364463849, 0.3166682957
0.0682231924, 0.1583341479
0.5341115962, 0.5791670739
0.7670557981, 0.7895835370
0.8835278991, 0.8947917685
0.9417639495, 0.9473958842
0.4708819748, 0.9736979421
0.2354409874, 0.9868489711
0.6177204937, 0.4934244855
0.8088602468, 0.2467122428
0.9044301234, 0.6233561214
0.9522150617, 0.3116780607
0.9761075309, 0.1558390303
0.9880537654, 0.5779195152
0.4940268827, 0.2889597576
0.2470134414, 0.1444798788
0.6235067207, 0.0722399394
0.8117533603, 0.5361199697
0.4058766802, 0.2680599848
0.2029383401, 0.6340299924
0.1014691700, 0.3170149962
0.0507345850, 0.1585074981
0.5253672925, 0.5792537491
0.2626836463, 0.7896268745
0.1313418231, 0.3948134373
0.5656709116, 0.1974067186
0.7828354558, 0.0987033593
0.3914177279, 0.5493516797
0.1957088639, 0.7746758398
0.0978544320, 0.3873379199
0.0489272160, 0.1936689600
0.5244636080, 0.0968344800
0.7622318040, 0.5484172400
0.8811159020, 0.7742086200
0.4405579510, 0.3871043100
0.2202789755, 0.1935521550
0.1101394877, 0.5967760775
0.0550697439, 0.7983880387
0.5275348719, 0.8991940194
0.7637674360, 0.4495970097
0.3818837180, 0.7247985048
0.1909418590, 0.3623992524
0.0954709295, 0.1811996262
0.0477354647, 0.0905998131
0.5238677324, 0.5452999066
0.2619338662, 0.2726499533
0.1309669331, 0.6363249766
0.0654834665, 0.3181624883
0.5327417333, 0.6590812442
0.2663708666, 0.3295406221
0.1331854333, 0.1647703110
0.5665927167, 0.5823851555
0.2832963583, 0.7911925778
0.1416481792, 0.8955962889
0.0708240896, 0.9477981444
0.5354120448, 0.4738990722
0.7677060224, 0.2369495361
0.3838530112, 0.1184747681
0.6919265056, 0.0592373840
0.3459632528, 0.0296186920
0.6729816264, 0.5148093460
0.3364908132, 0.2574046730
0.1682454066, 0.1287023365
0.0841227033, 0.5643511683
0.0420613516, 0.7821755841
0.0210306758, 0.8910877921
0.5105153379, 0.4455438960
0.2552576690, 0.2227719480
0.1276288345, 0.1113859740
0.5638144172, 0.0556929870
0.7819072086, 0.5278464935
0.3909536043, 0.2639232468
0.6954768022, 0.6319616234
0.3477384011, 0.8159808117
0.6738692005, 0.4079904058
0.8369346003, 0.7039952029
0.9184673001, 0.3519976015
0.4592336501, 0.6759988007
0.2296168250, 0.8379994004
0.6148084125, 0.4189997002
0.8074042063, 0.7094998501
0.9037021031, 0.3547499250
0.9518510516, 0.1773749625
0.9759255258, 0.5886874813
0.9879627629, 0.7943437406
0.9939813814, 0.3971718703
0.9969906907, 0.6985859352
0.4984953454, 0.3492929676
0.2492476727, 0.1746464838
0.6246238363, 0.5873232419
0.3123119182, 0.7936616209
0.6561559591, 0.3968308105
0.3280779795, 0.6984154052
0.1640389898, 0.8492077026
0.0820194949, 0.9246038513
0.5410097474, 0.4623019257
0.2705048737, 0.7311509628
0.6352524369, 0.3655754814
0.3176262184, 0.6827877407
0.1588131092, 0.8413938704
0.0794065546, 0.4206969352
0.5397032773, 0.2103484676
0.2698516387, 0.1051742338
0.1349258193, 0.5525871169
0.0674629097, 0.2762935584
0.0337314548, 0.1381467792
0.5168657274, 0.0690733896
0.7584328637, 0.0345366948
0.3792164319, 0.5172683474
0.1896082159, 0.2586341737
0.0948041080, 0.1293170869
0.5474020540, 0.5646585434
0.7737010270, 0.7823292717
0.8868505135, 0.3911646359
0.9434252567, 0.1955823179
0.9717126284, 0.0977911590
0.9858563142, 0.5488955795
0.4929281571, 0.2744477897
0.7464640785, 0.6372238949
0.8732320393, 0.3186119474
0.4366160196, 0.6593059737
0.7183080098, 0.3296529869
0.8591540049, 0.6648264934
0.9295770025, 0.3324132467
0.9647885012, 0.1662066234
0.9823942506, 0.5831033117
0.4911971253, 0.7915516558
0.7455985627, 0.3957758279
0.8727992813, 0.1978879140
0.9363996407, 0.5989439570
0.9681998203, 0.7994719785
0.9840999102, 0.3997359892
0.4920499551, 0.6998679946
0.7460249775, 0.8499339973
0.8730124888, 0.9249669987
0.4365062444, 0.9624834993
0.2182531222, 0.4812417497
0.1091265611, 0.2406208748
0.5545632805, 0.6203104374
0.7772816403, 0.3101552187
0.8886408201, 0.6550776094
0.4443204101, 0.8275388047
0.7221602050, 0.4137694023
0.8610801025, 0.2068847012
0.9305400513, 0.6034423506
0.4652700256, 0.8017211753
0.2326350128, 0.9008605876
0.1163175064, 0.4504302938
0.0581587532, 0.7252151469
0.5290793766, 0.8626075735
0.2645396883, 0.4313037867
0.6322698442, 0.2156518934
0.8161349221, 0.6078259467
0.9080674610, 0.8039129733
0.4540337305, 0.9019564867
0.2270168653, 0.4509782433
0.6135084326, 0.2254891217
0.8067542163, 0.1127445608
0.4033771082, 0.0563722804
0.7016885541, 0.5281861402
0.3508442770, 0.7640930701
0.6754221385, 0.3820465351
0.8377110693, 0.6910232675
0.9188555346, 0.8455116338
0.9594277673, 0.4227558169
0.9797138837, 0.2113779084
0.9898569418, 0.6056889542
0.4949284709, 0.3028444771
0.2474642355, 0.6514222386
0.1237321177, 0.3257111193
0.0618660589, 0.1628555596
0.5309330294, 0.0814277798
0.7654665147, 0.0407138899
0.8827332574, 0.5203569450
0.9413666287, 0.7601784725
0.9706833143, 0.3800892362
0.4853416572, 0.1900446181
0.7426708286, 0.0950223091
0.8713354143, 0.0475111545
0.9356677071, 0.0237555773
0.4678338536, 0.5118777886
0.2339169268, 0.7559388943
0.6169584634, 0.8779694472
0.8084792317, 0.9389847236
0.9042396158, 0.4694923618
0.4521198079, 0.7347461809
0.2260599040, 0.8673730904
0.1130299520, 0.4336865452
0.5565149760, 0.7168432726
0.2782574880, 0.3584216363
0.1391287440, 0.6792108182
0.0695643720, 0.3396054091
0.0347821860, 0.1698027045
0.5173910930, 0.0849013523
0.7586955465, 0.5424506761
0.8793477732, 0.7712253381
0.9396738866, 0.8856126690
0.9698369433, 0.9428063345
0.4849184717, 0.9714031673
0.2424592358, 0.4857015836
0.6212296179, 0.7428507918
0.8106148090, 0.3714253959
0.9053074045, 0.6857126980
0.9526537022, 0.8428563490
0.4763268511, 0.9214281745
0.7381634256, 0.4607140872
0.8690817128, 0.7303570436
0.9345408564, 0.3651785218
0.4672704282, 0.1825892609
0.7336352141, 0.0912946305
0.8668176070, 0.0456473152
0.9334088035, 0.5228236576
0.4667044018, 0.2614118288
0.2333522009, 0.1307059144
0.6166761004, 0.5653529572
0.8083380502, 0.2826764786
0.4041690251, 0.1413382393
0.2020845126, 0.5706691197
0.1010422563, 0.2853345598
0.0505211281, 0.1426672799
0.5252605641, 0.0713336400
0.7626302820, 0.5356668200
0.8813151410, 0.7678334100
0.4406575705, 0.8839167050
0.2203287853, 0.4419583525
0.6101643926, 0.2209791762
0.3050821963, 0.1104895881
0.1525410982, 0.0552447941
0.5762705491, 0.0276223970
0.2881352745, 0.0138111985
0.1440676373, 0.0069055993
0.0720338186, 0.5034527996
0.0360169093, 0.2517263998
0.5180084547, 0.6258631999
0.2590042273, 0.3129316000
0.6295021137, 0.1564658000
0.3147510568, 0.0782329000
0.1573755284, 0.5391164500
0.5786877642, 0.2695582250
0.2893438821, 0.1347791125
0.6446719411, 0.0673895562
0.3223359705, 0.5336947781
0.1611679853, 0.2668473891
0.0805839926, 0.1334236945
0.5402919963, 0.5667118473
0.2701459982, 0.2833559236
0.6350729991, 0.6416779618
0.8175364995, 0.3208389809
0.9087682498, 0.1604194905
0.9543841249, 0.5802097452
0.9771920624, 0.7901048726
0.4885960312, 0.3950524363
0.7442980156, 0.6975262182
0.3721490078, 0.3487631091
0.1860745039, 0.1743815545
0.0930372520, 0.0871907773
0.0465186260, 0.5435953886
0.0232593130, 0.2717976943
0.0116296565, 0.1358988472
0.0058148282, 0.5679494236
0.0029074141, 0.2839747118
0.5014537071, 0.1419873559
0.2507268535, 0.0709936779
0.6253634268, 0.0354968390
0.8126817134, 0.0177484195
0.9063408567, 0.5088742097
0.4531704283, 0.2544371049
0.7265852142, 0.6272185524
0.8632926071, 0.8136092762
0.4316463035, 0.4068046381
0.2158231518, 0.7034023191
0.1079115759, 0.3517011595
0.0539557879, 0.6758505798
0.0269778940, 0.3379252899
0.0134889470, 0.1689626449
0.5067444735, 0.5844813225
0.2533722367, 0.2922406612
0.1266861184, 0.1461203306
0.5633430592, 0.0730601653
0.2816715296, 0.5365300827
0.6408357648, 0.2682650413
0.8204178824, 0.6341325207
0.4102089412, 0.3170662603
0.2051044706, 0.1585331302
0.6025522353, 0.0792665651
0.8012761176, 0.5396332825
0.9006380588, 0.2698166413
0.9503190294, 0.6349083206
0.4751595147, 0.8174541603
0.2375797574, 0.9087270802
0.6187898787, 0.4543635401
0.8093949393, 0.7271817700
0.4046974697, 0.8635908850
0.2023487348, 0.4317954425
0.6011743674, 0.2158977213
0.8005871837, 0.1079488606
0.4002935919, 0.0539744303
0.2001467959, 0.0269872152
0.6000733980, 0.0134936076
0.8000366990, 0.5067468038
0.9000183495, 0.7533734019
0.9500091747, 0.3766867009
0.9750045874, 0.1883433505
0.4875022937, 0.5941716752
0.7437511468, 0.2970858376
0.8718755734, 0.1485429188
0.9359377867, 0.5742714594
0.4679688934, 0.7871357297
0.7339844467, 0.3935678649
0.8669922233, 0.1967839324
0.9334961117, 0.0983919662
0.4667480558, 0.0491959831
0.2333740279, 0.5245979916
0.1166870140, 0.7622989958
0.0583435070, 0.3811494979
0.5291717535, 0.1905747489
0.2645858767, 0.0952873745
0.1322929384, 0.0476436872
0.5661464692, 0.0238218436
0.7830732346, 0.5119109218
0.3915366173, 0.2559554609
0.1957683086, 0.6279777305
0.5978841543, 0.3139888652
0.7989420772, 0.6569944326
0.3994710386, 0.3284972163
0.6997355193, 0.1642486082
0.8498677596, 0.5821243041
0.9249338798, 0.7910621520
0.9624669399, 0.8955310760
0.4812334700, 0.9477655380
0.2406167350, 0.9738827690
0.1203083675, 0.4869413845
0.0601541837, 0.2434706923
0.5300770919, 0.6217353461
0.7650385459, 0.3108676731
0.3825192730, 0.1554338365
0.1912596365, 0.0777169183
0.5956298182, 0.0388584591
0.7978149091, 0.5194292296
0.8989074546, 0.7597146148
0.9494537273, 0.3798573074
0.4747268636, 0.6899286537
0.2373634318, 0.3449643268
0.6186817159, 0.6724821634
0.8093408580, 0.8362410817
0.4046704290, 0.9181205409
0.7023352145, 0.4590602704
0.8511676072, 0.2295301352
0.4255838036, 0.6147650676
0.2127919018, 0.3073825338
0.6063959509, 0.1536912669
0.3031979755, 0.0768456335
0.1515989877, 0.5384228167
0.0757994939, 0.2692114084
0.0378997469, 0.1346057042
0.5189498735, 0.5673028521
0.2594749367, 0.2836514260
0.6297374684, 0.1418257130
0.8148687342, 0.0709128565
0.9074343671, 0.0354564283
0.9537171835, 0.0177282141
0.4768585918, 0.5088641071
0.2384292959, 0.2544320535
0.1192146479, 0.1272160268
0.0596073240, 0.0636080134
0.0298036620, 0.0318040067
0.5149018310, 0.0159020033
0.2574509155, 0.0079510017
0.6287254577, 0.5039755008
0.3143627289, 0.2519877504
0.1571813644, 0.1259938752
0.0785906822, 0.0629969376
0.0392953411, 0.0314984688
0.5196476706, 0.5157492344
0.7598238353, 0.7578746172
0.8799119176, 0.8789373086
0.4399559588, 0.4394686543
0.2199779794, 0.2197343272
0.1099889897, 0.1098671636
0.5549944949, 0.5549335818
0.7774972474, 0.7774667909
0.8887486237, 0.3887333954
0.4443743119, 0.1943666977
0.7221871559, 0.5971833489
0.8610935780, 0.2985916744
0.4305467890, 0.1492958372
0.2152733945, 0.0746479186
0.1076366972, 0.0373239593
0.0538183486, 0.0186619797
0.5269091743, 0.0093309898
0.2634545872, 0.5046654949
0.1317272936, 0.2523327475
0.5658636468, 0.6261663737
0.7829318234, 0.3130831869
0.8914659117, 0.1565415934
0.9457329558, 0.5782707967
0.4728664779, 0.2891353984
0.7364332390, 0.6445676992
0.8682166195, 0.3222838496
0.9341083097, 0.1611419248
0.9670541549, 0.5805709624
0.4835270774, 0.2902854812
0.2417635387, 0.1451427406
0.6208817694, 0.0725713703
0.8104408847, 0.5362856851
0.4052204423, 0.7681428426
0.2026102212, 0.8840714213
0.1013051106, 0.9420357106
0.0506525553, 0.9710178553
0.5253262776, 0.4855089277
0.2626631388, 0.2427544638
0.1313315694, 0.1213772319
0.5656657847, 0.0606886160
0.7828328924, 0.0303443080
0.3914164462, 0.0151721540
0.1957082231, 0.5075860770
0.0978541115, 0.7537930385
0.0489270558, 0.3768965192
0.0244635279, 0.6884482596
0.5122317639, 0.3442241298
0.2561158820, 0.1721120649
0.6280579410, 0.0860560325
0.8140289705, 0.5430280162
0.4070144852, 0.2715140081
0.2035072426, 0.1357570041
0.6017536213, 0.5678785020
0.3008768107, 0.2839392510
0.6504384053, 0.6419696255
0.8252192027, 0.3209848128
0.9126096013, 0.6604924064
0.9563048007, 0.3302462032
0.9781524003, 0.1651231016
0.4890762002, 0.5825615508
0.2445381001, 0.7912807754
0.6222690500, 0.3956403877
0.8111345250, 0.6978201938
0.9055672625, 0.3489100969
0.9527836313, 0.1744550485
0.4763918156, 0.0872275242
0.7381959078, 0.0436137621
0.3690979539, 0.5218068811
0.1845489770, 0.7609034405
0.5922744885, 0.3804517203
0.7961372442, 0.6902258601
0.3980686221, 0.3451129301
0.6990343111, 0.1725564650
0.8495171555, 0.5862782325
0.4247585778, 0.7931391163
0.7123792889, 0.3965695581
0.3561896444, 0.1982847791
0.6780948222, 0.5991423895
0.8390474111, 0.2995711948
0.9195237056, 0.6497855974
0.4597618528, 0.3248927987
0.7298809264, 0.6624463993
0.8649404632, 0.8312231997
0.9324702316, 0.4156115998
0.9662351158, 0.7078057999
0.4831175579, 0.3539029000
0.7415587789, 0.1769514500
0.8707793895, 0.5884757250
0.9353896947, 0.2942378625
0.9676948474, 0.6471189312
0.9838474237, 0.3235594656
0.9919237118, 0.6617797328
0.9959618559, 0.3308898664
0.4979809280, 0.1654449332
0.7489904640, 0.0827224666
0.8744952320, 0.5413612333
0.4372476160, 0.7706806167
0.2186238080, 0.3853403083
0.6093119040, 0.6926701542
0.8046559520, 0.8463350771
0.9023279760, 0.9231675385
0.4511639880, 0.4615837693
0.2255819940, 0.7307918846
0.1127909970, 0.3653959423
0.0563954985, 0.1826979712
0.5281977492, 0.0913489856
0.7640988746, 0.0456744928
0.8820494373, 0.5228372464
0.9410247187, 0.7614186232
0.4705123593, 0.8807093116
0.2352561797, 0.4403546558
0.6176280898, 0.2201773279
0.8088140449, 0.6100886639
0.9044070225, 0.8050443320
0.9522035112, 0.4025221660
0.9761017556, 0.2012610830
0.4880508778, 0.6006305415
0.2440254389, 0.3003152707
0.1220127195, 0.1501576354
0.0610063597, 0.0750788177
0.5305031799, 0.0375394088
0.2652515899, 0.5187697044
0.6326257950, 0.7593848522
0.8163128975, 0.8796924261
0.4081564487, 0.9398462131
0.2040782244, 0.9699231065
0.1020391122, 0.4849615533
0.5510195561, 0.2424807766
0.7755097780, 0.6212403883
0.8877548890, 0.8106201942
0.9438774445, 0.9053100971
0.9719387223, 0.4526550485
0.9859693611, 0.7263275243
0.9929846806, 0.3631637621
0.4964923403, 0.6815818811
0.2482461701, 0.8407909405
0.6241230851, 0.4203954703
0.8120615425, 0.2101977351
0.4060307713, 0.6050988676
0.2030153856, 0.3025494338
0.1015076928, 0.1512747169
0.0507538464, 0.5756373584
0.0253769232, 0.7878186792
0.0126884616, 0.3939093396
0.5063442308, 0.6969546698
0.2531721154, 0.3484773349
0.1265860577, 0.1742386675
0.5632930289, 0.0871193337
0.2816465144, 0.5435596669
0.6408232572, 0.2717798334
0.3204116286, 0.1358899167
0.6602058143, 0.5679449584
0.3301029072, 0.2839724792
0.6650514536, 0.6419862396
0.8325257268, 0.3209931198
0.4162628634, 0.1604965599
0.7081314317, 0.0802482799
0.3540657158, 0.5401241400
0.1770328579, 0.2700620700
0.0885164290, 0.1350310350
0.0442582145, 0.0675155175
0.5221291072, 0.0337577587
0.2610645536, 0.0168788794
0.6305322768, 0.5084394397
0.8152661384, 0.7542197198
0.4076330692, 0.3771098599
0.7038165346, 0.1885549300
0.3519082673, 0.0942774650
0.6759541337, 0.0471387325
0.3379770668, 0.0235693662
0.6689885334, 0.0117846831
0.3344942667, 0.0058923416
0.6672471334, 0.0029461708
0.8336235667, 0.5014730854
0.4168117833, 0.7507365427
0.2084058917, 0.3753682713
0.6042029458, 0.6876841357
0.3021014729, 0.8438420678
0.6510507365, 0.9219210339
0.8255253682, 0.9609605170
0.4127626841, 0.4804802585
0.7063813421, 0.7402401292
0.8531906710, 0.3701200646
0.9265953355, 0.1850600323
0.9632976678, 0.0925300162
0.9816488339, 0.0462650081
0.9908244169, 0.0231325040
0.9954122085, 0.5115662520
0.9977061042, 0.7557831260
0.4988530521, 0.3778915630
0.7494265261, 0.6889457815
0.3747132630, 0.3444728908
0.1873566315, 0.6722364454
0.0936783158, 0.3361182227
0.0468391579, 0.1680591113
0.5234195789, 0.0840295557
0.2617097895, 0.5420147778
0.1308548947, 0.7710073889
0.0654274474, 0.3855036945
0.0327137237, 0.6927518472
0.5163568618, 0.8463759236
0.2581784309, 0.9231879618
0.1290892155, 0.9615939809
0.0645446077, 0.9807969905
0.0322723039, 0.9903984952
0.0161361519, 0.4951992476
0.0080680760, 0.2475996238
0.5040340380, 0.1237998119
0.7520170190, 0.5618999060
0.3760085095, 0.2809499530
0.1880042547, 0.6404749765
0.5940021274, 0.8202374882
0.7970010637, 0.9101187441
0.8985005318, 0.9550593721
0.4492502659, 0.4775296860
0.2246251330, 0.7387648430
0.1123125665, 0.3693824215
0.5561562832, 0.6846912108
0.7780781416, 0.8423456054
0.3890390708, 0.9211728027
0.1945195354, 0.4605864013
0.5972597677, 0.7302932007
0.7986298839, 0.3651466003
0.8993149419, 0.1825733002
0.9496574710, 0.5912866501
0.9748287355, 0.2956433250
0.9874143677, 0.6478216625
0.9937071839, 0.8239108313
0.9968535919, 0.4119554156
0.4984267960, 0.7059777078
0.2492133980, 0.8529888539
0.1246066990, 0.4264944270
0.5623033495, 0.7132472135
0.7811516747, 0.3566236067
0.3905758374, 0.1783118034
0.6952879187, 0.0891559017
0.3476439593, 0.5445779508
0.6738219797, 0.2722889754
0.8369109898, 0.1361444877
0.4184554949, 0.5680722439
0.7092277475, 0.2840361219
0.3546138737, 0.1420180610
0.1773069369, 0.0710090305
0.5886534684, 0.0355045152
0.7943267342, 0.5177522576
0.8971633671, 0.7588761288
0.9485816836, 0.8794380644
0.9742908418, 0.9397190322
0.4871454209, 0.9698595161
0.2435727104, 0.4849297581
0.6217863552, 0.2424648790
0.3108931776, 0.1212324395
0.6554465888, 0.0606162198
0.8277232944, 0.5303081099
0.9138616472, 0.7651540549
0.9569308236, 0.8825770275
0.9784654118, 0.9412885137
0.9892327059, 0.4706442569
0.4946163530, 0.2353221284
0.2473081765, 0.1176610642
0.1236540882, 0.0588305321
0.0618270441, 0.0294152661
0.5309135221, 0.5147076330
0.7654567610, 0.7573538165
0.8827283805, 0.8786769083
0.9413641903, 0.4393384541
0.9706820951, 0.2196692271
0.9853410476, 0.1098346135
0.9926705238, 0.0549173068
0.4963352619, 0.5274586534
0.7481676309, 0.7637293267
0.8740838155, 0.3818646633
0.9370419077, 0.1909323317
0.9685209539, 0.0954661658
0.4842604769, 0.0477330829
0.7421302385, 0.5238665415
0.3710651192, 0.2619332707
0.6855325596, 0.1309666354
0.3427662798, 0.0654833177
0.1713831399, 0.5327416588
0.5856915700, 0.7663708294
0.7928457850, 0.8831854147
0.8964228925, 0.4415927074
0.4482114462, 0.2207963537
0.2241057231, 0.1103981768
0.1120528616, 0.5551990884
0.5560264308, 0.7775995442
0.7780132154, 0.8887997721
0.8890066077, 0.4443998861
0.9445033038, 0.7221999430
0.9722516519, 0.3610999715
0.9861258260, 0.1805499858
0.9930629130, 0.0902749929
0.9965314565, 0.5451374964
0.9982657282, 0.7725687482
0.4991328641, 0.3862843741
0.7495664321, 0.1931421871
0.3747832160, 0.0965710935
0.6873916080, 0.5482855468
0.8436958040, 0.7741427734
0.4218479020, 0.3870713867
0.2109239510, 0.1935356933
0.6054619755, 0.5967678467
0.3027309878, 0.2983839233
0.1513654939, 0.1491919617
0.0756827469, 0.5745959808
0.5378413735, 0.2872979904
0.2689206867, 0.1436489952
0.1344603434, 0.0718244976
0.0672301717, 0.0359122488
0.0336150858, 0.0179561244
0.5168075429, 0.5089780622
0.7584037715, 0.2544890311
0.3792018857, 0.1272445156
0.1896009429, 0.5636222578
0.5948004714, 0.2818111289
0.2974002357, 0.1409055644
0.6487001179, 0.5704527822
0.3243500589, 0.7852263911
0.6621750295, 0.3926131956
0.3310875147, 0.6963065978
0.1655437574, 0.3481532989
0.0827718787, 0.1740766494
0.5413859393, 0.5870383247
0.7706929697, 0.7935191624
0.3853464848, 0.3967595812
0.6926732424, 0.6983797906
0.8463366212, 0.3491898953
0.9231683106, 0.6745949476
0.9615841553, 0.8372974738
0.9807920777, 0.9186487369
0.9903960388, 0.4593243685
0.9951980194, 0.2296621842
0.9975990097, 0.1148310921
0.9987995049, 0.5574155461
0.4993997524, 0.2787077730
0.7496998762, 0.6393538865
0.3748499381, 0.3196769433
0.6874249691, 0.1598384716
0.8437124845, 0.5799192358
0.4218562423, 0.2899596179
0.7109281211, 0.1449798090
0.8554640606, 0.0724899045
0.9277320303, 0.0362449522
0.9638660151, 0.5181224761
0.9819330076, 0.7590612381
0.9909665038, 0.8795306190
0.4954832519, 0.4397653095
0.2477416259, 0.7198826548
0.1238708130, 0.8599413274
0.0619354065, 0.9299706637
0.0309677032, 0.9649853318
0.0154838516, 0.4824926659
0.0077419258, 0.2412463330
0.5038709629, 0.1206231665
0.7519354815, 0.5603115832
0.8759677407, 0.7801557916
0.4379838704, 0.3900778958
0.7189919352, 0.1950389479
0.8594959676, 0.5975194740
0.9297479838, 0.7987597370
0.4648739919, 0.3993798685
0.2324369959, 0.6996899342
0.1162184980, 0.3498449671
0.5581092490, 0.6749224836
0.2790546245, 0.3374612418
0.6395273122, 0.6687306209
0.3197636561, 0.3343653104
0.1598818281, 0.6671826552
0.5799409140, 0.8335913276
0.7899704570, 0.9167956638
0.3949852285, 0.4583978319
0.1974926143, 0.7291989160
0.0987463071, 0.3645994580
0.0493731536, 0.1822997290
0.0246865768, 0.5911498645
0.0123432884, 0.2955749322
0.5061716442, 0.6477874661
0.7530858221, 0.3238937331
0.8765429110, 0.1619468665
0.9382714555, 0.0809734333
0.4691357278, 0.5404867166
0.7345678639, 0.2702433583
0.3672839319, 0.6351216792
0.6836419660, 0.3175608396
0.8418209830, 0.6587804198
0.9209104915, 0.3293902099
0.9604552457, 0.6646951049
0.4802276229, 0.3323475525
0.2401138114, 0.1661737762
0.6200569057, 0.5830868881
0.3100284529, 0.7915434441
0.1550142264, 0.3957717220
0.0775071132, 0.1978858610
0.5387535566, 0.5989429305
0.2693767783, 0.2994714653
0.1346883892, 0.6497357326
0.0673441946, 0.3248678663
0.5336720973, 0.1624339332
0.7668360486, 0.0812169666
0.8834180243, 0.5406084833
0.9417090122, 0.2703042416
0.9708545061, 0.1351521208
0.9854272530, 0.5675760604
0.4927136265, 0.7837880302
0.2463568133, 0.3918940151
0.1231784066, 0.1959470076
0.5615892033, 0.0979735038
0.2807946017, 0.0489867519
0.1403973008, 0.0244933759
0.0701986504, 0.5122466880
0.5350993252, 0.2561233440
0.7675496626, 0.6280616720
0.3837748313, 0.3140308360
0.6918874157, 0.1570154180
0.8459437078, 0.0785077090
0.9229718539, 0.5392538545
0.9614859270, 0.7696269272
0.9807429635, 0.3848134636
0.4903714817, 0.6924067318
0.2451857409, 0.3462033659
0.6225928704, 0.6731016830
0.8112964352, 0.8365508415
0.4056482176, 0.4182754207
0.7028241088, 0.2091377104
0.3514120544, 0.1045688552
0.6757060272, 0.0522844276
0.3378530136, 0.0261422138
0.6689265068, 0.5130711069
0.3344632534, 0.7565355534
0.6672316267, 0.8782677767
0.8336158134, 0.9391338884
0.4168079067, 0.4695669442
0.2084039533, 0.2347834721
0.6042019767, 0.6173917360
0.8021009883, 0.3086958680
0.9010504942, 0.1543479340
0.9505252471, 0.0771739670
0.9752626235, 0.0385869835
0.9876313118, 0.5192934918
0.9938156559, 0.2596467459
0.9969078279, 0.1298233729
0.4984539140, 0.5649116865
0.2492269570, 0.2824558432
0.6246134785, 0.6412279216
0.3123067392, 0.8206139608
0.1561533696, 0.4103069804
0.0780766848, 0.7051534902
0.0390383424, 0.8525767451
0.0195191712, 0.9262883726
0.0097595856, 0.4631441863
0.5048797928, 0.7315720931
0.2524398964, 0.3657860466
0.1262199482, 0.1828930233
0.0631099741, 0.5914465116
0.5315549871, 0.2957232558
0.7657774935, 0.6478616279
0.3828887468, 0.3239308140
0.1914443734, 0.6619654070
0.0957221867, 0.3309827035
0.5478610933, 0.6654913517
0.7739305467, 0.8327456759
0.3869652733, 0.4163728379
0.1934826367, 0.7081864190
0.5967413183, 0.3540932095
0.2983706592, 0.1770466047
0.6491853296, 0.5885233024
0.3245926648, 0.2942616512
0.1622963324, 0.6471308256
0.5811481662, 0.3235654128
0.7905740831, 0.6617827064
0.3952870415, 0.8308913532
0.1976435208, 0.4154456766
0.5988217604, 0.2077228383
0.7994108802, 0.6038614191
0.3997054401, 0.8019307096
0.6998527200, 0.9009653548
0.3499263600, 0.4504826774
0.1749631800, 0.7252413387
0.0874815900, 0.8626206693
0.5437407950, 0.4313103347
0.7718703975, 0.2156551673
0.8859351988, 0.6078275837
0.4429675994, 0.8039137918
0.7214837997, 0.4019568959
0.8607418998, 0.2009784480
0.9303709499, 0.1004892240
0.9651854750, 0.0502446120
0.9825927375, 0.5251223060
0.9912963687, 0.7625611530
0.9956481844, 0.8812805765
0.9978240922, 0.4406402882
0.9989120461, 0.2203201441
0.9994560230, 0.6101600721
0.4997280115, 0.3050800360
0.7498640058, 0.6525400180
0.3749320029, 0.8262700090
0.6874660014, 0.4131350045
0.3437330007, 0.2065675023
0.1718665004, 0.1032837511
0.5859332502, 0.0516418756
0.2929666251, 0.5258209378
0.1464833125, 0.2629104689
0.5732416563, 0.6314552344
0.2866208281, 0.3157276172
0.6433104141, 0.6578638086
0.8216552070, 0.8289319043
0.4108276035, 0.4144659522
0.2054138018, 0.2072329761
0.6027069009, 0.6036164880
0.3013534504, 0.3018082440
0.1506767252, 0.6509041220
0.0753383626, 0.8254520610
0.0376691813, 0.9127260305
0.0188345907, 0.4563630153
0.0094172953, 0.2281815076
0.5047086477, 0.6140907538
0.7523543238, 0.8070453769
0.3761771619, 0.4035226885
0.6880885810, 0.7017613442
0.3440442905, 0.3508806721
0.1720221452, 0.1754403361
0.5860110726, 0.0877201680
0.2930055363, 0.0438600840
0.1465027682, 0.5219300420
0.0732513841, 0.2609650210
0.0366256920, 0.1304825105
0.5183128460, 0.0652412553
0.2591564230, 0.5326206276
0.6295782115, 0.2663103138
0.8147891058, 0.6331551569
0.9073945529, 0.8165775785
0.4536972764, 0.4082887892
0.2268486382, 0.7041443946
0.1134243191, 0.8520721973
0.0567121596, 0.4260360987
0.5283560798, 0.7130180493
0.7641780399, 0.3565090247
0.8820890199, 0.6782545123
0.9410445100, 0.8391272562
0.4705222550, 0.4195636281
0.2352611275, 0.2097818140
0.6176305637, 0.6048909070
0.3088152819, 0.8024454535
0.1544076409, 0.4012227268
0.5772038205, 0.7006113634
0.2886019102, 0.8503056817
0.1443009551, 0.4251528408
0.5721504776, 0.2125764204
0.7860752388, 0.1062882102
0.8930376194, 0.0531441051
0.4465188097, 0.5265720526
0.7232594048, 0.2632860263
0.8616297024, 0.1316430131
0.9308148512, 0.0658215066
0.9654074256, 0.0329107533
0.9827037128, 0.0164553766
0.9913518564, 0.5082276883
0.9956759282, 0.2541138442
0.9978379641, 0.6270569221
0.9989189821, 0.8135284610
0.9994594910, 0.9067642305
0.9997297455, 0.9533821153
0.9998648728, 0.4766910576
0.4999324364, 0.2383455288
0.2499662182, 0.1191727644
0.1249831091, 0.0595863822
0.5624915545, 0.0297931911
0.2812457773, 0.0148965956
0.6406228886, 0.5074482978
0.3203114443, 0.7537241489
0.6601557222, 0.8768620744
0.3300778611, 0.4384310372
0.1650389305, 0.7192155186
0.0825194653, 0.3596077593
0.0412597326, 0.6798038797
0.5206298663, 0.3399019398
0.7603149332, 0.6699509699
0.8801574666, 0.3349754850
0.9400787333, 0.6674877425
0.9700393666, 0.8337438712
0.9850196833, 0.9168719356
0.9925098417, 0.4584359678
0.9962549208, 0.2292179839
0.9981274604, 0.6146089920
0.9990637302, 0.8073044960
0.9995318651, 0.4036522480
0.4997659326, 0.7018261240
0.7498829663, 0.3509130620
0.8749414831, 0.1754565310
0.9374707416, 0.5877282655
0.9687353708, 0.7938641327
0.4843676854, 0.8969320664
0.2421838427, 0.9484660332
0.1210919213, 0.4742330166
0.5605459607, 0.7371165083
0.2802729803, 0.3685582541
0.1401364902, 0.6842791271
0.5700682451, 0.8421395635
0.7850341225, 0.9210697818
0.8925170613, 0.4605348909
0.9462585306, 0.7302674454
0.4731292653, 0.8651337227
0.7365646327, 0.4325668614
0.8682823163, 0.7162834307
0.4341411582, 0.3581417153
0.7170705791, 0.6790708577
0.8585352895, 0.3395354288
0.9292676448, 0.1697677144
0.9646338224, 0.5848838572
0.4823169112, 0.7924419286
0.2411584556, 0.8962209643
0.1205792278, 0.4481104822
0.5602896139, 0.2240552411
0.7801448069, 0.1120276205
0.3900724035, 0.5560138103
0.1950362017, 0.2780069051
0.0975181009, 0.6390034526
0.0487590504, 0.8195017263
0.0243795252, 0.4097508631
0.5121897626, 0.2048754316
0.7560948813, 0.1024377158
0.8780474407, 0.5512188579
0.4390237203, 0.2756094289
0.2195118602, 0.6378047145
0.1097559301, 0.3189023572
0.0548779650, 0.1594511786
0.5274389825, 0.5797255893
0.7637194913, 0.2898627947
0.3818597456, 0.1449313973
0.6909298728, 0.5724656987
0.8454649364, 0.2862328493
0.9227324682, 0.1431164247
0.9613662341, 0.0715582123
0.9806831171, 0.5357791062
0.9903415585, 0.2678895531
0.9951707793, 0.1339447765
0.4975853896, 0.5669723883
0.2487926948, 0.2834861941
0.1243963474, 0.1417430971
0.0621981737, 0.0708715485
0.0310990869, 0.0354357743
0.0155495434, 0.0177178871
0.0077747717, 0.0088589436
0.0038873859, 0.5044294718
0.5019436929, 0.2522147359
