0.2500000000, 0.2500000000
0.6250000000, 0.1250000000
0.8125000000, 0.5625000000
0.4062500000, 0.2812500000
0.2031250000, 0.1406250000
0.6015625000, 0.0703125000
0.3007812500, 0.5351562500
0.1503906250, 0.7675781250
0.0751953125, 0.3837890625
0.0375976562, 0.1918945312
0.0187988281, 0.0959472656
0.5093994141, 0.0479736328
0.2546997070, 0.5239868164
0.1273498535, 0.2619934082
0.5636749268, 0.6309967041
0.2818374634, 0.3154983521
0.1409187317, 0.1577491760
0.5704593658, 0.5788745880
0.2852296829, 0.2894372940
0.6426148415, 0.1447186470
0.3213074207, 0.0723593235
0.1606537104, 0.0361796618
0.5803268552, 0.0180898309
0.2901634276, 0.0090449154
0.1450817138, 0.0045224577
0.0725408569, 0.5022612289
0.0362704284, 0.7511306144
0.0181352142, 0.3755653072
0.5090676071, 0.1877826536
0.7545338036, 0.0938913268
0.8772669018, 0.5469456634
0.9386334509, 0.7734728317
0.9693167254, 0.8867364159
0.9846583627, 0.4433682079
0.4923291814, 0.7216841040
0.2461645907, 0.3608420520
0.1230822953, 0.1804210260
0.5615411477, 0.0902105130
0.2807705738, 0.5451052565
0.6403852869, 0.2725526282
0.8201926435, 0.6362763141
0.9100963217, 0.3181381571
0.4550481609, 0.1590690785
0.7275240804, 0.0795345393
0.8637620402, 0.5397672696
0.9318810201, 0.7698836348
0.9659405101, 0.3849418174
0.4829702550, 0.1924709087
0.2414851275, 0.0962354544
0.6207425638, 0.0481177272
0.8103712819, 0.0240588636
0.9051856409, 0.5120294318
0.9525928205, 0.7560147159
0.4762964102, 0.3780073579
0.2381482051, 0.1890036790
0.6190741026, 0.0945018395
0.3095370513, 0.0472509197
0.6547685256, 0.5236254599
0.8273842628, 0.2618127299
0.9136921314, 0.1309063650
0.4568460657, 0.0654531825
0.7284230329, 0.5327265912
0.3642115164, 0.7663632956
0.6821057582, 0.3831816478
0.8410528791, 0.1915908239
0.4205264396, 0.0957954120
0.2102632198, 0.0478977060
0.6051316099, 0.0239488530
0.8025658049, 0.5119744265
0.9012829025, 0.2559872132
0.9506414512, 0.1279936066
0.4753207256, 0.0639968033
0.2376603628, 0.5319984017
0.1188301814, 0.2659992008
0.0594150907, 0.1329996004
0.0297075454, 0.0664998002
0.5148537727, 0.0332499001
0.7574268863, 0.0166249501
0.8787134432, 0.5083124750
0.9393567216, 0.7541562375
0.9696783608, 0.8770781188
0.4848391804, 0.4385390594
0.2424195902, 0.2192695297
0.1212097951, 0.6096347648
0.0606048975, 0.3048173824
0.5303024488, 0.1524086912
0.2651512244, 0.0762043456
0.1325756122, 0.0381021728
0.5662878061, 0.0190510864
0.2831439030, 0.5095255432
0.6415719515, 0.2547627716
0.3207859758, 0.6273813858
0.1603929879, 0.3136906929
0.0801964939, 0.1568453465
0.5400982470, 0.0784226732
0.2700491235, 0.0392113366
0.6350245617, 0.0196056683
0.8175122809, 0.5098028342
0.9087561404, 0.7549014171
0.9543780702, 0.8774507085
0.9771890351, 0.4387253543
0.4885945176, 0.7193626771
0.2442972588, 0.3596813386
0.6221486294, 0.6798406693
0.8110743147, 0.3399203346
0.4055371573, 0.6699601673
0.2027685787, 0.3349800837
0.6013842893, 0.1674900418
0.8006921447, 0.0837450209
0.4003460723, 0.5418725105
0.2001730362, 0.2709362552
0.1000865181, 0.1354681276
0.0500432590, 0.5677340638
0.5250216295, 0.2838670319
0.2625108148, 0.6419335160
0.1312554074, 0.3209667580
0.0656277037, 0.1604833790
0.0328138518, 0.0802416895
0.0164069259, 0.5401208447
0.0082034630, 0.2700604224
0.5041017315, 0.6350302112
0.7520508657, 0.8175151056
0.8760254329, 0.9087575528
0.4380127164, 0.4543787764
0.2190063582, 0.2271893882
0.6095031791, 0.1135946941
0.3047515896, 0.5567973470
0.1523757948, 0.2783986735
0.0761878974, 0.1391993368
0.0380939487, 0.5695996684
0.0190469743, 0.2847998342
0.0095234872, 0.6423999171
0.0047617436, 0.8211999585
0.0023808718, 0.4105999793
0.0011904359, 0.2052999896
0.5005952179, 0.6026499948
0.2502976090, 0.3013249974
0.6251488045, 0.1506624987
0.8125744022, 0.5753312494
0.4062872011, 0.2876656247
0.2031436006, 0.1438328123
0.1015718003, 0.5719164062
0.0507859001, 0.7859582031
0.0253929501, 0.3929791015
0.0126964750, 0.1964895508
0.5063482375, 0.0982447754
0.2531741188, 0.5491223877
0.1265870594, 0.2745611938
0.5632935297, 0.6372805969
0.2816467648, 0.3186402985
0.1408233824, 0.1593201492
0.0704116912, 0.0796600746
0.5352058456, 0.0398300373
0.7676029228, 0.5199150187
0.3838014614, 0.7599575093
0.6919007307, 0.3799787547
0.3459503654, 0.1899893773
0.1729751827, 0.0949946887
0.5864875913, 0.0474973443
0.7932437957, 0.0237486722
0.8966218978, 0.0118743361
0.9483109489, 0.0059371680
0.4741554745, 0.5029685840
0.7370777372, 0.2514842920
0.8685388686, 0.1257421460
0.4342694343, 0.0628710730
0.2171347172, 0.5314355365
0.6085673586, 0.2657177683
0.8042836793, 0.6328588841
0.4021418396, 0.3164294421
0.7010709198, 0.6582147210
0.3505354599, 0.3291073605
0.1752677300, 0.1645536803
0.0876338650, 0.5822768401
0.5438169325, 0.7911384201
0.2719084662, 0.8955692100
0.6359542331, 0.4477846050
0.8179771166, 0.7238923025
0.9089885583, 0.3619461513
0.9544942791, 0.6809730756
0.9772471396, 0.8404865378
0.4886235698, 0.9202432689
0.7443117849, 0.4601216345
0.8721558924, 0.2300608172
0.4360779462, 0.6150304086
0.2180389731, 0.3075152043
0.6090194866, 0.6537576022
0.8045097433, 0.3268788011
0.4022548716, 0.1634394005
0.2011274358, 0.0817197003
0.1005637179, 0.5408598501
0.0502818590, 0.2704299251
0.5251409295, 0.1352149625
0.7625704647, 0.0676074813
0.3812852324, 0.0338037406
0.6906426162, 0.5169018703
0.3453213081, 0.7584509352
0.6726606540, 0.8792254676
0.8363303270, 0.9396127338
0.9181651635, 0.9698063669
0.4590825818, 0.9849031834
0.2295412909, 0.4924515917
0.1147706454, 0.2462257959
0.5573853227, 0.1231128979
0.7786926614, 0.0615564490
0.3893463307, 0.5307782245
0.1946731653, 0.2653891122
0.5973365827, 0.1326945561
0.2986682913, 0.5663472781
0.6493341457, 0.2831736390
0.3246670728, 0.6415868195
0.6623335364, 0.3207934098
0.8311667682, 0.1603967049
0.9155833841, 0.0801983524
0.9577916921, 0.5400991762
0.4788958460, 0.7700495881
0.2394479230, 0.8850247941
0.1197239615, 0.9425123970
0.0598619808, 0.9712561985
0.5299309904, 0.9856280993
0.7649654952, 0.4928140496
0.8824827476, 0.2464070248
0.4412413738, 0.1232035124
0.7206206869, 0.5616017562
0.3603103434, 0.2808008781
0.6801551717, 0.6404004391
0.8400775859, 0.8202002195
0.4200387929, 0.4101001098
0.7100193965, 0.2050500549
0.8550096982, 0.6025250274
0.9275048491, 0.8012625137
0.9637524246, 0.9006312569
0.4818762123, 0.9503156284
0.7409381061, 0.4751578142
0.8704690531, 0.7375789071
0.9352345265, 0.3687894536
0.4676172633, 0.1843947268
0.2338086316, 0.5921973634
0.1169043158, 0.2960986817
0.0584521579, 0.6480493408
0.0292260790, 0.3240246704
0.5146130395, 0.6620123352
0.7573065197, 0.3310061676
0.3786532599, 0.1655030838
0.1893266299, 0.0827515419
0.0946633150, 0.0413757710
0.5473316575, 0.5206878855
0.2736658287, 0.2603439427
0.1368329144, 0.6301719714
0.0684164572, 0.3150859857
0.0342082286, 0.1575429928
0.0171041143, 0.5787714964
0.0085520571, 0.2893857482
0.5042760286, 0.6446928741
0.7521380143, 0.3223464371
0.3760690071, 0.1611732185
0.6880345036, 0.0805866093
0.3440172518, 0.0402933046
0.1720086259, 0.0201466523
0.5860043129, 0.5100733262
0.7930021565, 0.7550366631
0.8965010782, 0.8775183315
0.9482505391, 0.4387591658
0.9741252696, 0.2193795829
0.9870626348, 0.6096897914
0.9935313174, 0.8048448957
0.9967656587, 0.4024224479
0.9983828293, 0.2012112239
0.4991914147, 0.6006056120
0.2495957073, 0.8003028060
0.1247978537, 0.4001514030
0.0623989268, 0.2000757015
0.5311994634, 0.6000378507
0.7655997317, 0.8000189254
0.8827998659, 0.9000094627
0.9413999329, 0.9500047313
0.9706999665, 0.9750023657
0.4853499832, 0.4875011828
0.7426749916, 0.2437505914
0.8713374958, 0.6218752957
0.9356687479, 0.3109376479
0.9678343740, 0.6554688239
0.9839171870, 0.3277344120
0.9919585935, 0.1638672060
0.9959792967, 0.0819336030
0.9979896484, 0.5409668015
0.9989948242, 0.2704834007
0.9994974121, 0.1352417004
0.4997487060, 0.0676208502
0.7498743530, 0.0338104251
0.8749371765, 0.0169052125
0.4374685883, 0.0084526063
0.7187342941, 0.5042263031
0.3593671471, 0.2521131516
0.6796835735, 0.6260565758
0.3398417868, 0.3130282879
0.6699208934, 0.6565141439
0.3349604467, 0.8282570720
0.1674802233, 0.9141285360
0.5837401117, 0.9570642680
0.7918700558, 0.4785321340
0.8959350279, 0.2392660670
0.4479675140, 0.6196330335
0.2239837570, 0.3098165167
0.6119918785, 0.1549082584
0.3059959392, 0.5774541292
0.6529979696, 0.2887270646
0.3264989848, 0.6443635323
0.1632494924, 0.3221817661
0.5816247462, 0.1610908831
0.7908123731, 0.5805454415
0.3954061866, 0.7902727208
0.6977030933, 0.3951363604
0.3488515466, 0.6975681802
0.1744257733, 0.8487840901
0.0872128867, 0.9243920450
0.0436064433, 0.4621960225
0.0218032217, 0.7310980113
0.5109016108, 0.3655490056
0.7554508054, 0.1827745028
0.8777254027, 0.5913872514
0.9388627014, 0.7956936257
0.4694313507, 0.3978468129
0.2347156753, 0.1989234064
0.6173578377, 0.0994617032
0.8086789188, 0.5497308516
0.4043394594, 0.7748654258
0.2021697297, 0.3874327129
0.6010848649, 0.6937163565
0.3005424324, 0.3468581782
0.1502712162, 0.1734290891
0.0751356081, 0.5867145446
0.5375678041, 0.2933572723
0.7687839020, 0.1466786361
0.8843919510, 0.0733393181
0.4421959755, 0.5366696590
0.7210979878, 0.2683348295
0.8605489939, 0.1341674148
0.9302744969, 0.0670837074
0.9651372485, 0.0335418537
0.9825686242, 0.0167709268
0.9912843121, 0.5083854634
0.4956421561, 0.2541927317
0.2478210780, 0.6270963659
0.6239105390, 0.3135481829
0.3119552695, 0.6567740915
0.1559776348, 0.3283870457
0.5779888174, 0.6641935229
0.7889944087, 0.8320967614
0.8944972043, 0.9160483807
0.4472486022, 0.4580241904
0.7236243011, 0.7290120952
0.3618121505, 0.8645060476
0.1809060753, 0.9322530238
0.0904530376, 0.9661265119
0.5452265188, 0.4830632559
0.2726132594, 0.2415316280
0.1363066297, 0.6207658140
0.5681533149, 0.3103829070
0.7840766574, 0.6551914535
0.3920383287, 0.3275957267
0.1960191644, 0.1637978634
0.0980095822, 0.5818989317
0.5490047911, 0.7909494658
0.2745023955, 0.3954747329
0.1372511978, 0.6977373665
0.0686255989, 0.3488686832
0.0343127994, 0.1744343416
0.5171563997, 0.5872171708
0.2585781999, 0.7936085854
0.1292890999, 0.3968042927
0.0646445500, 0.6984021464
0.5323222750, 0.3492010732
0.2661611375, 0.6746005366
0.1330805687, 0.8373002683
0.0665402844, 0.4186501341
0.0332701422, 0.2093250671
0.5166350711, 0.1046625335
0.7583175355, 0.5523312668
0.8791587678, 0.7761656334
0.9395793839, 0.8880828167
0.4697896919, 0.4440414083
0.2348948460, 0.7220207042
0.6174474230, 0.3610103521
0.8087237115, 0.6805051760
0.9043618557, 0.3402525880
0.4521809279, 0.6701262940
0.2260904639, 0.3350631470
0.1130452320, 0.1675315735
0.0565226160, 0.0837657868
0.5282613080, 0.5418828934
0.2641306540, 0.2709414467
0.1320653270, 0.6354707233
0.0660326635, 0.3177353617
0.5330163317, 0.6588676808
0.2665081659, 0.3294338404
0.1332540829, 0.1647169202
0.5666270415, 0.5823584601
0.2833135207, 0.7911792301
0.1416567604, 0.8955896150
0.0708283802, 0.9477948075
0.5354141901, 0.4738974038
0.2677070950, 0.7369487019
0.1338535475, 0.3684743509
0.0669267738, 0.6842371755
0.0334633869, 0.3421185877
0.5167316934, 0.6710592939
0.2583658467, 0.3355296469
0.1291829234, 0.1677648235
0.0645914617, 0.5838824117
0.0322957308, 0.2919412059
0.5161478654, 0.1459706029
0.7580739327, 0.0729853015
0.3790369664, 0.0364926507
0.1895184832, 0.0182463254
0.5947592416, 0.0091231627
0.7973796208, 0.0045615813
0.3986898104, 0.0022807907
0.6993449052, 0.5011403953
0.8496724526, 0.2505701977
0.9248362263, 0.1252850988
0.9624181131, 0.5626425494
0.9812090566, 0.2813212747
0.4906045283, 0.6406606374
0.2453022641, 0.8203303187
0.6226511321, 0.4101651593
0.8113255660, 0.7050825797
0.9056627830, 0.3525412898
0.9528313915, 0.6762706449
0.9764156958, 0.8381353225
0.9882078479, 0.9190676612
0.9941039239, 0.4595338306
0.9970519620, 0.7297669153
0.4985259810, 0.3648834577
0.7492629905, 0.6824417288
0.8746314952, 0.8412208644
0.4373157476, 0.9206104322
0.7186578738, 0.4603052161
0.3593289369, 0.7301526081
0.1796644685, 0.8650763040
0.0898322342, 0.9325381520
0.5449161171, 0.4662690760
0.2724580586, 0.7331345380
0.1362290293, 0.8665672690
0.0681145146, 0.9332836345
0.0340572573, 0.9666418173
0.0170286287, 0.4833209086
0.5085143143, 0.2416604543
0.2542571572, 0.1208302272
0.6271285786, 0.0604151136
0.3135642893, 0.0302075568
0.1567821446, 0.0151037784
0.0783910723, 0.5075518892
0.5391955362, 0.2537759446
0.2695977681, 0.6268879723
0.1347988840, 0.3134439861
0.0673994420, 0.1567219931
0.5336997210, 0.5783609965
0.7668498605, 0.7891804983
0.8834249303, 0.3945902491
0.9417124651, 0.1972951246
0.9708562326, 0.0986475623
0.9854281163, 0.5493237811
0.4927140581, 0.2746618906
0.7463570291, 0.6373309453
0.8731785145, 0.3186654726
0.4365892573, 0.6593327363
0.7182946286, 0.3296663682
0.8591473143, 0.6648331841
0.9295736572, 0.3324165920
0.9647868286, 0.1662082960
0.9823934143, 0.5831041480
0.4911967071, 0.7915520740
0.7455983536, 0.3957760370
0.8727991768, 0.1978880185
0.9363995884, 0.5989440093
0.9681997942, 0.7994720046
0.9840998971, 0.3997360023
0.4920499485, 0.6998680012
0.2460249743, 0.3499340006
0.6230124871, 0.6749670003
0.3115062436, 0.8374835001
0.1557531218, 0.4187417501
0.0778765609, 0.2093708750
0.5389382804, 0.6046854375
0.7694691402, 0.3023427188
0.8847345701, 0.6511713594
0.4423672851, 0.8255856797
0.7211836425, 0.4127928398
0.8605918213, 0.2063964199
0.9302959106, 0.6031982100
0.4651479553, 0.8015991050
0.2325739777, 0.9007995525
0.1162869888, 0.4503997762
0.5581434944, 0.2251998881
0.7790717472, 0.6125999441
0.3895358736, 0.3062999720
0.6947679368, 0.1531499860
0.8473839684, 0.5765749930
0.9236919842, 0.7882874965
0.4618459921, 0.8941437483
0.2309229961, 0.4470718741
0.1154614980, 0.7235359371
0.5577307490, 0.3617679685
0.2788653745, 0.1808839843
0.6394326873, 0.5904419921
0.8197163436, 0.2952209961
0.9098581718, 0.1476104980
0.9549290859, 0.5738052490
0.9774645430, 0.7869026245
0.9887322715, 0.3934513123
0.9943661357, 0.1967256561
0.9971830679, 0.5983628281
0.4985915339, 0.2991814140
0.2492957670, 0.6495907070
0.1246478835, 0.3247953535
0.0623239417, 0.1623976768
0.5311619709, 0.0811988384
0.7655809854, 0.0405994192
0.8827904927, 0.5202997096
0.9413952464, 0.7601498548
0.4706976232, 0.3800749274
0.2353488116, 0.1900374637
0.6176744058, 0.0950187318
0.8088372029, 0.0475093659
0.9044186014, 0.0237546830
0.4522093007, 0.5118773415
0.7261046504, 0.2559386707
0.8630523252, 0.6279693354
0.9315261626, 0.8139846677
0.4657630813, 0.9069923338
0.2328815406, 0.9534961669
0.1164407703, 0.9767480835
0.0582203852, 0.4883740417
0.5291101926, 0.7441870209
0.2645550963, 0.3720935104
0.1322775481, 0.6860467552
0.0661387741, 0.3430233776
0.0330693870, 0.1715116888
0.5165346935, 0.0857558444
0.7582673468, 0.5428779222
0.8791336734, 0.7714389611
0.9395668367, 0.8857194806
0.9697834183, 0.9428597403
0.4848917092, 0.9714298701
0.7424458546, 0.4857149351
0.8712229273, 0.7428574675
0.9356114636, 0.3714287338
0.9678057318, 0.6857143669
0.9839028659, 0.8428571834
0.4919514330, 0.9214285917
0.7459757165, 0.4607142959
0.8729878582, 0.7303571479
0.9364939291, 0.3651785740
0.4682469646, 0.1825892870
0.7341234823, 0.0912946435
0.8670617411, 0.0456473217
0.9335308706, 0.5228236609
0.4667654353, 0.2614118304
0.2333827176, 0.1307059152
0.1166913588, 0.0653529576
0.5583456794, 0.0326764788
0.2791728397, 0.0163382394
0.1395864199, 0.5081691197
0.0697932099, 0.2540845599
0.0348966050, 0.1270422799
0.5174483025, 0.0635211400
0.7587241512, 0.5317605700
0.8793620756, 0.7658802850
0.4396810378, 0.8829401425
0.2198405189, 0.4414700712
0.6099202595, 0.2207350356
0.3049601297, 0.1103675178
0.1524800649, 0.0551837589
0.5762400324, 0.0275918795
0.2881200162, 0.0137959397
0.1440600081, 0.0068979699
0.0720300041, 0.5034489849
0.0360150020, 0.2517244925
0.5180075010, 0.6258622462
0.2590037505, 0.3129311231
0.1295018753, 0.6564655616
0.0647509376, 0.3282327808
0.0323754688, 0.6641163904
0.0161877344, 0.8320581952
0.0080938672, 0.4160290976
0.5040469336, 0.2080145488
0.2520234668, 0.6040072744
0.1260117334, 0.3020036372
0.0630058667, 0.1510018186
0.5315029334, 0.5755009093
0.2657514667, 0.2877504546
0.6328757333, 0.6438752273
0.8164378667, 0.3219376137
0.9082189333, 0.1609688068
0.9541094667, 0.5804844034
0.9770547333, 0.7902422017
0.4885273667, 0.3951211009
0.7442636833, 0.6975605504
0.8721318417, 0.8487802752
0.4360659208, 0.4243901376
0.2180329604, 0.2121950688
0.1090164802, 0.6060975344
0.0545082401, 0.3030487672
0.0272541201, 0.1515243836
0.0136270600, 0.5757621918
0.0068135300, 0.2878810959
0.5034067650, 0.1439405480
0.2517033825, 0.0719702740
0.1258516913, 0.5359851370
0.5629258456, 0.2679925685
0.7814629228, 0.6339962842
0.3907314614, 0.3169981421
0.6953657307, 0.6584990711
0.3476828654, 0.3292495355
0.1738414327, 0.1646247678
0.0869207163, 0.5823123839
0.5434603582, 0.2911561919
0.2717301791, 0.6455780960
0.1358650895, 0.3227890480
0.0679325448, 0.1613945240
0.5339662724, 0.5806972620
0.2669831362, 0.2903486310
0.6334915681, 0.6451743155
0.8167457840, 0.3225871577
0.4083728920, 0.6612935789
0.7041864460, 0.3306467894
0.8520932230, 0.6653233947
0.4260466115, 0.3326616974
0.2130233058, 0.1663308487
0.6065116529, 0.0831654243
0.8032558264, 0.5415827122
0.9016279132, 0.2707913561
0.9508139566, 0.6353956780
0.4754069783, 0.8176978390
0.2377034892, 0.4088489195
0.6188517446, 0.2044244598
0.8094258723, 0.6022122299
0.9047129361, 0.3011061149
0.9523564681, 0.6505530575
0.9761782340, 0.3252765287
0.4880891170, 0.1626382644
0.2440445585, 0.0813191322
0.1220222793, 0.0406595661
0.5610111396, 0.0203297830
0.7805055698, 0.5101648915
0.8902527849, 0.7550824458
0.4451263925, 0.8775412229
0.7225631962, 0.4387706114
0.3612815981, 0.7193853057
0.6806407991, 0.3596926529
0.8403203995, 0.1798463264
0.9201601998, 0.5899231632
0.4600800999, 0.7949615816
0.7300400499, 0.3974807908
0.8650200250, 0.1987403954
0.9325100125, 0.0993701977
0.4662550062, 0.0496850989
0.2331275031, 0.5248425494
0.6165637516, 0.2624212747
0.8082818758, 0.6312106374
0.9041409379, 0.3156053187
0.4520704689, 0.1578026593
0.2260352345, 0.0789013297
0.6130176172, 0.0394506648
0.8065088086, 0.5197253324
0.4032544043, 0.2598626662
0.2016272022, 0.6299313331
0.6008136011, 0.3149656666
0.8004068005, 0.6574828333
0.4002034003, 0.3287414166
0.7001017001, 0.1643707083
0.8500508501, 0.5821853542
0.9250254250, 0.7910926771
0.4625127125, 0.3955463385
0.2312563563, 0.6977731693
0.1156281781, 0.8488865846
0.0578140891, 0.4244432923
0.0289070445, 0.2122216462
0.5144535223, 0.6061108231
0.7572267611, 0.3030554115
0.3786133806, 0.1515277058
0.1893066903, 0.0757638529
0.5946533451, 0.0378819264
0.7973266726, 0.5189409632
0.8986633363, 0.7594704816
0.9493316681, 0.8797352408
0.4746658341, 0.9398676204
0.2373329170, 0.4699338102
0.6186664585, 0.7349669051
0.8093332293, 0.8674834526
0.4046666146, 0.9337417263
0.2023333073, 0.4668708631
0.6011666537, 0.2334354316
0.3005833268, 0.6167177158
0.1502916634, 0.3083588579
0.5751458317, 0.1541794289
0.2875729159, 0.0770897145
0.6437864579, 0.0385448572
0.3218932290, 0.0192724286
0.1609466145, 0.0096362143
0.5804733072, 0.5048181072
0.2902366536, 0.2524090536
0.6451183268, 0.1262045268
0.3225591634, 0.5631022634
0.6612795817, 0.2815511317
0.8306397909, 0.1407755658
0.4153198954, 0.5703877829
0.2076599477, 0.2851938915
0.1038299739, 0.1425969457
0.0519149869, 0.0712984729
0.0259574935, 0.0356492364
0.5129787467, 0.0178246182
0.7564893734, 0.5089123091
0.8782446867, 0.7544561546
0.4391223433, 0.3772280773
0.2195611717, 0.1886140386
0.1097805858, 0.0943070193
0.0548902929, 0.0471535097
0.0274451465, 0.0235767548
0.5137225732, 0.5117883774
0.7568612866, 0.7558941887
0.3784306433, 0.3779470944
0.1892153217, 0.1889735472
0.0946076608, 0.0944867736
0.0473038304, 0.0472433868
0.5236519152, 0.5236216934
0.7618259576, 0.2618108467
0.8809129788, 0.6309054233
0.9404564894, 0.8154527117
0.9702282447, 0.4077263558
0.9851141224, 0.2038631779
0.4925570612, 0.1019315890
0.2462785306, 0.0509657945
0.1231392653, 0.0254828972
0.5615696326, 0.0127414486
0.2807848163, 0.5063707243
0.1403924082, 0.2531853622
0.5701962041, 0.6265926811
0.7850981020, 0.3132963405
0.3925490510, 0.6566481703
0.6962745255, 0.8283240851
0.3481372628, 0.4141620426
0.1740686314, 0.2070810213
0.5870343157, 0.1035405106
0.7935171578, 0.0517702553
0.8967585789, 0.5258851277
0.4483792895, 0.2629425638
0.2241896447, 0.1314712819
0.6120948224, 0.0657356410
0.8060474112, 0.5328678205
0.4030237056, 0.7664339102
0.7015118528, 0.3832169551
0.3507559264, 0.6916084776
0.1753779632, 0.8458042388
0.5876889816, 0.4229021194
0.2938444908, 0.2114510597
0.1469222454, 0.1057255298
0.5734611227, 0.0528627649
0.7867305613, 0.0264313825
0.3933652807, 0.0132156912
0.6966826403, 0.0066078456
0.3483413202, 0.5033039228
0.1741706601, 0.2516519614
0.5870853300, 0.1258259807
0.7935426650, 0.0629129904
0.3967713325, 0.0314564952
0.6983856663, 0.0157282476
0.8491928331, 0.5078641238
0.4245964166, 0.2539320619
0.7122982083, 0.6269660309
0.8561491041, 0.8134830155
0.4280745521, 0.4067415077
0.2140372760, 0.2033707539
0.6070186380, 0.1016853769
0.8035093190, 0.5508426885
0.4017546595, 0.7754213442
0.7008773298, 0.3877106721
0.3504386649, 0.6938553361
0.1752193324, 0.8469276680
0.5876096662, 0.4234638340
0.7938048331, 0.7117319170
0.8969024166, 0.3558659585
0.9484512083, 0.1779329793
0.4742256041, 0.0889664896
0.7371128021, 0.0444832448
0.3685564010, 0.5222416224
0.1842782005, 0.7611208112
0.5921391003, 0.3805604056
0.7960695501, 0.6902802028
0.3980347751, 0.3451401014
0.6990173875, 0.1725700507
0.8495086938, 0.5862850254
0.4247543469, 0.7931425127
0.7123771734, 0.3965712563
0.8561885867, 0.6982856282
0.9280942934, 0.8491428141
0.4640471467, 0.9245714070
0.7320235733, 0.9622857035
0.3660117867, 0.4811428518
0.1830058933, 0.2405714259
0.0915029467, 0.1202857129
0.5457514733, 0.0601428565
0.2728757367, 0.5300714282
0.1364378683, 0.2650357141
0.0682189342, 0.6325178571
0.0341094671, 0.3162589285
0.5170547335, 0.1581294643
0.7585273668, 0.5790647321
0.8792636834, 0.2895323661
0.9396318417, 0.6447661830
0.9698159208, 0.3223830915
0.9849079604, 0.6611915458
0.9924539802, 0.3305957729
0.9962269901, 0.6652978864
0.4981134951, 0.8326489432
0.2490567475, 0.4163244716
0.6245283738, 0.7081622358
0.8122641869, 0.8540811179
0.9061320934, 0.9270405590
0.4530660467, 0.4635202795
0.7265330234, 0.2317601397
0.3632665117, 0.1158800699
0.1816332558, 0.0579400349
0.5908166279, 0.0289700175
0.7954083140, 0.0144850087
0.8977041570, 0.5072425044
0.9488520785, 0.7536212522
0.4744260392, 0.8768106261
0.2372130196, 0.4384053130
0.6186065098, 0.2192026565
0.8093032549, 0.6096013283
0.9046516275, 0.8048006641
0.4523258137, 0.9024003321
0.7261629069, 0.4512001660
0.3630814534, 0.7256000830
0.1815407267, 0.3628000415
0.0907703634, 0.1814000208
0.0453851817, 0.0907000104
0.5226925908, 0.0453500052
0.2613462954, 0.0226750026
0.6306731477, 0.5113375013
0.8153365739, 0.7556687506
0.4076682869, 0.8778343753
0.2038341435, 0.9389171877
0.1019170717, 0.4694585938
0.5509585359, 0.2347292969
0.7754792679, 0.6173646485
0.8877396340, 0.8086823242
0.9438698170, 0.9043411621
0.9719349085, 0.4521705811
0.4859674542, 0.2260852905
0.7429837271, 0.1130426453
0.3714918636, 0.5565213226
0.6857459318, 0.2782606613
0.8428729659, 0.1391303307
0.9214364829, 0.0695651653
0.4607182415, 0.5347825827
0.2303591207, 0.2673912913
0.1151795604, 0.1336956457
0.5575897802, 0.0668478228
0.2787948901, 0.5334239114
0.1393974450, 0.2667119557
0.5696987225, 0.6333559779
0.2848493613, 0.3166779889
0.1424246806, 0.1583389945
0.5712123403, 0.0791694972
0.7856061702, 0.0395847486
0.8928030851, 0.0197923743
0.9464015425, 0.5098961872
0.9732007713, 0.7549480936
0.4866003856, 0.3774740468
0.7433001928, 0.6887370234
0.8716500964, 0.3443685117
0.4358250482, 0.1721842558
0.7179125241, 0.0860921279
0.3589562621, 0.5430460640
0.1794781310, 0.2715230320
0.0897390655, 0.1357615160
0.0448695328, 0.0678807580
0.5224347664, 0.0339403790
0.2612173832, 0.0169701895
0.6306086916, 0.5084850947
0.8153043458, 0.7542425474
0.4076521729, 0.3771212737
0.7038260864, 0.1885606368
0.3519130432, 0.0942803184
0.6759565216, 0.0471401592
0.3379782608, 0.0235700796
0.6689891304, 0.0117850398
0.3344945652, 0.0058925199
0.6672472826, 0.0029462600
0.8336236413, 0.5014731300
0.9168118207, 0.2507365650
0.4584059103, 0.1253682825
0.7292029552, 0.5626841412
0.8646014776, 0.2813420706
0.9323007388, 0.6406710353
0.9661503694, 0.8203355177
0.4830751847, 0.4101677588
0.7415375923, 0.7050838794
0.8707687962, 0.3525419397
0.9353843981, 0.1762709699
0.9676921990, 0.0881354849
0.9838460995, 0.0440677425
0.4919230498, 0.5220338712
0.7459615249, 0.7610169356
0.8729807624, 0.8805084678
0.4364903812, 0.4402542339
0.7182451906, 0.7201271170
0.3591225953, 0.3600635585
0.1795612977, 0.6800317792
0.0897806488, 0.3400158896
0.0448903244, 0.1700079448
0.5224451622, 0.0850039724
0.2612225811, 0.5425019862
0.1306112906, 0.7712509931
0.0653056453, 0.3856254966
0.0326528226, 0.6928127483
0.5163264113, 0.8464063741
0.2581632057, 0.9232031871
0.1290816028, 0.9616015935
0.0645408014, 0.9808007968
0.0322704007, 0.9904003984
0.0161352004, 0.4952001992
0.0080676002, 0.2476000996
0.5040338001, 0.1238000498
0.7520169000, 0.5619000249
0.3760084500, 0.2809500124
0.6880042250, 0.1404750062
0.8440021125, 0.5702375031
0.9220010563, 0.7851187516
0.4610005281, 0.3925593758
0.2305002641, 0.1962796879
0.1152501320, 0.5981398439
0.0576250660, 0.2990699220
0.5288125330, 0.6495349610
0.7644062665, 0.8247674805
0.8822031333, 0.4123837402
0.4411015666, 0.2061918701
0.7205507833, 0.6030959351
0.8602753917, 0.3015479675
0.9301376958, 0.1507739838
0.9650688479, 0.5753869919
0.9825344240, 0.2876934959
0.9912672120, 0.6438467480
0.4956336060, 0.3219233740
0.7478168030, 0.1609616870
0.3739084015, 0.5804808435
0.1869542007, 0.7902404217
0.0934771004, 0.3951202109
0.5467385502, 0.6975601054
0.7733692751, 0.3487800527
0.8866846375, 0.6743900264
0.9433423188, 0.3371950132
0.4716711594, 0.6685975066
0.2358355797, 0.8342987533
0.1179177898, 0.9171493766
0.0589588949, 0.9585746883
0.5294794475, 0.4792873442
0.2647397237, 0.2396436721
0.1323698619, 0.1198218360
0.0661849309, 0.5599109180
0.5330924655, 0.7799554590
0.7665462327, 0.8899777295
0.8832731164, 0.9449888648
0.9416365582, 0.9724944324
0.4708182791, 0.9862472162
0.2354091395, 0.4931236081
0.6177045698, 0.2465618040
0.3088522849, 0.1232809020
0.6544261424, 0.0616404510
0.8272130712, 0.5308202255
0.9136065356, 0.7654101128
0.9568032678, 0.8827050564
0.4784016339, 0.4413525282
0.7392008170, 0.2206762641
0.3696004085, 0.1103381320
0.1848002042, 0.0551690660
0.0924001021, 0.0275845330
0.0462000511, 0.0137922665
0.5231000255, 0.5068961333
0.7615500128, 0.7534480666
0.8807750064, 0.8767240333
0.9403875032, 0.4383620167
0.9701937516, 0.2191810083
0.9850968758, 0.1095905042
0.9925484379, 0.0547952521
0.4962742189, 0.5273976260
0.2481371095, 0.2636988130
0.6240685547, 0.1318494065
0.8120342774, 0.0659247033
0.9060171387, 0.0329623516
0.4530085693, 0.0164811758
0.2265042847, 0.0082405879
0.1132521423, 0.0041202940
0.5566260712, 0.0020601470
0.2783130356, 0.0010300735
0.1391565178, 0.5005150367
0.5695782589, 0.7502575184
0.7847891294, 0.8751287592
0.3923945647, 0.9375643796
0.1961972824, 0.4687821898
0.0980986412, 0.2343910949
0.5490493206, 0.1171955474
0.7745246603, 0.5585977737
0.8872623301, 0.7792988869
0.9436311651, 0.3896494434
0.9718155825, 0.6948247217
0.9859077913, 0.3474123609
0.9929538956, 0.1737061804
0.9964769478, 0.0868530902
0.9982384739, 0.5434265451
0.9991192370, 0.7717132726
0.4995596185, 0.3858566363
0.7497798092, 0.1929283181
0.3748899046, 0.5964641591
0.6874449523, 0.7982320795
0.8437224762, 0.8991160398
0.4218612381, 0.4495580199
0.2109306190, 0.2247790099
0.6054653095, 0.6123895050
0.3027326548, 0.3061947525
0.1513663274, 0.1530973762
0.0756831637, 0.5765486881
0.0378415818, 0.7882743441
0.0189207909, 0.3941371720
0.0094603955, 0.1970685860
0.0047301977, 0.0985342930
0.0023650989, 0.0492671465
0.5011825494, 0.5246335733
0.2505912747, 0.7623167866
0.1252956374, 0.3811583933
0.0626478187, 0.6905791967
0.5313239093, 0.3452895983
0.2656619547, 0.1726447992
0.1328309773, 0.0863223996
0.5664154887, 0.0431611998
0.7832077443, 0.0215805999
0.3916038722, 0.5107902999
0.1958019361, 0.7553951500
0.0979009680, 0.3776975750
0.5489504840, 0.6888487875
0.7744752420, 0.8444243937
0.3872376210, 0.4222121969
0.6936188105, 0.7111060984
0.8468094053, 0.3555530492
0.9234047026, 0.6777765246
0.9617023513, 0.8388882623
0.9808511757, 0.4194441312
0.9904255878, 0.2097220656
0.9952127939, 0.1048610328
0.9976063970, 0.0524305164
0.9988031985, 0.5262152582
0.4994015992, 0.2631076291
0.2497007996, 0.1315538145
0.1248503998, 0.0657769073
0.5624251999, 0.0328884536
0.7812126000, 0.5164442268
0.3906063000, 0.2582221134
0.6953031500, 0.1291110567
0.8476515750, 0.0645555284
0.9238257875, 0.0322777642
0.9619128937, 0.5161388821
0.9809564469, 0.7580694410
0.9904782234, 0.8790347205
0.4952391117, 0.4395173603
0.7476195559, 0.2197586801
0.3738097779, 0.6098793401
0.1869048890, 0.8049396700
0.0934524445, 0.4024698350
0.0467262222, 0.2012349175
0.0233631111, 0.1006174588
0.5116815556, 0.0503087294
0.7558407778, 0.5251543647
0.8779203889, 0.7625771823
0.9389601944, 0.8812885912
0.9694800972, 0.4406442956
0.9847400486, 0.7203221478
0.9923700243, 0.8601610739
0.4961850122, 0.4300805369
0.2480925061, 0.7150402685
0.6240462530, 0.3575201342
0.8120231265, 0.6787600671
0.4060115633, 0.3393800336
0.2030057816, 0.1696900168
0.1015028908, 0.0848450084
0.0507514454, 0.5424225042
0.5253757227, 0.7712112521
0.7626878614, 0.8856056260
0.3813439307, 0.4428028130
0.1906719653, 0.7214014065
0.0953359827, 0.3607007033
0.5476679913, 0.6803503516
0.7738339957, 0.3401751758
0.3869169978, 0.1700875879
0.1934584989, 0.0850437940
0.0967292495, 0.5425218970
0.5483646247, 0.2712609485
0.7741823124, 0.1356304742
0.8870911562, 0.0678152371
0.9435455781, 0.0339076186
0.4717727890, 0.5169538093
0.2358863945, 0.2584769046
0.6179431973, 0.6292384523
0.8089715986, 0.3146192262
0.9044857993, 0.6573096131
0.4522428997, 0.3286548065
0.2261214498, 0.1643274033
0.1130607249, 0.0821637016
0.0565303625, 0.5410818508
0.0282651812, 0.2705409254
0.0141325906, 0.1352704627
0.5070662953, 0.5676352314
0.2535331477, 0.2838176157
0.6267665738, 0.1419088078
0.3133832869, 0.0709544039
0.6566916435, 0.0354772020
0.3283458217, 0.0177386010
0.6641729109, 0.5088693005
0.8320864554, 0.2544346502
0.4160432277, 0.1272173251
0.7080216139, 0.5636086626
0.3540108069, 0.7818043313
0.1770054035, 0.3909021656
0.0885027017, 0.1954510828
0.5442513509, 0.0977255414
0.2721256754, 0.0488627707
0.1360628377, 0.0244313854
0.0680314189, 0.5122156927
0.5340157094, 0.2561078463
0.7670078547, 0.6280539232
0.3835039274, 0.3140269616
0.6917519637, 0.1570134808
0.8458759818, 0.0785067404
0.9229379909, 0.5392533702
0.9614689955, 0.7696266851
0.9807344977, 0.3848133425
0.4903672489, 0.6924066713
0.2451836244, 0.3462033356
0.6225918122, 0.6731016678
0.8112959061, 0.8365508339
0.9056479531, 0.9182754170
0.9528239765, 0.4591377085
0.4764119883, 0.2295688542
0.7382059941, 0.1147844271
0.3691029971, 0.0573922136
0.6845514985, 0.5286961068
0.3422757493, 0.7643480534
0.6711378746, 0.8821740267
0.8355689373, 0.9410870133
0.9177844687, 0.9705435067
0.4588922343, 0.4852717533
0.7294461172, 0.7426358767
0.8647230586, 0.3713179383
0.9323615293, 0.1856589692
0.9661807646, 0.0928294846
0.9830903823, 0.0464147423
0.9915451912, 0.5232073711
0.9957725956, 0.2616036856
0.4978862978, 0.6308018428
0.2489431489, 0.8154009214
0.1244715744, 0.4077004607
0.5622357872, 0.7038502303
0.2811178936, 0.8519251152
0.1405589468, 0.4259625576
0.5702794734, 0.2129812788
0.2851397367, 0.6064906394
0.1425698684, 0.8032453197
0.0712849342, 0.4016226598
0.5356424671, 0.7008113299
0.2678212335, 0.3504056650
0.1339106168, 0.1752028325
0.0669553084, 0.5876014162
0.5334776542, 0.2938007081
0.7667388271, 0.6469003541
0.3833694135, 0.3234501770
0.1916847068, 0.6617250885
0.0958423534, 0.3308625443
0.5479211767, 0.6654312721
0.7739605883, 0.8327156361
0.3869802942, 0.4163578180
0.6934901471, 0.2081789090
0.8467450735, 0.1040894545
0.4233725368, 0.0520447273
0.7116862684, 0.5260223636
0.3558431342, 0.2630111818
0.6779215671, 0.1315055909
0.8389607835, 0.0657527955
0.9194803918, 0.5328763977
0.4597401959, 0.7664381989
0.2298700979, 0.3832190994
0.6149350490, 0.1916095497
0.3074675245, 0.0958047749
0.1537337622, 0.0479023874
0.5768668811, 0.5239511937
0.2884334406, 0.2619755969
0.1442167203, 0.6309877984
0.0721083601, 0.8154938992
0.5360541801, 0.4077469496
0.7680270900, 0.2038734748
0.8840135450, 0.6019367374
0.4420067725, 0.8009683687
0.7210033863, 0.4004841844
0.8605016931, 0.2002420922
0.4302508466, 0.6001210461
0.7151254233, 0.3000605230
0.8575627116, 0.6500302615
0.9287813558, 0.8250151308
0.9643906779, 0.9125075654
0.9821953390, 0.4562537827
0.9910976695, 0.2281268913
0.9955488347, 0.6140634457
0.4977744174, 0.3070317228
0.7488872087, 0.6535158614
0.8744436043, 0.3267579307
0.9372218022, 0.1633789654
0.4686109011, 0.0816894827
0.2343054505, 0.0408447413
0.6171527253, 0.0204223707
0.3085763626, 0.5102111853
0.1542881813, 0.2551055927
0.5771440907, 0.6275527963
0.2885720453, 0.3137763982
0.6442860227, 0.6568881991
0.8221430113, 0.8284440995
0.9110715057, 0.9142220498
0.4555357528, 0.9571110249
0.7277678764, 0.9785555124
0.8638839382, 0.9892777562
0.4319419691, 0.9946388781
0.2159709846, 0.9973194391
0.1079854923, 0.9986597195
0.0539927461, 0.4993298598
0.0269963731, 0.2496649299
0.0134981865, 0.1248324649
0.5067490933, 0.5624162325
0.2533745466, 0.2812081162
0.6266872733, 0.6406040581
0.3133436367, 0.3203020291
0.6566718183, 0.6601510145
0.3283359092, 0.8300755073
0.1641679546, 0.4150377536
0.0820839773, 0.7075188768
0.0410419886, 0.3537594384
0.0205209943, 0.1768797192
0.5102604972, 0.0884398596
0.7551302486, 0.0442199298
0.8775651243, 0.0221099649
0.9387825621, 0.5110549825
0.9693912811, 0.7555274912
0.4846956405, 0.3777637456
0.2423478203, 0.6888818728
0.6211739101, 0.3444409364
0.3105869551, 0.1722204682
0.6552934775, 0.5861102341
0.8276467388, 0.2930551171
0.9138233694, 0.6465275585
0.9569116847, 0.8232637793
0.9784558423, 0.9116318896
0.4892279212, 0.4558159448
0.7446139606, 0.7279079724
0.3723069803, 0.8639539862
0.1861534901, 0.4319769931
0.5930767451, 0.7159884966
0.2965383725, 0.8579942483
0.1482691863, 0.4289971241
0.5741345931, 0.2144985621
0.2870672966, 0.1072492810
0.6435336483, 0.0536246405
0.3217668241, 0.5268123203
0.6608834121, 0.2634061601
0.8304417060, 0.1317030801
0.9152208530, 0.0658515400
0.9576104265, 0.0329257700
0.9788052133, 0.0164628850
0.9894026066, 0.5082314425
0.9947013033, 0.2541157213
0.9973506517, 0.6270578606
0.9986753258, 0.8135289303
0.9993376629, 0.4067644652
0.9996688315, 0.7033822326
0.9998344157, 0.3516911163
0.4999172079, 0.1758455581
0.2499586039, 0.0879227791
0.1249793020, 0.0439613895
0.5624896510, 0.0219806948
0.2812448255, 0.0109903474
0.6406224127, 0.5054951737
0.3203112064, 0.7527475868
0.6601556032, 0.8763737934
0.3300778016, 0.4381868967
0.1650389008, 0.7190934484
0.0825194504, 0.3595467242
0.0412597252, 0.6797733621
0.5206298626, 0.3398866810
0.7603149313, 0.6699433405
0.8801574656, 0.3349716703
0.9400787328, 0.6674858351
0.4700393664, 0.3337429176
0.7350196832, 0.6668714588
0.8675098416, 0.3334357294
0.9337549208, 0.1667178647
0.9668774604, 0.5833589323
0.9834387302, 0.7916794662
0.9917193651, 0.3958397331
0.4958596826, 0.6979198665
0.7479298413, 0.3489599333
0.8739649206, 0.1744799666
0.9369824603, 0.5872399833
0.9684912302, 0.7936199917
0.4842456151, 0.8968099958
0.2421228075, 0.9484049979
0.1210614038, 0.4742024990
0.5605307019, 0.7371012495
0.2802653509, 0.3685506247
0.1401326755, 0.6842753124
0.5700663377, 0.8421376562
0.7850331689, 0.9210688281
0.8925165844, 0.4605344140
0.9462582922, 0.7302672070
0.4731291461, 0.8651336035
0.7365645731, 0.4325668018
0.8682822865, 0.7162834009
0.4341411433, 0.3581417004
0.7170705716, 0.6790708502
0.8585352858, 0.3395354251
0.9292676429, 0.1697677126
0.9646338215, 0.5848838563
0.4823169107, 0.7924419281
0.2411584554, 0.8962209641
0.1205792277, 0.4481104820
0.5602896138, 0.2240552410
0.7801448069, 0.1120276205
0.3900724035, 0.5560138103
0.1950362017, 0.2780069051
0.0975181009, 0.6390034526
0.0487590504, 0.8195017263
0.0243795252, 0.4097508631
0.5121897626, 0.2048754316
0.7560948813, 0.1024377158
0.8780474407, 0.5512188579
0.4390237203, 0.2756094289
0.2195118602, 0.6378047145
0.1097559301, 0.3189023572
0.0548779650, 0.1594511786
0.5274389825, 0.5797255893
0.7637194913, 0.2898627947
0.3818597456, 0.1449313973
0.1909298728, 0.0724656987
