0.2500000000, 0.2500000000
0.6250000000, 0.1250000000
0.8125000000, 0.5625000000
0.4062500000, 0.2812500000
0.2031250000, 0.1406250000
0.6015625000, 0.0703125000
0.3007812500, 0.5351562500
0.1503906250, 0.7675781250
0.0751953125, 0.3837890625
0.0375976562, 0.1918945312
0.0187988281, 0.0959472656
0.5093994141, 0.0479736328
0.2546997070, 0.0239868164
0.1273498535, 0.0119934082
0.5636749268, 0.5059967041
0.2818374634, 0.2529983521
0.1409187317, 0.1264991760
0.5704593658, 0.5632495880
0.2852296829, 0.2816247940
0.6426148415, 0.1408123970
0.3213074207, 0.0704061985
0.1606537104, 0.0352030993
0.5803268552, 0.0176015496
0.2901634276, 0.0088007748
0.1450817138, 0.0044003874
0.0725408569, 0.5022001937
0.0362704284, 0.7511000969
0.0181352142, 0.3755500484
0.5090676071, 0.1877750242
0.7545338036, 0.0938875121
0.8772669018, 0.5469437561
0.9386334509, 0.7734718780
0.9693167254, 0.8867359390
0.9846583627, 0.4433679695
0.4923291814, 0.7216839848
0.2461645907, 0.3608419924
0.1230822953, 0.1804209962
0.5615411477, 0.0902104981
0.2807705738, 0.5451052490
0.6403852869, 0.2725526245
0.8201926435, 0.6362763123
0.9100963217, 0.3181381561
0.4550481609, 0.1590690781
0.7275240804, 0.0795345390
0.8637620402, 0.5397672695
0.9318810201, 0.7698836348
0.9659405101, 0.3849418174
0.4829702550, 0.1924709087
0.2414851275, 0.0962354543
0.6207425638, 0.0481177272
0.8103712819, 0.0240588636
0.9051856409, 0.5120294318
0.9525928205, 0.7560147159
0.9762964102, 0.8780073579
0.4881482051, 0.4390036790
0.7440741026, 0.2195018395
0.3720370513, 0.1097509197
0.6860185256, 0.5548754599
0.8430092628, 0.2774377299
0.9215046314, 0.1387188650
0.4607523157, 0.0693594325
0.7303761579, 0.5346797162
0.3651880789, 0.7673398581
0.6825940395, 0.3836699291
0.8412970197, 0.1918349645
0.4206485099, 0.0959174823
0.2103242549, 0.0479587411
0.6051621275, 0.0239793706
0.8025810637, 0.5119896853
0.9012905319, 0.2559948426
0.9506452659, 0.1279974213
0.4753226330, 0.0639987107
0.2376613165, 0.5319993553
0.1188306582, 0.2659996777
0.0594153291, 0.1329998388
0.0297076646, 0.0664999194
0.5148538323, 0.0332499597
0.7574269161, 0.0166249799
0.8787134581, 0.5083124899
0.9393567290, 0.7541562450
0.9696783645, 0.8770781225
0.4848391823, 0.4385390612
0.2424195911, 0.2192695306
0.1212097956, 0.6096347653
0.0606048978, 0.3048173827
0.5303024489, 0.1524086913
0.7651512244, 0.5762043457
0.3825756122, 0.2881021728
0.6912878061, 0.1440510864
0.3456439031, 0.5720255432
0.6728219515, 0.2860127716
0.3364109758, 0.6430063858
0.1682054879, 0.3215031929
0.0841027439, 0.1607515965
0.5420513720, 0.0803757982
0.2710256860, 0.0401878991
0.6355128430, 0.0200939496
0.8177564215, 0.5100469748
0.9088782107, 0.7550234874
0.9544391054, 0.8775117437
0.9772195527, 0.4387558718
0.4886097763, 0.7193779359
0.2443048882, 0.3596889680
0.6221524441, 0.6798444840
0.8110762220, 0.3399222420
0.4055381110, 0.6699611210
0.2027690555, 0.3349805605
0.6013845278, 0.1674902802
0.8006922639, 0.0837451401
0.4003461319, 0.5418725701
0.2001730660, 0.2709362850
0.1000865330, 0.1354681425
0.5500432665, 0.0677340713
0.7750216332, 0.0338670356
0.3875108166, 0.5169335178
0.1937554083, 0.2584667589
0.0968777042, 0.1292333795
0.0484388521, 0.0646166897
0.0242194260, 0.5323083449
0.0121097130, 0.2661541724
0.5060548565, 0.6330770862
0.7530274283, 0.8165385431
0.8765137141, 0.9082692716
0.4382568571, 0.4541346358
0.2191284285, 0.2270673179
0.6095642143, 0.1135336589
0.3047821071, 0.5567668295
0.1523910536, 0.2783834147
0.0761955268, 0.1391917074
0.0380977634, 0.0695958537
0.0190488817, 0.0347979268
0.0095244408, 0.5173989634
0.0047622204, 0.7586994817
0.0023811102, 0.3793497409
0.0011905551, 0.1896748704
0.5005952776, 0.5948374352
0.7502976388, 0.7974187176
0.8751488194, 0.3987093588
0.9375744097, 0.6993546794
0.4687872048, 0.3496773397
0.2343936024, 0.1748386699
0.1171968012, 0.5874193349
0.0585984006, 0.7937096675
0.0292992003, 0.3968548337
0.0146496002, 0.1984274169
0.5073248001, 0.0992137084
0.2536624000, 0.5496068542
0.1268312000, 0.2748034271
0.5634156000, 0.6374017136
0.2817078000, 0.8187008568
0.1408539000, 0.4093504284
0.0704269500, 0.2046752142
0.5352134750, 0.1023376071
0.2676067375, 0.0511688035
0.1338033688, 0.5255844018
0.5669016844, 0.2627922009
0.2834508422, 0.1313961004
0.1417254211, 0.0656980502
0.5708627105, 0.0328490251
0.7854313553, 0.0164245126
0.8927156776, 0.0082122563
0.9463578388, 0.0041061281
0.4731789194, 0.5020530641
0.7365894597, 0.2510265320
0.8682947299, 0.1255132660
0.4341473649, 0.0627566330
0.2170736825, 0.5313783165
0.6085368412, 0.2656891583
0.8042684206, 0.6328445791
0.4021342103, 0.3164222896
0.7010671052, 0.6582111448
0.3505335526, 0.3291055724
0.1752667763, 0.1645527862
0.0876333881, 0.0822763931
0.5438166941, 0.5411381965
0.2719083470, 0.7705690983
0.6359541735, 0.3852845491
0.8179770868, 0.6926422746
0.9089885434, 0.3463211373
0.9544942717, 0.6731605686
0.9772471358, 0.8365802843
0.4886235679, 0.9182901422
0.7443117840, 0.4591450711
0.8721558920, 0.2295725355
0.4360779460, 0.6147862678
0.2180389730, 0.3073931339
0.6090194865, 0.6536965669
0.8045097432, 0.3268482835
0.4022548716, 0.1634241417
0.2011274358, 0.0817120709
0.1005637179, 0.5408560354
0.0502818590, 0.2704280177
0.5251409295, 0.1352140089
0.7625704647, 0.0676070044
0.3812852324, 0.0338035022
0.6906426162, 0.5169017511
0.3453213081, 0.7584508756
0.6726606540, 0.8792254378
0.8363303270, 0.9396127189
0.9181651635, 0.9698063594
0.4590825818, 0.9849031797
0.2295412909, 0.4924515899
0.1147706454, 0.2462257949
0.5573853227, 0.1231128975
0.7786926614, 0.0615564487
0.3893463307, 0.5307782244
0.1946731653, 0.2653891122
0.5973365827, 0.1326945561
0.2986682913, 0.5663472780
0.6493341457, 0.2831736390
0.3246670728, 0.6415868195
0.6623335364, 0.3207934098
0.8311667682, 0.1603967049
0.9155833841, 0.0801983524
0.9577916921, 0.5400991762
0.4788958460, 0.7700495881
0.2394479230, 0.8850247941
0.1197239615, 0.9425123970
0.0598619808, 0.9712561985
0.0299309904, 0.4856280993
0.5149654952, 0.2428140496
0.7574827476, 0.1214070248
0.3787413738, 0.0607035124
0.6893706869, 0.5303517562
0.3446853434, 0.2651758781
0.6723426717, 0.6325879391
0.8361713359, 0.8162939695
0.4180856679, 0.4081469848
0.7090428340, 0.2040734924
0.8545214170, 0.6020367462
0.9272607085, 0.8010183731
0.9636303542, 0.9005091865
0.4818151771, 0.9502545933
0.7409075886, 0.4751272966
0.8704537943, 0.7375636483
0.9352268971, 0.3687818242
0.4676134486, 0.1843909121
0.2338067243, 0.5921954560
0.1169033621, 0.2960977280
0.0584516811, 0.6480488640
0.0292258405, 0.3240244320
0.5146129203, 0.6620122160
0.7573064601, 0.3310061080
0.3786532301, 0.1655030540
0.1893266150, 0.0827515270
0.5946633075, 0.5413757635
0.7973316538, 0.7706878818
0.3986658269, 0.3853439409
0.1993329134, 0.6926719704
0.0996664567, 0.3463359852
0.0498332284, 0.1731679926
0.0249166142, 0.5865839963
0.0124583071, 0.2932919982
0.5062291535, 0.6466459991
0.7531145768, 0.3233229995
0.3765572884, 0.1616614998
0.6882786442, 0.0808307499
0.3441393221, 0.0404153749
0.1720696610, 0.0202076875
0.5860348305, 0.5101038437
0.7930174153, 0.7550519219
0.3965087076, 0.3775259609
0.6982543538, 0.1887629805
0.8491271769, 0.0943814902
0.9245635885, 0.5471907451
0.9622817942, 0.7735953726
0.9811408971, 0.3867976863
0.9905704486, 0.1933988431
0.4952852243, 0.5966994216
0.2476426121, 0.7983497108
0.1238213061, 0.3991748554
0.0619106530, 0.1995874277
0.5309553265, 0.5997937138
0.7654776633, 0.7998968569
0.8827388316, 0.8999484285
0.9413694158, 0.9499742142
0.9706847079, 0.9749871071
0.4853423540, 0.4874935536
0.7426711770, 0.2437467768
0.8713355885, 0.6218733884
0.9356677942, 0.3109366942
0.9678338971, 0.6554683471
0.9839169486, 0.3277341735
0.9919584743, 0.1638670868
0.9959792371, 0.0819335434
0.9979896186, 0.5409667717
0.9989948093, 0.2704833858
0.9994974046, 0.1352416929
0.4997487023, 0.0676208465
0.7498743512, 0.0338104232
0.8749371756, 0.0169052116
0.4374685878, 0.0084526058
0.7187342939, 0.5042263029
0.3593671469, 0.2521131515
0.6796835735, 0.6260565757
0.3398417867, 0.3130282879
0.6699208934, 0.6565141439
0.3349604467, 0.8282570720
0.1674802233, 0.9141285360
0.0837401117, 0.4570642680
0.5418700558, 0.2285321340
0.7709350279, 0.1142660670
0.3854675140, 0.5571330335
0.1927337570, 0.2785665167
0.5963668785, 0.1392832584
0.2981834392, 0.5696416292
0.6490917196, 0.2848208146
0.3245458598, 0.6424104073
0.1622729299, 0.3212052036
0.5811364650, 0.1606026018
0.7905682325, 0.5803013009
0.8952841162, 0.2901506505
0.9476420581, 0.1450753252
0.4738210291, 0.5725376626
0.2369105145, 0.7862688313
0.1184552573, 0.8931344157
0.0592276286, 0.4465672078
0.0296138143, 0.7232836039
0.5148069072, 0.3616418020
0.7574034536, 0.1808209010
0.8787017268, 0.5904104505
0.9393508634, 0.7952052252
0.4696754317, 0.3976026126
0.2348377158, 0.1988013063
0.6174188579, 0.0994006532
0.8087094290, 0.5497003266
0.4043547145, 0.7748501633
0.2021773572, 0.3874250816
0.6010886786, 0.6937125408
0.3005443393, 0.3468562704
0.1502721697, 0.1734281352
0.0751360848, 0.5867140676
0.5375680424, 0.2933570338
0.7687840212, 0.1466785169
0.8843920106, 0.0733392585
0.4421960053, 0.5366696292
0.7210980027, 0.2683348146
0.8605490013, 0.1341674073
0.9302745007, 0.0670837037
0.9651372503, 0.0335418518
0.9825686252, 0.0167709259
0.9912843126, 0.5083854630
0.4956421563, 0.2541927315
0.2478210781, 0.6270963657
0.6239105391, 0.3135481829
0.3119552695, 0.6567740914
0.1559776348, 0.3283870457
0.5779888174, 0.6641935229
0.7889944087, 0.8320967614
0.8944972043, 0.9160483807
0.4472486022, 0.4580241904
0.7236243011, 0.7290120952
0.3618121505, 0.8645060476
0.1809060753, 0.9322530238
0.5904530376, 0.4661265119
0.7952265188, 0.2330632559
0.8976132594, 0.6165316280
0.4488066297, 0.8082658140
0.7244033149, 0.4041329070
0.8622016574, 0.7020664535
0.4311008287, 0.3510332267
0.2155504144, 0.1755166134
0.6077752072, 0.0877583067
0.8038876036, 0.5438791533
0.4019438018, 0.2719395767
0.2009719009, 0.6359697883
0.1004859504, 0.3179848942
0.0502429752, 0.1589924471
0.5251214876, 0.5794962235
0.2625607438, 0.7897481118
0.1312803719, 0.3948740559
0.0656401860, 0.6974370279
0.5328200930, 0.3487185140
0.2664100465, 0.6743592570
0.1332050232, 0.8371796285
0.0666025116, 0.4185898142
0.0333012558, 0.2092949071
0.0166506279, 0.6046474536
0.5083253140, 0.8023237268
0.7541626570, 0.9011618634
0.8770813285, 0.9505809317
0.4385406642, 0.4752904658
0.2192703321, 0.7376452329
0.6096351661, 0.3688226165
0.8048175830, 0.6844113082
0.9024087915, 0.3422056541
0.4512043958, 0.6711028271
0.2256021979, 0.3355514135
0.1128010989, 0.1677757068
0.0564005495, 0.0838878534
0.5282002747, 0.5419439267
0.2641001374, 0.2709719633
0.1320500687, 0.6354859817
0.0660250343, 0.3177429908
0.5330125172, 0.6588714954
0.2665062586, 0.3294357477
0.1332531293, 0.1647178739
0.5666265646, 0.5823589369
0.2833132823, 0.7911794685
0.1416566412, 0.8955897342
0.0708283206, 0.9477948671
0.5354141603, 0.4738974336
0.2677070801, 0.7369487168
0.1338535401, 0.3684743584
0.0669267700, 0.6842371792
0.0334633850, 0.3421185896
0.5167316925, 0.6710592948
0.2583658463, 0.3355296474
0.1291829231, 0.1677648237
0.0645914616, 0.5838824118
0.0322957308, 0.2919412059
0.5161478654, 0.1459706030
0.7580739327, 0.0729853015
0.3790369663, 0.0364926507
0.1895184832, 0.0182463254
0.5947592416, 0.0091231627
0.7973796208, 0.5045615813
0.3986898104, 0.2522807907
0.6993449052, 0.6261403953
0.8496724526, 0.3130701977
0.9248362263, 0.1565350988
0.9624181131, 0.5782675494
0.9812090566, 0.2891337747
0.4906045283, 0.6445668874
0.2453022641, 0.8222834437
0.6226511321, 0.4111417218
0.8113255660, 0.7055708609
0.9056627830, 0.3527854305
0.9528313915, 0.6763927152
0.9764156958, 0.8381963576
0.9882078479, 0.9190981788
0.9941039239, 0.4595490894
0.9970519620, 0.7297745447
0.4985259810, 0.3648872724
0.7492629905, 0.6824436362
0.8746314952, 0.8412218181
0.4373157476, 0.9206109090
0.7186578738, 0.4603054545
0.3593289369, 0.7301527273
0.1796644685, 0.8650763636
0.0898322342, 0.9325381818
0.5449161171, 0.4662690909
0.2724580586, 0.7331345455
0.1362290293, 0.8665672727
0.0681145146, 0.9332836364
0.0340572573, 0.9666418182
0.0170286287, 0.4833209091
0.5085143143, 0.2416604545
0.2542571572, 0.1208302273
0.6271285786, 0.0604151136
0.3135642893, 0.0302075568
0.1567821446, 0.0151037784
0.0783910723, 0.5075518892
0.5391955362, 0.2537759446
0.2695977681, 0.6268879723
0.1347988840, 0.3134439862
0.0673994420, 0.1567219931
0.5336997210, 0.5783609965
0.7668498605, 0.7891804983
0.8834249303, 0.3945902491
0.9417124651, 0.1972951246
0.9708562326, 0.0986475623
0.9854281163, 0.5493237811
0.4927140581, 0.2746618906
0.7463570291, 0.6373309453
0.8731785145, 0.3186654726
0.4365892573, 0.6593327363
0.7182946286, 0.3296663682
0.8591473143, 0.6648331841
0.9295736572, 0.3324165920
0.9647868286, 0.1662082960
0.9823934143, 0.5831041480
0.4911967071, 0.7915520740
0.7455983536, 0.3957760370
0.8727991768, 0.1978880185
0.9363995884, 0.5989440093
0.9681997942, 0.7994720046
0.9840998971, 0.3997360023
0.4920499485, 0.6998680012
0.2460249743, 0.3499340006
0.6230124871, 0.6749670003
0.3115062436, 0.8374835001
0.1557531218, 0.4187417501
0.0778765609, 0.2093708750
0.5389382804, 0.6046854375
0.7694691402, 0.3023427188
0.8847345701, 0.6511713594
0.4423672851, 0.8255856797
0.7211836425, 0.4127928398
0.8605918213, 0.2063964199
0.9302959106, 0.6031982100
0.4651479553, 0.8015991050
0.2325739777, 0.9007995525
0.1162869888, 0.4503997762
0.5581434944, 0.2251998881
0.7790717472, 0.6125999441
0.3895358736, 0.3062999720
0.6947679368, 0.1531499860
0.8473839684, 0.5765749930
0.9236919842, 0.7882874965
0.4618459921, 0.8941437483
0.2309229961, 0.4470718741
0.1154614980, 0.7235359371
0.0577307490, 0.8617679685
0.0288653745, 0.4308839843
0.5144326873, 0.7154419921
0.7572163436, 0.3577209961
0.8786081718, 0.1788604980
0.9393040859, 0.5894302490
0.9696520430, 0.7947151245
0.9848260215, 0.3973575623
0.9924130107, 0.1986787811
0.9962065054, 0.5993393906
0.4981032527, 0.2996696953
0.2490516263, 0.6498348476
0.1245258132, 0.3249174238
0.0622629066, 0.1624587119
0.5311314533, 0.0812293560
0.7655657266, 0.0406146780
0.8827828633, 0.5203073390
0.9413914317, 0.7601536695
0.4706957158, 0.3800768347
0.2353478579, 0.1900384174
0.6176739290, 0.0950192087
0.8088369645, 0.0475096043
0.9044184822, 0.0237548022
0.4522092411, 0.5118774011
0.7261046206, 0.2559387005
0.8630523103, 0.6279693503
0.9315261551, 0.8139846751
0.4657630776, 0.9069923376
0.2328815388, 0.9534961688
0.1164407694, 0.9767480844
0.0582203847, 0.4883740422
0.5291101923, 0.7441870211
0.2645550962, 0.3720935105
0.1322775481, 0.6860467553
0.0661387740, 0.3430233776
0.0330693870, 0.1715116888
0.5165346935, 0.0857558444
0.7582673468, 0.5428779222
0.8791336734, 0.7714389611
0.9395668367, 0.8857194806
0.9697834183, 0.9428597403
0.4848917092, 0.9714298701
0.7424458546, 0.4857149351
0.8712229273, 0.7428574675
0.9356114636, 0.3714287338
0.9678057318, 0.6857143669
0.9839028659, 0.8428571834
0.4919514330, 0.9214285917
0.7459757165, 0.4607142959
0.8729878582, 0.7303571479
0.9364939291, 0.3651785740
0.4682469646, 0.1825892870
0.7341234823, 0.0912946435
0.8670617411, 0.0456473217
0.9335308706, 0.5228236609
0.4667654353, 0.2614118304
0.2333827176, 0.1307059152
0.1166913588, 0.0653529576
0.5583456794, 0.0326764788
0.2791728397, 0.0163382394
0.1395864199, 0.5081691197
0.0697932099, 0.2540845599
0.0348966050, 0.1270422799
0.5174483025, 0.0635211400
0.7587241512, 0.5317605700
0.8793620756, 0.7658802850
0.4396810378, 0.8829401425
0.2198405189, 0.4414700712
0.6099202595, 0.2207350356
0.3049601297, 0.1103675178
0.1524800649, 0.0551837589
0.5762400324, 0.0275918795
0.2881200162, 0.0137959397
0.1440600081, 0.0068979699
0.0720300041, 0.5034489849
0.0360150020, 0.2517244925
0.5180075010, 0.6258622462
0.2590037505, 0.3129311231
0.1295018753, 0.6564655616
0.0647509376, 0.3282327808
0.0323754688, 0.6641163904
0.0161877344, 0.8320581952
0.0080938672, 0.4160290976
0.5040469336, 0.2080145488
0.2520234668, 0.6040072744
0.1260117334, 0.3020036372
0.0630058667, 0.1510018186
0.5315029334, 0.5755009093
0.2657514667, 0.2877504546
0.6328757333, 0.6438752273
0.8164378667, 0.3219376137
0.9082189333, 0.1609688068
0.9541094667, 0.5804844034
0.9770547333, 0.7902422017
0.4885273667, 0.3951211009
0.7442636833, 0.6975605504
0.8721318417, 0.8487802752
0.4360659208, 0.4243901376
0.2180329604, 0.2121950688
0.1090164802, 0.6060975344
0.0545082401, 0.3030487672
0.0272541201, 0.1515243836
0.0136270600, 0.5757621918
0.0068135300, 0.2878810959
0.5034067650, 0.1439405480
0.2517033825, 0.0719702740
0.1258516913, 0.5359851370
0.5629258456, 0.2679925685
0.7814629228, 0.6339962842
0.3907314614, 0.3169981421
0.6953657307, 0.6584990711
0.3476828654, 0.3292495355
0.1738414327, 0.1646247678
0.0869207163, 0.5823123839
0.5434603582, 0.2911561919
0.2717301791, 0.6455780960
0.1358650895, 0.8227890480
0.0679325448, 0.4113945240
0.5339662724, 0.7056972620
0.2669831362, 0.3528486310
0.6334915681, 0.6764243155
0.8167457840, 0.3382121577
0.4083728920, 0.6691060789
0.7041864460, 0.3345530394
0.8520932230, 0.6672765197
0.4260466115, 0.3336382599
0.2130233058, 0.1668191299
0.6065116529, 0.0834095650
0.8032558264, 0.5417047825
0.9016279132, 0.2708523912
0.9508139566, 0.6354261956
0.4754069783, 0.8177130978
0.2377034892, 0.4088565489
0.6188517446, 0.2044282745
0.8094258723, 0.6022141372
0.9047129361, 0.3011070686
0.9523564681, 0.6505535343
0.9761782340, 0.3252767672
0.4880891170, 0.1626383836
0.2440445585, 0.0813191918
0.1220222793, 0.0406595959
0.5610111396, 0.0203297979
0.7805055698, 0.5101648990
0.8902527849, 0.7550824495
0.4451263925, 0.8775412247
0.7225631962, 0.4387706124
0.3612815981, 0.7193853062
0.6806407991, 0.3596926531
0.8403203995, 0.1798463265
0.9201601998, 0.5899231633
0.4600800999, 0.7949615816
0.2300400499, 0.8974807908
0.6150200250, 0.4487403954
0.8075100125, 0.2243701977
0.4037550062, 0.1121850989
0.2018775031, 0.5560925494
0.6009387516, 0.2780462747
0.8004693758, 0.6390231374
0.9002346879, 0.3195115687
0.4501173439, 0.1597557843
0.2250586720, 0.0798778922
0.6125293360, 0.0399389461
0.8062646680, 0.5199694730
0.4031323340, 0.2599847365
0.2015661670, 0.6299923683
0.6007830835, 0.3149961841
0.8003915417, 0.6574980921
0.4001957709, 0.3287490460
0.2000978854, 0.6643745230
0.6000489427, 0.8321872615
0.8000244714, 0.9160936308
0.4000122357, 0.4580468154
0.2000061178, 0.7290234077
0.1000030589, 0.8645117038
0.0500015295, 0.4322558519
0.0250007647, 0.2161279260
0.5125003824, 0.6080639630
0.7562501912, 0.3040319815
0.3781250956, 0.1520159907
0.1890625478, 0.0760079954
0.5945312739, 0.0380039977
0.7972656369, 0.5190019988
0.8986328185, 0.7595009994
0.9493164092, 0.8797504997
0.4746582046, 0.9398752499
0.2373291023, 0.4699376249
0.6186645512, 0.7349688125
0.8093322756, 0.8674844062
0.4046661378, 0.9337422031
0.2023330689, 0.4668711016
0.6011665344, 0.2334355508
0.3005832672, 0.6167177754
0.1502916336, 0.3083588877
0.5751458168, 0.1541794438
0.2875729084, 0.0770897219
0.6437864542, 0.0385448610
0.3218932271, 0.0192724305
0.1609466136, 0.0096362152
0.0804733068, 0.0048181076
0.0402366534, 0.0024090538
0.5201183267, 0.0012045269
0.7600591633, 0.0006022635
0.8800295817, 0.0003011317
0.9400147908, 0.0001505659
0.4700073954, 0.5000752829
0.2350036977, 0.2500376415
0.1175018489, 0.1250188207
0.0587509244, 0.0625094104
0.0293754622, 0.0312547052
0.5146877311, 0.0156273526
0.7573438656, 0.5078136763
0.8786719328, 0.7539068381
0.4393359664, 0.3769534191
0.2196679832, 0.1884767095
0.1098339916, 0.0942383548
0.0549169958, 0.0471191774
0.0274584979, 0.0235595887
0.5137292489, 0.5117797943
0.7568646245, 0.7558898972
0.8784323122, 0.8779449486
0.4392161561, 0.4389724743
0.2196080781, 0.2194862371
0.1098040390, 0.1097431186
0.5549020195, 0.5548715593
0.7774510098, 0.2774357796
0.8887255049, 0.6387178898
0.9443627524, 0.8193589449
0.9721813762, 0.4096794725
0.9860906881, 0.2048397362
0.4930453441, 0.1024198681
0.2465226720, 0.0512099341
0.1232613360, 0.0256049670
0.5616306680, 0.0128024835
0.2808153340, 0.5064012418
0.1404076670, 0.2532006209
0.5702038335, 0.6266003104
0.7851019168, 0.3133001552
0.3925509584, 0.6566500776
0.6962754792, 0.8283250388
0.3481377396, 0.4141625194
0.1740688698, 0.2070812597
0.5870344349, 0.1035406299
0.7935172174, 0.0517703149
0.8967586087, 0.5258851575
0.9483793044, 0.7629425787
0.4741896522, 0.3814712894
0.7370948261, 0.1907356447
0.8685474130, 0.5953678223
0.4342737065, 0.7976839112
0.7171368533, 0.3988419556
0.3585684266, 0.6994209778
0.1792842133, 0.8497104889
0.5896421067, 0.4248552444
0.2948210533, 0.2124276222
0.1474105267, 0.1062138111
0.5737052633, 0.0531069056
0.7868526317, 0.0265534528
0.3934263158, 0.0132767264
0.1967131579, 0.5066383632
0.0983565790, 0.7533191816
0.0491782895, 0.3766595908
0.0245891447, 0.6883297954
0.5122945724, 0.3441648977
0.2561472862, 0.1720824488
0.6280736431, 0.0860412244
0.8140368215, 0.5430206122
0.4070184108, 0.2715103061
0.7035092054, 0.6357551531
0.8517546027, 0.8178775765
0.4258773013, 0.4089387883
0.2129386507, 0.2044693941
0.6064693253, 0.1022346971
0.8032346627, 0.5511173485
0.4016173313, 0.7755586743
0.7008086657, 0.3877793371
0.3504043328, 0.6938896686
0.1752021664, 0.8469448343
0.5876010832, 0.4234724171
0.7938005416, 0.7117362086
0.8969002708, 0.3558681043
0.9484501354, 0.1779340521
0.4742250677, 0.0889670261
0.7371125339, 0.0444835130
0.3685562669, 0.5222417565
0.1842781335, 0.7611208783
0.5921390667, 0.3805604391
0.7960695334, 0.6902802196
0.3980347667, 0.3451401098
0.6990173833, 0.1725700549
0.8495086917, 0.5862850274
0.4247543458, 0.7931425137
0.2123771729, 0.8965712569
0.6061885865, 0.9482856284
0.8030942932, 0.9741428142
0.4015471466, 0.9870714071
0.7007735733, 0.9935357036
0.3503867867, 0.4967678518
0.1751933933, 0.2483839259
0.0875966967, 0.1241919629
0.5437983483, 0.0620959815
0.2718991742, 0.5310479907
0.1359495871, 0.2655239954
0.0679747935, 0.6327619977
0.0339873968, 0.3163809988
0.5169936984, 0.1581904994
0.7584968492, 0.5790952497
0.8792484246, 0.2895476249
0.9396242123, 0.6447738124
0.9698121061, 0.3223869062
0.9849060531, 0.6611934531
0.9924530265, 0.3305967266
0.9962265133, 0.6652983633
0.4981132566, 0.8326491816
0.2490566283, 0.4163245908
0.6245283142, 0.7081622954
0.8122641571, 0.8540811477
0.9061320785, 0.9270405739
0.4530660393, 0.4635202869
0.7265330196, 0.2317601435
0.3632665098, 0.1158800717
0.1816332549, 0.0579400359
0.5908166275, 0.0289700179
0.7954083137, 0.0144850090
0.8977041569, 0.5072425045
0.9488520784, 0.7536212522
0.4744260392, 0.8768106261
0.2372130196, 0.4384053131
0.6186065098, 0.2192026565
0.8093032549, 0.6096013283
0.9046516275, 0.8048006641
0.4523258137, 0.9024003321
0.7261629069, 0.4512001660
0.3630814534, 0.7256000830
0.1815407267, 0.3628000415
0.0907703634, 0.1814000208
0.0453851817, 0.0907000104
0.5226925908, 0.0453500052
0.2613462954, 0.5226750026
0.6306731477, 0.7613375013
0.8153365739, 0.8806687506
0.4076682869, 0.9403343753
0.2038341435, 0.9701671877
0.1019170717, 0.4850835938
0.5509585359, 0.2425417969
0.7754792679, 0.6212708985
0.8877396340, 0.8106354492
0.9438698170, 0.9053177246
0.9719349085, 0.4526588623
0.9859674542, 0.7263294312
0.9929837271, 0.3631647156
0.4964918636, 0.6815823578
0.2482459318, 0.8407911789
0.6241229659, 0.4203955894
0.8120614829, 0.2101977947
0.4060307415, 0.6050988974
0.2030153707, 0.3025494487
0.1015076854, 0.1512747243
0.5507538427, 0.0756373622
0.2753769213, 0.5378186811
0.1376884607, 0.2689093405
0.0688442303, 0.1344546703
0.0344221152, 0.0672273351
0.0172110576, 0.0336136676
0.5086055288, 0.0168068338
0.2543027644, 0.5084034169
0.6271513822, 0.2542017084
0.8135756911, 0.6271008542
0.9067878455, 0.8135504271
0.4533939228, 0.4067752136
0.7266969614, 0.7033876068
0.8633484807, 0.3516938034
0.4316742403, 0.1758469017
0.7158371202, 0.0879234508
0.3579185601, 0.5439617254
0.1789592800, 0.2719808627
0.0894796400, 0.1359904314
0.5447398200, 0.5679952157
0.7723699100, 0.2839976078
0.3861849550, 0.1419988039
0.6930924775, 0.5709994020
0.8465462388, 0.7854997010
0.4232731194, 0.3927498505
0.7116365597, 0.1963749252
0.3558182798, 0.0981874626
0.6779091399, 0.0490937313
0.3389545700, 0.0245468657
0.6694772850, 0.0122734328
0.3347386425, 0.0061367164
0.6673693212, 0.0030683582
0.8336846606, 0.5015341791
0.4168423303, 0.7507670896
0.2084211652, 0.3753835448
0.6042105826, 0.6876917724
0.8021052913, 0.3438458862
0.9010526456, 0.6719229431
0.9505263228, 0.8359614715
0.4752631614, 0.4179807358
0.7376315807, 0.7089903679
0.8688157904, 0.3544951839
0.9344078952, 0.1772475920
0.9672039476, 0.0886237960
0.9836019738, 0.0443118980
0.4918009869, 0.5221559490
0.7459004934, 0.7610779745
0.8729502467, 0.8805389872
0.4364751234, 0.4402694936
0.7182375617, 0.7201347468
0.3591187808, 0.3600673734
0.1795593904, 0.6800336867
0.0897796952, 0.3400168434
0.0448898476, 0.1700084217
0.5224449238, 0.0850042108
0.2612224619, 0.5425021054
0.1306112310, 0.7712510527
0.0653056155, 0.3856255264
0.0326528077, 0.6928127632
0.5163264039, 0.8464063816
0.2581632019, 0.9232031908
0.1290816010, 0.9616015954
0.0645408005, 0.9808007977
0.0322704002, 0.9904003988
0.0161352001, 0.4952001994
0.0080676001, 0.2476000997
0.5040338000, 0.1238000499
0.7520169000, 0.5619000249
0.3760084500, 0.2809500125
0.6880042250, 0.1404750062
0.8440021125, 0.5702375031
0.9220010563, 0.7851187516
0.4610005281, 0.3925593758
0.2305002641, 0.1962796879
0.1152501320, 0.5981398439
0.0576250660, 0.2990699220
0.5288125330, 0.6495349610
0.7644062665, 0.8247674805
0.8822031333, 0.4123837402
0.4411015666, 0.2061918701
0.7205507833, 0.6030959351
0.8602753917, 0.3015479675
0.9301376958, 0.1507739838
0.9650688479, 0.5753869919
0.9825344240, 0.2876934959
0.9912672120, 0.6438467480
0.9956336060, 0.8219233740
0.9978168030, 0.4109616870
0.4989084015, 0.7054808435
0.2494542007, 0.8527404217
0.6247271004, 0.9263702109
0.8123635502, 0.9631851054
0.9061817751, 0.4815925527
0.9530908875, 0.7407962764
0.9765454438, 0.3703981382
0.4882727219, 0.6851990691
0.2441363609, 0.8425995345
0.1220681805, 0.9212997673
0.0610340902, 0.9606498836
0.5305170451, 0.4803249418
0.2652585226, 0.7401624709
0.1326292613, 0.3700812355
0.5663146306, 0.1850406177
0.7831573153, 0.5925203089
0.8915786577, 0.7962601544
0.9457893288, 0.8981300772
0.9728946644, 0.9490650386
0.4864473322, 0.9745325193
0.2432236661, 0.4872662597
0.6216118331, 0.2436331298
0.3108059165, 0.1218165649
0.6554029583, 0.0609082825
0.8277014791, 0.5304541412
0.9138507396, 0.7652270706
0.9569253698, 0.8826135353
0.9784626849, 0.9413067677
0.9892313424, 0.4706533838
0.4946156712, 0.2353266919
0.2473078356, 0.1176633460
0.1236539178, 0.0588316730
0.0618269589, 0.0294158365
0.5309134795, 0.5147079182
0.7654567397, 0.7573539591
0.8827283699, 0.8786769796
0.9413641849, 0.4393384898
0.9706820925, 0.2196692449
0.9853410462, 0.1098346224
0.9926705231, 0.0549173112
0.4963352616, 0.5274586556
0.2481676308, 0.2637293278
0.6240838154, 0.1318646639
0.8120419077, 0.0659323320
0.9060209538, 0.0329661660
0.4530104769, 0.0164830830
0.2265052385, 0.0082415415
0.1132526192, 0.0041207707
0.5566263096, 0.0020603854
0.2783131548, 0.0010301927
0.1391565774, 0.5005150963
0.5695782887, 0.7502575482
0.7847891444, 0.8751287741
0.3923945722, 0.9375643870
0.1961972861, 0.4687821935
0.0980986430, 0.2343910968
0.5490493215, 0.1171955484
0.7745246608, 0.5585977742
0.8872623304, 0.7792988871
0.9436311652, 0.3896494435
0.9718155826, 0.6948247218
0.9859077913, 0.3474123609
0.9929538956, 0.1737061804
0.9964769478, 0.0868530902
0.9982384739, 0.5434265451
0.9991192370, 0.7717132726
0.4995596185, 0.3858566363
0.7497798092, 0.1929283181
0.3748899046, 0.5964641591
0.6874449523, 0.7982320795
0.8437224762, 0.8991160398
0.9218612381, 0.9495580199
0.4609306190, 0.4747790099
0.7304653095, 0.7373895050
0.3652326548, 0.3686947525
0.1826163274, 0.1843473762
0.0913081637, 0.5921736881
0.0456540818, 0.7960868441
0.0228270409, 0.3980434220
0.0114135205, 0.1990217110
0.0057067602, 0.0995108555
0.0028533801, 0.0497554278
0.5014266901, 0.5248777139
0.2507133450, 0.7624388569
0.1253566725, 0.8812194285
0.0626783363, 0.9406097142
0.5313391681, 0.4703048571
0.2656695841, 0.2351524286
0.1328347920, 0.1175762143
0.5664173960, 0.0587881071
0.7832086980, 0.0293940536
0.3916043490, 0.5146970268
0.1958021745, 0.7573485134
0.0979010873, 0.3786742567
0.5489505436, 0.6893371283
0.7744752718, 0.8446685642
0.3872376359, 0.4223342821
0.6936188180, 0.7111671410
0.3468094090, 0.8555835705
0.6734047045, 0.9277917853
0.8367023522, 0.9638958926
0.4183511761, 0.9819479463
0.7091755881, 0.4909739732
0.8545877940, 0.2454869866
0.9272938970, 0.1227434933
0.9636469485, 0.5613717466
0.4818234743, 0.2806858733
0.2409117371, 0.1403429367
0.1204558686, 0.0701714683
0.5602279343, 0.0350857342
0.7801139671, 0.5175428671
0.8900569836, 0.7587714335
0.9450284918, 0.3793857168
0.9725142459, 0.1896928584
0.9862571229, 0.0948464292
0.9931285615, 0.5474232146
0.9965642807, 0.7737116073
0.9982821404, 0.8868558036
0.4991410702, 0.4434279018
0.7495705351, 0.2217139509
0.3747852675, 0.6108569755
0.1873926338, 0.8054284877
0.0936963169, 0.4027142439
0.0468481584, 0.2013571219
0.0234240792, 0.1006785610
0.5117120396, 0.0503392805
0.7558560198, 0.5251696402
0.8779280099, 0.7625848201
0.9389640050, 0.8812924101
0.9694820025, 0.4406462050
0.9847410012, 0.7203231025
0.9923705006, 0.8601615513
0.4961852503, 0.4300807756
0.2480926252, 0.7150403878
0.6240463126, 0.3575201939
0.8120231563, 0.6787600970
0.4060115781, 0.3393800485
0.2030057891, 0.1696900242
0.1015028945, 0.0848450121
0.0507514473, 0.5424225061
0.5253757236, 0.7712112530
0.7626878618, 0.8856056265
0.3813439309, 0.4428028133
0.1906719655, 0.7214014066
0.0953359827, 0.3607007033
0.5476679914, 0.6803503517
0.7738339957, 0.3401751758
0.3869169978, 0.1700875879
0.6934584989, 0.5850437940
0.3467292495, 0.7925218970
0.1733646247, 0.8962609485
0.5866823124, 0.4481304742
0.2933411562, 0.7240652371
0.6466705781, 0.3620326186
0.3233352890, 0.6810163093
0.6616676445, 0.8405081546
0.8308338223, 0.9202540773
0.9154169111, 0.4601270387
0.9577084556, 0.7300635193
0.4788542278, 0.3650317597
0.2394271139, 0.1825158798
0.1197135569, 0.0912579399
0.0598567785, 0.5456289700
0.0299283892, 0.2728144850
0.0149641946, 0.1364072425
0.5074820973, 0.5682036212
0.2537410487, 0.2841018106
0.6268705243, 0.1420509053
0.3134352622, 0.0710254527
0.6567176311, 0.0355127263
0.3283588155, 0.0177563632
0.6641794078, 0.5088781816
0.8320897039, 0.2544390908
0.4160448519, 0.1272195454
0.7080224260, 0.5636097727
0.3540112130, 0.7818048863
0.1770056065, 0.3909024432
0.0885028032, 0.1954512216
0.5442514016, 0.0977256108
0.2721257008, 0.0488628054
0.1360628504, 0.0244314027
0.0680314252, 0.5122157013
0.5340157126, 0.2561078507
0.7670078563, 0.6280539253
0.3835039282, 0.3140269627
0.6917519641, 0.1570134813
0.8458759820, 0.0785067407
0.9229379910, 0.5392533703
0.9614689955, 0.7696266852
0.9807344978, 0.3848133426
0.4903672489, 0.6924066713
0.2451836244, 0.3462033356
0.6225918122, 0.6731016678
0.8112959061, 0.8365508339
0.4056479531, 0.4182754170
0.7028239765, 0.2091377085
0.3514119883, 0.1045688542
0.6757059941, 0.0522844271
0.3378529971, 0.0261422136
0.6689264985, 0.5130711068
0.8344632493, 0.2565355534
0.9172316246, 0.6282677767
0.9586158123, 0.8141338883
0.9793079062, 0.9070669442
0.4896539531, 0.4535334721
0.7448269765, 0.7267667360
0.8724134883, 0.3633833680
0.9362067441, 0.1816916840
0.9681033721, 0.0908458420
0.9840516860, 0.0454229210
0.9920258430, 0.5227114605
0.9960129215, 0.2613557303
0.4980064608, 0.6306778651
0.2490032304, 0.8153389326
0.1245016152, 0.4076694663
0.5622508076, 0.7038347331
0.2811254038, 0.8519173666
0.1405627019, 0.4259586833
0.5702813509, 0.2129793416
0.2851406755, 0.6064896708
0.1425703377, 0.8032448354
0.0712851689, 0.4016224177
0.5356425844, 0.7008112089
0.2678212922, 0.3504056044
0.1339106461, 0.1752028022
0.0669553231, 0.5876014011
0.5334776615, 0.2938007006
0.7667388308, 0.6469003503
0.3833694154, 0.3234501751
0.1916847077, 0.6617250876
0.0958423538, 0.3308625438
0.5479211769, 0.6654312719
0.7739605885, 0.8327156359
0.3869802942, 0.4163578180
0.6934901471, 0.2081789090
0.8467450736, 0.1040894545
0.4233725368, 0.0520447272
0.7116862684, 0.5260223636
0.3558431342, 0.2630111818
0.6779215671, 0.1315055909
0.8389607835, 0.0657527955
0.9194803918, 0.5328763977
0.4597401959, 0.7664381989
0.2298700979, 0.3832190994
0.6149350490, 0.1916095497
0.3074675245, 0.0958047749
0.1537337622, 0.0479023874
0.5768668811, 0.5239511937
0.2884334406, 0.2619755969
0.1442167203, 0.6309877984
0.0721083601, 0.8154938992
0.0360541801, 0.4077469496
0.5180270900, 0.2038734748
0.7590135450, 0.6019367374
0.8795067725, 0.3009683687
0.9397533863, 0.1504841844
0.9698766931, 0.0752420922
0.4849383466, 0.5376210461
0.7424691733, 0.2688105230
0.8712345866, 0.6344052615
0.9356172933, 0.8172026308
0.9678086467, 0.9086013154
0.9839043233, 0.4543006577
0.9919521617, 0.2271503288
0.9959760808, 0.6135751644
0.4979880404, 0.3067875822
0.7489940202, 0.6533937911
0.8744970101, 0.3266968956
0.9372485051, 0.1633484478
0.4686242525, 0.0816742239
0.2343121263, 0.0408371119
0.6171560631, 0.0204185560
0.3085780316, 0.5102092780
0.1542890158, 0.2551046390
0.5771445079, 0.6275523195
0.2885722539, 0.3137761597
0.6442861270, 0.6568880799
0.8221430635, 0.8284440399
0.9110715317, 0.9142220200
0.4555357659, 0.9571110100
0.7277678829, 0.9785555050
0.8638839415, 0.9892777525
0.4319419707, 0.9946388762
0.2159709854, 0.9973194381
0.1079854927, 0.9986597191
0.0539927463, 0.4993298595
0.0269963732, 0.2496649298
0.0134981866, 0.1248324649
0.5067490933, 0.5624162324
0.2533745466, 0.2812081162
0.6266872733, 0.6406040581
0.3133436367, 0.3203020291
0.6566718183, 0.6601510145
0.3283359092, 0.8300755073
0.1641679546, 0.4150377536
0.0820839773, 0.7075188768
0.0410419886, 0.3537594384
0.0205209943, 0.1768797192
0.5102604972, 0.0884398596
0.7551302486, 0.0442199298
0.8775651243, 0.0221099649
0.9387825621, 0.5110549825
0.9693912811, 0.7555274912
0.4846956405, 0.3777637456
0.2423478203, 0.6888818728
0.6211739101, 0.3444409364
0.3105869551, 0.1722204682
0.6552934775, 0.5861102341
0.8276467388, 0.2930551171
0.9138233694, 0.6465275585
0.9569116847, 0.8232637793
0.9784558423, 0.9116318896
0.4892279212, 0.4558159448
0.7446139606, 0.7279079724
0.3723069803, 0.8639539862
0.1861534901, 0.4319769931
0.5930767451, 0.7159884966
0.2965383725, 0.8579942483
0.1482691863, 0.4289971241
0.5741345931, 0.2144985621
0.2870672966, 0.1072492810
0.6435336483, 0.0536246405
0.3217668241, 0.5268123203
0.1608834121, 0.7634061601
0.5804417060, 0.3817030801
0.7902208530, 0.1908515400
0.8951104265, 0.0954257700
0.9475552133, 0.0477128850
0.9737776066, 0.5238564425
0.9868888033, 0.2619282213
0.9934444017, 0.6309641106
0.9967222008, 0.8154820553
0.9983611004, 0.4077410277
0.9991805502, 0.7038705138
0.9995902751, 0.3519352569
0.4997951376, 0.1759676285
0.2498975688, 0.0879838142
0.1249487844, 0.0439919071
0.5624743922, 0.0219959536
0.2812371961, 0.0109979768
0.6406185980, 0.5054989884
0.8203092990, 0.2527494942
0.9101546495, 0.6263747471
0.4550773248, 0.3131873735
0.2275386624, 0.6565936868
0.1137693312, 0.3282968434
0.0568846656, 0.6641484217
0.5284423328, 0.3320742108
0.7642211664, 0.6660371054
0.8821105832, 0.3330185527
0.9410552916, 0.6665092764
0.4705276458, 0.3332546382
0.7352638229, 0.6666273191
0.8676319114, 0.3333136595
0.9338159557, 0.1666568298
0.9669079779, 0.5833284149
0.9834539889, 0.7916642074
0.9917269945, 0.3958321037
0.4958634972, 0.6979160519
0.7479317486, 0.3489580259
0.8739658743, 0.1744790130
0.9369829372, 0.5872395065
0.9684914686, 0.7936197532
0.4842457343, 0.8968098766
0.2421228671, 0.9484049383
0.1210614336, 0.4742024692
0.5605307168, 0.7371012346
0.2802653584, 0.3685506173
0.1401326792, 0.6842753086
0.5700663396, 0.8421376543
0.7850331698, 0.9210688272
0.8925165849, 0.4605344136
0.9462582924, 0.7302672068
0.4731291462, 0.8651336034
0.7365645731, 0.4325668017
0.8682822866, 0.7162834008
0.4341411433, 0.3581417004
0.7170705716, 0.6790708502
0.8585352858, 0.3395354251
0.9292676429, 0.1697677126
0.9646338215, 0.5848838563
0.4823169107, 0.7924419281
0.2411584554, 0.8962209641
0.1205792277, 0.4481104820
0.5602896138, 0.2240552410
0.7801448069, 0.1120276205
0.3900724035, 0.5560138103
0.1950362017, 0.2780069051
0.0975181009, 0.6390034526
0.0487590504, 0.8195017263
0.0243795252, 0.4097508631
0.5121897626, 0.2048754316
0.7560948813, 0.1024377158
0.8780474407, 0.5512188579
0.4390237203, 0.2756094289
0.2195118602, 0.6378047145
0.1097559301, 0.3189023572
0.0548779650, 0.1594511786
0.5274389825, 0.5797255893
0.7637194913, 0.2898627947
0.3818597456, 0.1449313973
0.6909298728, 0.5724656987
