0.2500000000, 0.2500000000
0.6250000000, 0.1250000000
0.8125000000, 0.5625000000
0.4062500000, 0.2812500000
0.2031250000, 0.1406250000
0.6015625000, 0.0703125000
0.3007812500, 0.5351562500
0.1503906250, 0.7675781250
0.0751953125, 0.3837890625
0.0375976562, 0.1918945312
0.0187988281, 0.0959472656
0.5093994141, 0.0479736328
0.2546997070, 0.5239868164
0.1273498535, 0.2619934082
0.5636749268, 0.6309967041
0.2818374634, 0.3154983521
0.1409187317, 0.1577491760
0.5704593658, 0.5788745880
0.2852296829, 0.2894372940
0.6426148415, 0.1447186470
0.3213074207, 0.0723593235
0.1606537104, 0.0361796618
0.5803268552, 0.0180898309
0.2901634276, 0.0090449154
0.1450817138, 0.0045224577
0.0725408569, 0.5022612289
0.0362704284, 0.7511306144
0.0181352142, 0.3755653072
0.5090676071, 0.1877826536
0.2545338036, 0.5938913268
0.6272669018, 0.7969456634
0.8136334509, 0.8984728317
0.4068167254, 0.4492364159
0.7034083627, 0.2246182079
0.3517041814, 0.6123091040
0.1758520907, 0.3061545520
0.0879260453, 0.1530772760
0.5439630227, 0.0765386380
0.2719815113, 0.5382693190
0.6359907557, 0.2691346595
0.8179953778, 0.6345673297
0.9089976889, 0.3172836649
0.4544988445, 0.1586418324
0.7272494222, 0.0793209162
0.8636247111, 0.5396604581
0.9318123556, 0.7698302291
0.9659061778, 0.3849151145
0.4829530889, 0.1924575573
0.2414765444, 0.0962287786
0.6207382722, 0.0481143893
0.8103691361, 0.0240571947
0.9051845681, 0.5120285973
0.9525922840, 0.7560142987
0.4762961420, 0.3780071493
0.2381480710, 0.1890035747
0.6190740355, 0.0945017873
0.3095370178, 0.0472508937
0.6547685089, 0.5236254468
0.8273842544, 0.2618127234
0.9136921272, 0.1309063617
0.4568460636, 0.0654531809
0.7284230318, 0.5327265904
0.3642115159, 0.7663632952
0.6821057580, 0.3831816476
0.8410528790, 0.1915908238
0.4205264395, 0.0957954119
0.2102632197, 0.0478977060
0.6051316099, 0.0239488530
0.8025658049, 0.5119744265
0.9012829025, 0.2559872132
0.9506414512, 0.1279936066
0.4753207256, 0.0639968033
0.2376603628, 0.5319984017
0.1188301814, 0.2659992008
0.0594150907, 0.1329996004
0.0297075454, 0.0664998002
0.5148537727, 0.0332499001
0.7574268863, 0.0166249501
0.8787134432, 0.5083124750
0.9393567216, 0.7541562375
0.9696783608, 0.8770781188
0.4848391804, 0.4385390594
0.2424195902, 0.2192695297
0.1212097951, 0.6096347648
0.0606048975, 0.3048173824
0.5303024488, 0.1524086912
0.7651512244, 0.5762043456
0.3825756122, 0.2881021728
0.6912878061, 0.1440510864
0.3456439030, 0.5720255432
0.6728219515, 0.2860127716
0.3364109758, 0.6430063858
0.1682054879, 0.3215031929
0.0841027439, 0.1607515965
0.5420513720, 0.0803757982
0.2710256860, 0.0401878991
0.6355128430, 0.0200939496
0.8177564215, 0.5100469748
0.9088782107, 0.7550234874
0.9544391054, 0.8775117437
0.9772195527, 0.4387558718
0.4886097763, 0.7193779359
0.2443048882, 0.3596889680
0.6221524441, 0.6798444840
0.8110762220, 0.3399222420
0.4055381110, 0.6699611210
0.2027690555, 0.3349805605
0.6013845278, 0.1674902802
0.8006922639, 0.0837451401
0.4003461319, 0.5418725701
0.2001730660, 0.2709362850
0.1000865330, 0.1354681425
0.5500432665, 0.0677340713
0.7750216332, 0.0338670356
0.3875108166, 0.5169335178
0.6937554083, 0.2584667589
0.8468777042, 0.6292333795
0.4234388521, 0.3146166897
0.2117194260, 0.6573083449
0.1058597130, 0.3286541724
0.0529298565, 0.1643270862
0.5264649283, 0.5821635431
0.7632324641, 0.7910817716
0.3816162321, 0.3955408858
0.1908081160, 0.1977704429
0.5954040580, 0.0988852214
0.2977020290, 0.5494426107
0.1488510145, 0.2747213054
0.0744255073, 0.1373606527
0.0372127536, 0.5686803263
0.5186063768, 0.7843401632
0.2593031884, 0.8921700816
0.1296515942, 0.9460850408
0.0648257971, 0.4730425204
0.0324128986, 0.2365212602
0.5162064493, 0.6182606301
0.2581032246, 0.8091303150
0.6290516123, 0.4045651575
0.8145258062, 0.7022825788
0.4072629031, 0.3511412894
0.2036314515, 0.1755706447
0.1018157258, 0.5877853223
0.0509078629, 0.7938926612
0.0254539314, 0.3969463306
0.0127269657, 0.1984731653
0.5063634829, 0.0992365826
0.2531817414, 0.5496182913
0.1265908707, 0.2748091457
0.5632954354, 0.6374045728
0.2816477177, 0.8187022864
0.1408238588, 0.4093511432
0.0704119294, 0.2046755716
0.5352059647, 0.1023377858
0.2676029824, 0.0511688929
0.1338014912, 0.5255844465
0.5669007456, 0.2627922232
0.2834503728, 0.1313961116
0.1417251864, 0.0656980558
0.0708625932, 0.0328490279
0.5354312966, 0.0164245140
0.7677156483, 0.0082122570
0.8838578241, 0.0041061285
0.4419289121, 0.5020530642
0.7209644560, 0.2510265321
0.8604822280, 0.1255132661
0.4302411140, 0.0627566330
0.2151205570, 0.5313783165
0.6075602785, 0.2656891583
0.8037801393, 0.6328445791
0.4018900696, 0.3164222896
0.7009450348, 0.6582111448
0.3504725174, 0.3291055724
0.1752362587, 0.1645527862
0.0876181294, 0.0822763931
0.5438090647, 0.5411381965
0.2719045323, 0.7705690983
0.6359522662, 0.3852845491
0.8179761331, 0.6926422746
0.9089880665, 0.3463211373
0.9544940333, 0.6731605686
0.9772470166, 0.8365802843
0.4886235083, 0.9182901422
0.7443117542, 0.4591450711
0.8721558771, 0.2295725355
0.4360779385, 0.6147862678
0.2180389693, 0.3073931339
0.6090194846, 0.6536965669
0.8045097423, 0.3268482835
0.4022548712, 0.1634241417
0.2011274356, 0.0817120709
0.1005637178, 0.5408560354
0.0502818589, 0.2704280177
0.5251409294, 0.1352140089
0.7625704647, 0.0676070044
0.3812852324, 0.0338035022
0.6906426162, 0.5169017511
0.3453213081, 0.7584508756
0.6726606540, 0.8792254378
0.8363303270, 0.9396127189
0.9181651635, 0.9698063594
0.4590825818, 0.9849031797
0.2295412909, 0.4924515899
0.1147706454, 0.2462257949
0.5573853227, 0.1231128975
0.7786926614, 0.0615564487
0.3893463307, 0.5307782244
0.1946731653, 0.2653891122
0.5973365827, 0.1326945561
0.2986682913, 0.5663472780
0.6493341457, 0.2831736390
0.3246670728, 0.6415868195
0.6623335364, 0.3207934098
0.8311667682, 0.1603967049
0.9155833841, 0.0801983524
0.9577916921, 0.5400991762
0.4788958460, 0.7700495881
0.2394479230, 0.8850247941
0.1197239615, 0.9425123970
0.0598619808, 0.9712561985
0.0299309904, 0.4856280993
0.5149654952, 0.2428140496
0.7574827476, 0.1214070248
0.3787413738, 0.0607035124
0.6893706869, 0.5303517562
0.3446853434, 0.7651758781
0.6723426717, 0.8825879391
0.8361713359, 0.9412939695
0.4180856679, 0.4706469848
0.7090428340, 0.2353234924
0.8545214170, 0.6176617462
0.9272607085, 0.8088308731
0.9636303542, 0.9044154365
0.4818151771, 0.9522077183
0.7409075886, 0.4761038591
0.8704537943, 0.7380519296
0.9352268971, 0.3690259648
0.4676134486, 0.1845129824
0.7338067243, 0.0922564912
0.3669033621, 0.0461282456
0.1834516811, 0.5230641228
0.0917258405, 0.2615320614
0.5458629203, 0.6307660307
0.7729314601, 0.3153830153
0.3864657301, 0.1576915077
0.1932328650, 0.0788457538
0.5966164325, 0.5394228769
0.7983082163, 0.7697114385
0.3991541081, 0.3848557192
0.1995770541, 0.6924278596
0.0997885270, 0.3462139298
0.0498942635, 0.1731069649
0.0249471318, 0.5865534825
0.0124735659, 0.2932767412
0.5062367829, 0.6466383706
0.7531183915, 0.3233191853
0.3765591957, 0.1616595927
0.6882795979, 0.0808297963
0.3441397989, 0.0404148982
0.1720698995, 0.0202074491
0.5860349497, 0.5101037245
0.7930174749, 0.7550518623
0.3965087374, 0.3775259311
0.6982543687, 0.1887629656
0.3491271844, 0.5943814828
0.6745635922, 0.7971907414
0.8372817961, 0.8985953707
0.9186408980, 0.4492976853
0.9593204490, 0.2246488427
0.4796602245, 0.6123244213
0.2398301123, 0.8061622107
0.1199150561, 0.4030811053
0.5599575281, 0.7015405527
0.7799787640, 0.8507702763
0.8899893820, 0.9253851382
0.9449946910, 0.9626925691
0.9724973455, 0.9813462845
0.9862486728, 0.9906731423
0.4931243364, 0.4953365711
0.7465621682, 0.2476682856
0.8732810841, 0.6238341428
0.9366405420, 0.3119170714
0.9683202710, 0.6559585357
0.9841601355, 0.3279792678
0.9920800678, 0.1639896339
0.9960400339, 0.0819948170
0.9980200169, 0.5409974085
0.9990100085, 0.2704987042
0.9995050042, 0.1352493521
0.4997525021, 0.0676246761
0.7498762511, 0.0338123380
0.3749381255, 0.0169061690
0.1874690628, 0.0084530845
0.5937345314, 0.5042265423
0.2968672657, 0.2521132711
0.6484336328, 0.6260566356
0.3242168164, 0.3130283178
0.6621084082, 0.6565141589
0.3310542041, 0.8282570794
0.1655271021, 0.9141285397
0.5827635510, 0.9570642699
0.7913817755, 0.4785321349
0.8956908878, 0.2392660675
0.4478454439, 0.6196330337
0.2239227219, 0.3098165169
0.6119613610, 0.1549082584
0.3059806805, 0.5774541292
0.6529903402, 0.2887270646
0.3264951701, 0.6443635323
0.1632475851, 0.3221817662
0.5816237925, 0.1610908831
0.7908118963, 0.5805454415
0.3954059481, 0.7902727208
0.6977029741, 0.3951363604
0.3488514870, 0.6975681802
0.1744257435, 0.8487840901
0.0872128718, 0.9243920450
0.0436064359, 0.4621960225
0.0218032179, 0.7310980113
0.5109016090, 0.3655490056
0.7554508045, 0.1827745028
0.8777254022, 0.5913872514
0.9388627011, 0.7956936257
0.4694313506, 0.3978468129
0.2347156753, 0.1989234064
0.6173578376, 0.0994617032
0.8086789188, 0.5497308516
0.4043394594, 0.7748654258
0.2021697297, 0.3874327129
0.6010848649, 0.6937163565
0.3005424324, 0.3468581782
0.1502712162, 0.1734290891
0.0751356081, 0.5867145446
0.5375678041, 0.2933572723
0.7687839020, 0.1466786361
0.8843919510, 0.0733393181
0.4421959755, 0.5366696590
0.7210979878, 0.2683348295
0.8605489939, 0.1341674148
0.9302744969, 0.0670837074
0.9651372485, 0.0335418537
0.9825686242, 0.0167709268
0.4912843121, 0.0083854634
0.2456421561, 0.0041927317
0.1228210780, 0.5020963659
0.5614105390, 0.2510481829
0.2807052695, 0.6255240915
0.1403526348, 0.3127620457
0.5701763174, 0.6563810229
0.7850881587, 0.8281905114
0.8925440793, 0.9140952557
0.4462720397, 0.4570476279
0.7231360198, 0.7285238139
0.3615680099, 0.8642619070
0.1807840050, 0.9321309535
0.5903920025, 0.4660654767
0.7951960012, 0.2330327384
0.8975980006, 0.6165163692
0.4487990003, 0.8082581846
0.7243995002, 0.4041290923
0.8621997501, 0.7020645461
0.4310998750, 0.3510322731
0.2155499375, 0.1755161365
0.6077749688, 0.0877580683
0.8038874844, 0.5438790341
0.4019437422, 0.2719395171
0.2009718711, 0.6359697585
0.1004859355, 0.3179848793
0.0502429678, 0.1589924396
0.5251214839, 0.5794962198
0.2625607419, 0.7897481099
0.1312803710, 0.3948740550
0.0656401855, 0.6974370275
0.5328200927, 0.3487185137
0.2664100464, 0.6743592569
0.1332050232, 0.8371796284
0.0666025116, 0.4185898142
0.0333012558, 0.2092949071
0.5166506279, 0.1046474536
0.7583253139, 0.5523237268
0.8791626570, 0.7761618634
0.9395813285, 0.8880809317
0.4697906642, 0.4440404658
0.2348953321, 0.7220202329
0.6174476661, 0.3610101165
0.8087238330, 0.6805050582
0.9043619165, 0.3402525291
0.4521809583, 0.6701262646
0.2260904791, 0.3350631323
0.1130452396, 0.1675315661
0.0565226198, 0.0837657831
0.5282613099, 0.5418828915
0.2641306549, 0.2709414458
0.1320653275, 0.6354707229
0.0660326637, 0.3177353614
0.5330163319, 0.6588676807
0.2665081659, 0.3294338404
0.1332540830, 0.1647169202
0.5666270415, 0.5823584601
0.2833135207, 0.7911792300
0.1416567604, 0.8955896150
0.0708283802, 0.9477948075
0.5354141901, 0.4738974038
0.2677070950, 0.7369487019
0.1338535475, 0.3684743509
0.0669267738, 0.6842371755
0.0334633869, 0.3421185877
0.5167316934, 0.6710592939
0.2583658467, 0.3355296469
0.1291829234, 0.1677648235
0.0645914617, 0.5838824117
0.0322957308, 0.2919412059
0.5161478654, 0.1459706029
0.7580739327, 0.0729853015
0.3790369664, 0.0364926507
0.1895184832, 0.0182463254
0.5947592416, 0.0091231627
0.7973796208, 0.5045615813
0.3986898104, 0.2522807907
0.6993449052, 0.6261403953
0.8496724526, 0.3130701977
0.9248362263, 0.1565350988
0.9624181131, 0.5782675494
0.9812090566, 0.2891337747
0.4906045283, 0.6445668874
0.2453022641, 0.8222834437
0.6226511321, 0.4111417218
0.3113255660, 0.2055708609
0.6556627830, 0.1027854305
0.8278313915, 0.5513927152
0.9139156958, 0.7756963576
0.9569578479, 0.8878481788
0.9784789239, 0.4439240894
0.9892394620, 0.7219620447
0.4946197310, 0.3609810224
0.7473098655, 0.6804905112
0.8736549327, 0.8402452556
0.4368274664, 0.9201226278
0.7184137332, 0.4600613139
0.3592068666, 0.7300306569
0.1796034333, 0.8650153285
0.0898017166, 0.9325076642
0.5449008583, 0.4662538321
0.2724504292, 0.7331269161
0.1362252146, 0.8665634580
0.0681126073, 0.9332817290
0.0340563036, 0.9666408645
0.0170281518, 0.4833204323
0.5085140759, 0.2416602161
0.2542570380, 0.1208301081
0.6271285190, 0.0604150540
0.3135642595, 0.0302075270
0.1567821297, 0.0151037635
0.0783910649, 0.5075518818
0.5391955324, 0.2537759409
0.2695977662, 0.6268879704
0.1347988831, 0.3134439852
0.0673994416, 0.1567219926
0.5336997208, 0.5783609963
0.7668498604, 0.7891804982
0.8834249302, 0.3945902491
0.9417124651, 0.1972951245
0.9708562325, 0.0986475623
0.9854281163, 0.5493237811
0.4927140581, 0.2746618906
0.7463570291, 0.6373309453
0.8731785145, 0.3186654726
0.4365892573, 0.6593327363
0.7182946286, 0.3296663682
0.8591473143, 0.6648331841
0.9295736572, 0.3324165920
0.9647868286, 0.1662082960
0.9823934143, 0.5831041480
0.4911967071, 0.7915520740
0.7455983536, 0.3957760370
0.8727991768, 0.1978880185
0.9363995884, 0.5989440093
0.9681997942, 0.7994720046
0.9840998971, 0.3997360023
0.4920499485, 0.6998680012
0.2460249743, 0.3499340006
0.6230124871, 0.6749670003
0.3115062436, 0.8374835001
0.1557531218, 0.4187417501
0.0778765609, 0.2093708750
0.5389382804, 0.6046854375
0.7694691402, 0.3023427188
0.8847345701, 0.6511713594
0.4423672851, 0.8255856797
0.7211836425, 0.4127928398
0.8605918213, 0.2063964199
0.9302959106, 0.6031982100
0.4651479553, 0.8015991050
0.2325739777, 0.9007995525
0.1162869888, 0.4503997762
0.5581434944, 0.2251998881
0.7790717472, 0.6125999441
0.3895358736, 0.3062999720
0.6947679368, 0.1531499860
0.8473839684, 0.5765749930
0.9236919842, 0.7882874965
0.4618459921, 0.8941437483
0.2309229961, 0.4470718741
0.1154614980, 0.7235359371
0.0577307490, 0.8617679685
0.0288653745, 0.4308839843
0.5144326873, 0.7154419921
0.7572163436, 0.3577209961
0.8786081718, 0.1788604980
0.9393040859, 0.5894302490
0.9696520430, 0.7947151245
0.9848260215, 0.3973575623
0.9924130107, 0.1986787811
0.9962065054, 0.5993393906
0.4981032527, 0.2996696953
0.2490516263, 0.6498348476
0.1245258132, 0.3249174238
0.0622629066, 0.1624587119
0.5311314533, 0.0812293560
0.7655657266, 0.0406146780
0.8827828633, 0.5203073390
0.9413914317, 0.7601536695
0.4706957158, 0.3800768347
0.2353478579, 0.1900384174
0.6176739290, 0.0950192087
0.8088369645, 0.0475096043
0.9044184822, 0.0237548022
0.4522092411, 0.5118774011
0.7261046206, 0.2559387005
0.8630523103, 0.6279693503
0.9315261551, 0.8139846751
0.9657630776, 0.4069923376
0.4828815388, 0.7034961688
0.2414407694, 0.8517480844
0.1207203847, 0.4258740422
0.5603601923, 0.7129370211
0.2801800962, 0.3564685105
0.1400900481, 0.6782342553
0.0700450240, 0.3391171276
0.0350225120, 0.1695585638
0.5175112560, 0.0847792819
0.7587556280, 0.5423896410
0.8793778140, 0.7711948205
0.9396889070, 0.8855974102
0.9698444535, 0.9427987051
0.4849222268, 0.9713993526
0.7424611134, 0.4856996763
0.8712305567, 0.7428498381
0.9356152783, 0.3714249191
0.9678076392, 0.6857124595
0.9839038196, 0.8428562298
0.4919519098, 0.9214281149
0.7459759549, 0.4607140574
0.8729879774, 0.7303570287
0.9364939887, 0.3651785144
0.4682469944, 0.1825892572
0.7341234972, 0.0912946286
0.8670617486, 0.0456473143
0.9335308743, 0.5228236571
0.4667654371, 0.2614118286
0.2333827186, 0.1307059143
0.1166913593, 0.0653529571
0.5583456796, 0.0326764786
0.2791728398, 0.0163382393
0.1395864199, 0.5081691196
0.0697932100, 0.2540845598
0.0348966050, 0.1270422799
0.5174483025, 0.0635211400
0.7587241512, 0.5317605700
0.8793620756, 0.7658802850
0.4396810378, 0.8829401425
0.2198405189, 0.4414700712
0.6099202595, 0.2207350356
0.3049601297, 0.1103675178
0.1524800649, 0.0551837589
0.5762400324, 0.0275918795
0.2881200162, 0.0137959397
0.1440600081, 0.0068979699
0.0720300041, 0.5034489849
0.0360150020, 0.2517244925
0.5180075010, 0.6258622462
0.2590037505, 0.3129311231
0.1295018753, 0.6564655616
0.0647509376, 0.3282327808
0.0323754688, 0.6641163904
0.0161877344, 0.8320581952
0.0080938672, 0.4160290976
0.5040469336, 0.2080145488
0.2520234668, 0.6040072744
0.1260117334, 0.3020036372
0.0630058667, 0.1510018186
0.5315029334, 0.5755009093
0.2657514667, 0.2877504546
0.6328757333, 0.6438752273
0.8164378667, 0.3219376137
0.9082189333, 0.1609688068
0.9541094667, 0.5804844034
0.9770547333, 0.7902422017
0.4885273667, 0.3951211009
0.7442636833, 0.6975605504
0.8721318417, 0.8487802752
0.4360659208, 0.4243901376
0.2180329604, 0.2121950688
0.1090164802, 0.6060975344
0.0545082401, 0.3030487672
0.0272541201, 0.1515243836
0.0136270600, 0.5757621918
0.0068135300, 0.2878810959
0.5034067650, 0.1439405480
0.2517033825, 0.0719702740
0.1258516913, 0.5359851370
0.5629258456, 0.2679925685
0.7814629228, 0.6339962842
0.3907314614, 0.3169981421
0.6953657307, 0.6584990711
0.3476828654, 0.3292495355
0.1738414327, 0.1646247678
0.0869207163, 0.5823123839
0.0434603582, 0.7911561919
0.0217301791, 0.8955780960
0.0108650895, 0.4477890480
0.0054325448, 0.2238945240
0.5027162724, 0.6119472620
0.2513581362, 0.3059736310
0.6256790681, 0.6529868155
0.8128395340, 0.3264934077
0.4064197670, 0.6632467039
0.7032098835, 0.3316233519
0.8516049418, 0.6658116760
0.4258024709, 0.3329058380
0.2129012354, 0.1664529190
0.6064506177, 0.0832264595
0.8032253089, 0.5416132297
0.9016126544, 0.2708066149
0.9508063272, 0.6354033074
0.4754031636, 0.8177016537
0.2377015818, 0.4088508269
0.6188507909, 0.2044254134
0.8094253955, 0.6022127067
0.9047126977, 0.3011063534
0.9523563489, 0.6505531767
0.9761781744, 0.3252765883
0.4880890872, 0.1626382942
0.2440445436, 0.0813191471
0.1220222718, 0.0406595735
0.5610111359, 0.0203297868
0.7805055680, 0.5101648934
0.8902527840, 0.7550824467
0.4451263920, 0.8775412233
0.7225631960, 0.4387706117
0.3612815980, 0.7193853058
0.6806407990, 0.3596926529
0.8403203995, 0.1798463265
0.9201601997, 0.5899231632
0.4600800999, 0.7949615816
0.7300400499, 0.3974807908
0.8650200250, 0.1987403954
0.9325100125, 0.0993701977
0.4662550062, 0.0496850989
0.2331275031, 0.5248425494
0.6165637516, 0.2624212747
0.8082818758, 0.6312106374
0.9041409379, 0.3156053187
0.4520704689, 0.1578026593
0.2260352345, 0.0789013297
0.6130176172, 0.0394506648
0.8065088086, 0.5197253324
0.4032544043, 0.2598626662
0.2016272022, 0.6299313331
0.6008136011, 0.3149656666
0.8004068005, 0.6574828333
0.4002034003, 0.3287414166
0.7001017001, 0.1643707083
0.8500508501, 0.5821853542
0.9250254250, 0.7910926771
0.4625127125, 0.3955463385
0.2312563563, 0.6977731693
0.1156281781, 0.8488865846
0.0578140891, 0.4244432923
0.0289070445, 0.2122216462
0.5144535223, 0.6061108231
0.7572267611, 0.3030554115
0.3786133806, 0.1515277058
0.1893066903, 0.0757638529
0.5946533451, 0.0378819264
0.7973266726, 0.5189409632
0.8986633363, 0.7594704816
0.9493316681, 0.8797352408
0.4746658341, 0.9398676204
0.2373329170, 0.4699338102
0.6186664585, 0.7349669051
0.8093332293, 0.8674834526
0.4046666146, 0.9337417263
0.2023333073, 0.4668708631
0.6011666537, 0.2334354316
0.3005833268, 0.6167177158
0.1502916634, 0.3083588579
0.5751458317, 0.1541794289
0.2875729159, 0.0770897145
0.6437864579, 0.0385448572
0.3218932290, 0.0192724286
0.1609466145, 0.0096362143
0.5804733072, 0.5048181072
0.2902366536, 0.2524090536
0.6451183268, 0.1262045268
0.3225591634, 0.5631022634
0.6612795817, 0.2815511317
0.8306397909, 0.1407755658
0.4153198954, 0.5703877829
0.2076599477, 0.2851938915
0.1038299739, 0.1425969457
0.0519149869, 0.0712984729
0.0259574935, 0.0356492364
0.5129787467, 0.0178246182
0.7564893734, 0.5089123091
0.8782446867, 0.7544561546
0.4391223433, 0.3772280773
0.2195611717, 0.1886140386
0.1097805858, 0.0943070193
0.0548902929, 0.0471535097
0.0274451465, 0.0235767548
0.5137225732, 0.5117883774
0.7568612866, 0.7558941887
0.3784306433, 0.3779470944
0.1892153217, 0.1889735472
0.0946076608, 0.0944867736
0.0473038304, 0.0472433868
0.5236519152, 0.5236216934
0.7618259576, 0.2618108467
0.8809129788, 0.6309054233
0.9404564894, 0.8154527117
0.9702282447, 0.4077263558
0.4851141224, 0.7038631779
0.2425570612, 0.3519315890
0.1212785306, 0.1759657945
0.0606392653, 0.0879828972
0.5303196326, 0.0439914486
0.2651598163, 0.5219957243
0.1325799082, 0.2609978622
0.5662899541, 0.6304989311
0.7831449770, 0.3152494655
0.3915724885, 0.6576247328
0.6957862443, 0.8288123664
0.3478931221, 0.4144061832
0.1739465611, 0.2072030916
0.5869732805, 0.1036015458
0.7934866403, 0.0518007729
0.8967433201, 0.5259003864
0.9483716601, 0.7629501932
0.4741858300, 0.3814750966
0.7370929150, 0.1907375483
0.8685464575, 0.5953687742
0.4342732288, 0.7976843871
0.7171366144, 0.3988421935
0.3585683072, 0.6994210968
0.1792841536, 0.8497105484
0.5896420768, 0.4248552742
0.2948210384, 0.2124276371
0.1474105192, 0.1062138185
0.5737052596, 0.0531069093
0.7868526298, 0.0265534546
0.3934263149, 0.0132767273
0.6967131574, 0.0066383637
0.3483565787, 0.5033191818
0.1741782894, 0.2516595909
0.0870891447, 0.6258297955
0.5435445723, 0.3129148977
0.2717722862, 0.1564574489
0.6358861431, 0.0782287244
0.8179430715, 0.5391143622
0.4089715358, 0.2695571811
0.7044857679, 0.6347785906
0.8522428839, 0.8173892953
0.4261214420, 0.4086946476
0.7130607210, 0.7043473238
0.8565303605, 0.3521736619
0.9282651802, 0.6760868310
0.4641325901, 0.8380434155
0.7320662951, 0.4190217077
0.3660331475, 0.7095108539
0.1830165738, 0.8547554269
0.5915082869, 0.4273777135
0.7957541434, 0.7136888567
0.8978770717, 0.3568444284
0.9489385359, 0.1784222142
0.4744692679, 0.0892111071
0.7372346340, 0.0446055535
0.3686173170, 0.5223027768
0.1843086585, 0.7611513884
0.5921543292, 0.3805756942
0.7960771646, 0.6902878471
0.3980385823, 0.3451439235
0.6990192912, 0.1725719618
0.8495096456, 0.5862859809
0.4247548228, 0.7931429904
0.2123774114, 0.8965714952
0.6061887057, 0.9482857476
0.8030943528, 0.9741428738
0.4015471764, 0.9870714369
0.7007735882, 0.9935357185
0.3503867941, 0.4967678592
0.1751933971, 0.2483839296
0.0875966985, 0.1241919648
0.5437983493, 0.0620959824
0.2718991746, 0.5310479912
0.1359495873, 0.2655239956
0.0679747937, 0.6327619978
0.0339873968, 0.3163809989
0.5169936984, 0.1581904995
0.7584968492, 0.5790952497
0.8792484246, 0.2895476249
0.9396242123, 0.6447738124
0.9698121062, 0.3223869062
0.9849060531, 0.6611934531
0.9924530265, 0.3305967266
0.9962265133, 0.6652983633
0.4981132566, 0.8326491816
0.2490566283, 0.4163245908
0.6245283142, 0.7081622954
0.8122641571, 0.8540811477
0.9061320785, 0.9270405739
0.4530660393, 0.4635202869
0.7265330196, 0.2317601435
0.3632665098, 0.1158800717
0.1816332549, 0.0579400359
0.5908166275, 0.0289700179
0.7954083137, 0.0144850090
0.8977041569, 0.5072425045
0.9488520784, 0.7536212522
0.4744260392, 0.8768106261
0.2372130196, 0.4384053131
0.6186065098, 0.2192026565
0.8093032549, 0.6096013283
0.9046516275, 0.8048006641
0.4523258137, 0.9024003321
0.7261629069, 0.4512001660
0.3630814534, 0.7256000830
0.1815407267, 0.3628000415
0.0907703634, 0.1814000208
0.0453851817, 0.0907000104
0.5226925908, 0.0453500052
0.2613462954, 0.0226750026
0.6306731477, 0.5113375013
0.8153365739, 0.7556687506
0.4076682869, 0.8778343753
0.2038341435, 0.9389171877
0.1019170717, 0.4694585938
0.5509585359, 0.2347292969
0.7754792679, 0.6173646485
0.8877396340, 0.8086823242
0.9438698170, 0.9043411621
0.9719349085, 0.4521705811
0.4859674542, 0.2260852905
0.7429837271, 0.1130426453
0.3714918636, 0.5565213226
0.6857459318, 0.2782606613
0.8428729659, 0.1391303307
0.9214364829, 0.0695651653
0.4607182415, 0.5347825827
0.2303591207, 0.2673912913
0.1151795604, 0.1336956457
0.5575897802, 0.0668478228
0.2787948901, 0.5334239114
0.1393974450, 0.2667119557
0.0696987225, 0.1333559779
0.0348493613, 0.0666779889
0.0174246806, 0.0333389945
0.5087123403, 0.0166694972
0.7543561702, 0.0083347486
0.8771780851, 0.0041673743
0.9385890425, 0.5020836872
0.9692945213, 0.7510418436
0.4846472606, 0.3755209218
0.7423236303, 0.6877604609
0.8711618152, 0.3438802304
0.4355809076, 0.1719401152
0.7177904538, 0.0859700576
0.3588952269, 0.5429850288
0.1794476134, 0.2714925144
0.0897238067, 0.1357462572
0.0448619034, 0.0678731286
0.5224309517, 0.0339365643
0.2612154758, 0.0169682822
0.6306077379, 0.5084841411
0.8153038690, 0.7542420705
0.4076519345, 0.3771210353
0.7038259672, 0.1885605176
0.3519129836, 0.0942802588
0.6759564918, 0.0471401294
0.3379782459, 0.0235700647
0.6689891230, 0.0117850324
0.3344945615, 0.0058925162
0.6672472807, 0.0029462581
0.8336236404, 0.5014731290
0.4168118202, 0.7507365645
0.2084059101, 0.3753682823
0.6042029550, 0.6876841411
0.8021014775, 0.3438420706
0.9010507388, 0.6719210353
0.9505253694, 0.8359605176
0.4752626847, 0.4179802588
0.7376313423, 0.7089901294
0.8688156712, 0.3544950647
0.9344078356, 0.1772475324
0.9672039178, 0.0886237662
0.9836019589, 0.0443118831
0.4918009794, 0.5221559415
0.7459004897, 0.7610779708
0.8729502449, 0.8805389854
0.4364751224, 0.4402694927
0.7182375612, 0.7201347463
0.3591187806, 0.3600673732
0.1795593903, 0.6800336866
0.0897796952, 0.3400168433
0.0448898476, 0.1700084216
0.5224449238, 0.0850042108
0.2612224619, 0.5425021054
0.1306112309, 0.7712510527
0.0653056155, 0.3856255264
0.0326528077, 0.6928127632
0.5163264039, 0.8464063816
0.2581632019, 0.9232031908
0.1290816010, 0.9616015954
0.0645408005, 0.9808007977
0.0322704002, 0.9904003988
0.0161352001, 0.4952001994
0.0080676001, 0.2476000997
0.5040338000, 0.1238000499
0.7520169000, 0.5619000249
0.3760084500, 0.2809500125
0.6880042250, 0.1404750062
0.8440021125, 0.5702375031
0.9220010563, 0.7851187516
0.4610005281, 0.3925593758
0.2305002641, 0.1962796879
0.1152501320, 0.5981398439
0.0576250660, 0.2990699220
0.5288125330, 0.6495349610
0.7644062665, 0.8247674805
0.8822031333, 0.4123837402
0.4411015666, 0.2061918701
0.7205507833, 0.6030959351
0.8602753917, 0.3015479675
0.9301376958, 0.1507739838
0.9650688479, 0.5753869919
0.9825344240, 0.2876934959
0.9912672120, 0.6438467480
0.9956336060, 0.8219233740
0.9978168030, 0.4109616870
0.4989084015, 0.7054808435
0.2494542007, 0.8527404217
0.6247271004, 0.9263702109
0.8123635502, 0.9631851054
0.9061817751, 0.4815925527
0.9530908875, 0.7407962764
0.9765454438, 0.3703981382
0.4882727219, 0.6851990691
0.2441363609, 0.8425995345
0.1220681805, 0.9212997673
0.5610340902, 0.4606498836
0.7805170451, 0.2303249418
0.3902585226, 0.1151624709
0.1951292613, 0.0575812355
0.0975646306, 0.5287906177
0.5487823153, 0.7643953089
0.7743911577, 0.8821976544
0.8871955788, 0.9410988272
0.9435977894, 0.9705494136
0.4717988947, 0.9852747068
0.2358994474, 0.4926373534
0.6179497237, 0.2463186767
0.3089748618, 0.1231593384
0.6544874309, 0.0615796692
0.8272437155, 0.5307898346
0.9136218577, 0.7653949173
0.9568109289, 0.8826974586
0.9784054644, 0.9413487293
0.9892027322, 0.4706743647
0.4946013661, 0.2353371823
0.2473006831, 0.1176685912
0.1236503415, 0.0588342956
0.0618251708, 0.0294171478
0.5309125854, 0.5147085739
0.7654562927, 0.7573542869
0.8827281463, 0.8786771435
0.9413640732, 0.4393385717
0.9706820366, 0.2196692859
0.9853410183, 0.1098346429
0.9926705091, 0.0549173215
0.4963352546, 0.5274586607
0.2481676273, 0.2637293304
0.6240838136, 0.1318646652
0.8120419068, 0.0659323326
0.9060209534, 0.0329661663
0.4530104767, 0.0164830831
0.2265052384, 0.0082415416
0.1132526192, 0.0041207708
0.5566263096, 0.0020603854
0.2783131548, 0.0010301927
0.1391565774, 0.5005150963
0.5695782887, 0.7502575482
0.7847891443, 0.8751287741
0.3923945722, 0.9375643870
0.1961972861, 0.4687821935
0.0980986430, 0.2343910968
0.5490493215, 0.1171955484
0.7745246608, 0.5585977742
0.8872623304, 0.7792988871
0.9436311652, 0.3896494435
0.9718155826, 0.6948247218
0.9859077913, 0.3474123609
0.9929538956, 0.1737061804
0.9964769478, 0.0868530902
0.9982384739, 0.5434265451
0.9991192370, 0.7717132726
0.4995596185, 0.3858566363
0.7497798092, 0.1929283181
0.8748899046, 0.0964641591
0.9374449523, 0.5482320795
0.9687224762, 0.7741160398
0.9843612381, 0.8870580199
0.4921806190, 0.4435290099
0.7460903095, 0.7217645050
0.3730451548, 0.3608822525
0.1865225774, 0.1804411262
0.0932612887, 0.5902205631
0.0466306443, 0.7951102816
0.0233153222, 0.3975551408
0.0116576611, 0.1987775704
0.0058288305, 0.0993887852
0.0029144153, 0.0496943926
0.5014572076, 0.5248471963
0.2507286038, 0.7624235981
0.1253643019, 0.3812117991
0.0626821510, 0.6906058995
0.5313410755, 0.3453029498
0.2656705377, 0.1726514749
0.1328352689, 0.0863257374
0.5664176344, 0.0431628687
0.7832088172, 0.0215814344
0.3916044086, 0.5107907172
0.1958022043, 0.7553953586
0.0979011022, 0.3776976793
0.5489505511, 0.6888488396
0.7744752755, 0.8444244198
0.3872376378, 0.4222122099
0.6936188189, 0.7111061050
0.3468094094, 0.8555530525
0.6734047047, 0.9277765262
0.8367023524, 0.9638882631
0.4183511762, 0.9819441316
0.7091755881, 0.4909720658
0.8545877940, 0.2454860329
0.9272938970, 0.1227430164
0.9636469485, 0.5613715082
0.4818234743, 0.2806857541
0.2409117371, 0.1403428771
0.1204558686, 0.0701714385
0.5602279343, 0.0350857193
0.7801139671, 0.5175428596
0.3900569836, 0.2587714298
0.6950284918, 0.1293857149
0.8475142459, 0.0646928575
0.9237571229, 0.0323464287
0.9618785615, 0.5161732144
0.9809392807, 0.7580866072
0.9904696404, 0.8790433036
0.4952348202, 0.4395216518
0.2476174101, 0.7197608259
0.1238087050, 0.8598804129
0.0619043525, 0.9299402065
0.0309521763, 0.4649701032
0.0154760881, 0.2324850516
0.0077380441, 0.1162425258
0.5038690220, 0.0581212629
0.7519345110, 0.5290606315
0.8759672555, 0.7645303157
0.4379836278, 0.3822651579
0.7189918139, 0.1911325789
0.8594959069, 0.5955662895
0.9297479535, 0.7977831447
0.4648739767, 0.3988915724
0.2324369884, 0.6994457862
0.6162184942, 0.3497228931
0.8081092471, 0.6748614465
0.9040546235, 0.8374307233
0.4520273118, 0.4187153616
0.2260136559, 0.2093576808
0.1130068279, 0.6046788404
0.5565034140, 0.8023394202
0.7782517070, 0.9011697101
0.3891258535, 0.4505848551
0.1945629267, 0.7252924275
0.0972814634, 0.3626462138
0.5486407317, 0.6813231069
0.7743203658, 0.3406615534
0.3871601829, 0.1703307767
0.6935800915, 0.5851653884
0.3467900457, 0.7925826942
0.6733950229, 0.3962913471
0.8366975114, 0.1981456735
0.9183487557, 0.0990728368
0.9591743779, 0.0495364184
0.4795871889, 0.5247682092
0.7397935945, 0.7623841046
0.8698967972, 0.8811920523
0.9349483986, 0.4405960261
0.9674741993, 0.7202980131
0.4837370997, 0.3601490065
0.2418685498, 0.1800745033
0.6209342749, 0.5900372516
0.3104671375, 0.7950186258
0.1552335687, 0.3975093129
0.0776167844, 0.1987546565
0.5388083922, 0.5993773282
0.2694041961, 0.2996886641
0.6347020980, 0.1498443321
0.3173510490, 0.0749221660
0.6586755245, 0.0374610830
0.3293377623, 0.5187305415
0.6646688811, 0.7593652708
0.8323344406, 0.3796826354
0.4161672203, 0.1898413177
0.7080836101, 0.5949206588
0.3540418051, 0.7974603294
0.1770209025, 0.3987301647
0.0885104513, 0.1993650824
0.5442552256, 0.0996825412
0.2721276128, 0.0498412706
0.1360638064, 0.0249206353
0.0680319032, 0.5124603176
0.5340159516, 0.2562301588
0.7670079758, 0.6281150794
0.3835039879, 0.3140575397
0.6917519940, 0.1570287699
0.8458759970, 0.0785143849
0.9229379985, 0.5392571925
0.9614689992, 0.7696285962
0.9807344996, 0.3848142981
0.4903672498, 0.6924071491
0.2451836249, 0.3462035745
0.6225918125, 0.6731017873
0.8112959062, 0.8365508936
0.4056479531, 0.4182754468
0.7028239766, 0.2091377234
0.3514119883, 0.1045688617
0.6757059941, 0.0522844309
0.3378529971, 0.0261422154
0.6689264985, 0.5130711077
0.3344632493, 0.7565355539
0.6672316246, 0.8782677769
0.8336158123, 0.9391338885
0.9168079062, 0.9695669442
0.4584039531, 0.4847834721
0.7292019765, 0.7423917361
0.8646009883, 0.3711958680
0.9323004941, 0.1855979340
0.9661502471, 0.0927989670
0.9830751235, 0.0463994835
0.9915375618, 0.5231997418
0.9957687809, 0.2615998709
0.4978843904, 0.6307999354
0.2489421952, 0.8153999677
0.1244710976, 0.4076999839
0.5622355488, 0.7038499919
0.2811177744, 0.8519249960
0.1405588872, 0.4259624980
0.5702794436, 0.2129812490
0.2851397218, 0.6064906245
0.1425698609, 0.8032453122
0.0712849305, 0.4016226561
0.5356424652, 0.7008113281
0.2678212326, 0.3504056640
0.1339106163, 0.1752028320
0.5669553082, 0.0876014160
0.7834776541, 0.0438007080
0.8917388270, 0.5219003540
0.4458694135, 0.2609501770
0.2229347068, 0.6304750885
0.1114673534, 0.3152375443
0.5557336767, 0.6576187721
0.7778668383, 0.8288093861
0.3889334192, 0.4144046930
0.6944667096, 0.2072023465
0.8472333548, 0.1036011733
0.4236166774, 0.0518005866
0.7118083387, 0.5259002933
0.3559041693, 0.2629501467
0.6779520847, 0.1314750733
0.8389760423, 0.0657375367
0.9194880212, 0.5328687683
0.9597440106, 0.2664343842
0.4798720053, 0.1332171921
0.7399360026, 0.0666085960
0.3699680013, 0.0333042980
0.1849840007, 0.0166521490
0.5924920003, 0.5083260745
0.2962460002, 0.2541630373
0.1481230001, 0.6270815186
0.0740615000, 0.8135407593
0.5370307500, 0.4067703797
0.7685153750, 0.2033851898
0.8842576875, 0.6016925949
0.9421288438, 0.3008462975
0.9710644219, 0.1504231487
0.9855322109, 0.0752115744
0.4927661055, 0.5376057872
0.7463830527, 0.2688028936
0.8731915264, 0.6344014468
0.9365957632, 0.8172007234
0.9682978816, 0.9086003617
0.9841489408, 0.4543001808
0.9920744704, 0.2271500904
0.9960372352, 0.6135750452
0.4980186176, 0.3067875226
0.7490093088, 0.6533937613
0.8745046544, 0.3266968807
0.9372523272, 0.1633484403
0.4686261636, 0.0816742202
0.2343130818, 0.0408371101
0.6171565409, 0.0204185550
0.3085782704, 0.5102092775
0.1542891352, 0.2551046388
0.5771445676, 0.6275523194
0.7885722838, 0.8137761597
0.8942861419, 0.9068880798
0.9471430710, 0.9534440399
0.9735715355, 0.9767220200
0.4867857677, 0.9883610100
0.7433928839, 0.9941805050
0.8716964419, 0.9970902525
0.4358482210, 0.9985451262
0.2179241105, 0.9992725631
0.6089620552, 0.4996362816
0.8044810276, 0.7498181408
0.4022405138, 0.3749090704
0.2011202569, 0.1874545352
0.6005601285, 0.5937272676
0.3002800642, 0.2968636338
0.6501400321, 0.6484318169
0.3250700161, 0.3242159084
0.6625350080, 0.6621079542
0.3312675040, 0.8310539771
0.1656337520, 0.4155269886
0.0828168760, 0.7077634943
0.0414084380, 0.3538817471
0.0207042190, 0.1769408736
0.5103521095, 0.0884704368
0.7551760548, 0.0442352184
0.8775880274, 0.0221176092
0.9387940137, 0.5110588046
0.9693970068, 0.7555294023
0.4846985034, 0.3777647011
0.2423492517, 0.6888823506
0.1211746259, 0.8444411753
0.0605873129, 0.4222205876
0.5302936565, 0.7111102938
0.7651468282, 0.3555551469
0.8825734141, 0.6777775735
0.9412867071, 0.8388887867
0.9706433535, 0.9194443934
0.4853216768, 0.4597221967
0.7426608384, 0.7298610983
0.3713304192, 0.8649305492
0.1856652096, 0.4324652746
0.5928326048, 0.7162326373
0.2964163024, 0.8581163186
0.1482081512, 0.4290581593
0.5741040756, 0.2145290797
0.2870520378, 0.1072645398
0.6435260189, 0.0536322699
0.3217630094, 0.5268161350
0.6608815047, 0.2634080675
0.8304407524, 0.1317040337
0.9152203762, 0.0658520169
0.9576101881, 0.0329260084
0.9788050940, 0.0164630042
0.9894025470, 0.5082315021
0.9947012735, 0.2541157511
0.9973506368, 0.6270578755
0.9986753184, 0.8135289378
0.9993376592, 0.4067644689
0.9996688296, 0.7033822344
0.9998344148, 0.3516911172
0.4999172074, 0.1758455586
0.2499586037, 0.0879227793
0.1249793018, 0.0439613897
0.5624896509, 0.0219806948
0.2812448255, 0.0109903474
0.6406224127, 0.5054951737
0.8203112064, 0.2527475869
0.9101556032, 0.6263737934
0.4550778016, 0.3131868967
0.2275389008, 0.6565934484
0.1137694504, 0.3282967242
0.0568847252, 0.6641483621
0.5284423626, 0.3320741810
0.7642211813, 0.6660370905
0.8821105906, 0.3330185453
0.9410552953, 0.1665092726
0.4705276477, 0.0832546363
0.7352638238, 0.5416273182
0.8676319119, 0.2708136591
0.9338159560, 0.1354068295
0.9669079780, 0.5677034148
0.9834539890, 0.7838517074
0.9917269945, 0.3919258537
0.4958634972, 0.6959629268
0.7479317486, 0.3479814634
0.8739658743, 0.1739907317
0.9369829372, 0.5869953659
0.9684914686, 0.7934976829
0.4842457343, 0.8967488415
0.2421228671, 0.9483744207
0.1210614336, 0.4741872104
0.5605307168, 0.7370936052
0.2802653584, 0.3685468026
0.1401326792, 0.6842734013
0.5700663396, 0.8421367006
0.7850331698, 0.9210683503
0.8925165849, 0.4605341752
0.9462582924, 0.7302670876
0.4731291462, 0.8651335438
0.7365645731, 0.4325667719
0.8682822866, 0.7162833859
0.4341411433, 0.3581416930
0.2170705716, 0.1790708465
0.6085352858, 0.0895354232
0.8042676429, 0.0447677116
0.9021338215, 0.5223838558
0.4510669107, 0.7611919279
0.2255334554, 0.8805959640
0.1127667277, 0.4402979820
0.5563833638, 0.2201489910
0.7781916819, 0.1100744955
0.3890958410, 0.5550372477
0.1945479205, 0.2775186239
0.0972739602, 0.6387593119
0.0486369801, 0.8193796560
0.0243184901, 0.4096898280
0.5121592450, 0.2048449140
0.7560796225, 0.1024224570
0.8780398113, 0.5512112285
0.4390199056, 0.2756056142
0.2195099528, 0.6378028071
0.1097549764, 0.3189014036
0.0548774882, 0.1594507018
0.5274387441, 0.5797253509
0.7637193721, 0.2898626754
0.3818596860, 0.1449313377
0.6909298430, 0.5724656689
