0.2500000000, 0.2500000000
0.6250000000, 0.1250000000
0.8125000000, 0.5625000000
0.4062500000, 0.2812500000
0.2031250000, 0.1406250000
0.6015625000, 0.0703125000
0.3007812500, 0.5351562500
0.1503906250, 0.7675781250
0.0751953125, 0.3837890625
0.0375976562, 0.1918945312
0.0187988281, 0.0959472656
0.5093994141, 0.0479736328
0.2546997070, 0.5239868164
0.1273498535, 0.2619934082
0.5636749268, 0.6309967041
0.2818374634, 0.3154983521
0.1409187317, 0.1577491760
0.5704593658, 0.5788745880
0.2852296829, 0.2894372940
0.6426148415, 0.1447186470
0.3213074207, 0.0723593235
0.6606537104, 0.5361796618
0.8303268552, 0.2680898309
0.4151634276, 0.1340449154
0.2075817138, 0.0670224577
0.1037908569, 0.5335112289
0.0518954284, 0.7667556144
0.0259477142, 0.3833778072
0.5129738571, 0.1916889036
0.7564869286, 0.0958444518
0.8782434643, 0.5479222259
0.9391217321, 0.7739611130
0.4695608661, 0.3869805565
0.7347804330, 0.1934902782
0.3673902165, 0.5967451391
0.1836951083, 0.2983725696
0.0918475541, 0.1491862848
0.5459237771, 0.0745931424
0.2729618885, 0.5372965712
0.6364809443, 0.2686482856
0.8182404721, 0.6343241428
0.9091202361, 0.3171620714
0.4545601180, 0.1585810357
0.7272800590, 0.0792905178
0.8636400295, 0.5396452589
0.9318200148, 0.7698226295
0.9659100074, 0.3849113147
0.4829550037, 0.1924556574
0.2414775018, 0.0962278287
0.6207387509, 0.0481139143
0.8103693755, 0.0240569572
0.9051846877, 0.5120284786
0.9525923439, 0.7560142393
0.4762961719, 0.3780071196
0.2381480860, 0.1890035598
0.1190740430, 0.5945017799
0.0595370215, 0.2972508900
0.0297685107, 0.1486254450
0.5148842554, 0.0743127225
0.7574421277, 0.0371563612
0.3787210638, 0.0185781806
0.6893605319, 0.5092890903
0.3446802660, 0.7546445452
0.6723401330, 0.3773222726
0.8361700665, 0.1886611363
0.9180850332, 0.5943305681
0.4590425166, 0.2971652841
0.7295212583, 0.1485826420
0.8647606292, 0.5742913210
0.9323803146, 0.2871456605
0.9661901573, 0.1435728303
0.4830950786, 0.0717864151
0.2415475393, 0.5358932076
0.1207737697, 0.2679466038
0.5603868848, 0.6339733019
0.2801934424, 0.3169866509
0.6400967212, 0.1584933255
0.8200483606, 0.0792466627
0.9100241803, 0.5396233314
0.9550120902, 0.7698116657
0.9775060451, 0.8849058328
0.4887530225, 0.4424529164
0.2443765113, 0.2212264582
0.1221882556, 0.6106132291
0.0610941278, 0.3053066146
0.5305470639, 0.1526533073
0.2652735320, 0.0763266536
0.1326367660, 0.0381633268
0.5663183830, 0.0190816634
0.2831591915, 0.5095408317
0.6415795957, 0.2547704159
0.3207897979, 0.6273852079
0.1603948989, 0.3136926040
0.0801974495, 0.1568463020
0.5400987247, 0.0784231510
0.2700493624, 0.0392115755
0.6350246812, 0.0196057877
0.8175123406, 0.5098028939
0.9087561703, 0.7549014469
0.9543780851, 0.8774507235
0.9771890426, 0.4387253617
0.4885945213, 0.7193626809
0.2442972606, 0.3596813404
0.6221486303, 0.6798406702
0.8110743152, 0.3399203351
0.4055371576, 0.6699601676
0.2027685788, 0.3349800838
0.6013842894, 0.1674900419
0.8006921447, 0.0837450209
0.4003460723, 0.5418725105
0.2001730362, 0.2709362552
0.1000865181, 0.1354681276
0.5500432590, 0.0677340638
0.2750216295, 0.5338670319
0.1375108148, 0.7669335160
0.0687554074, 0.3834667580
0.0343777037, 0.1917333790
0.0171888518, 0.0958666895
0.0085944259, 0.5479333447
0.0042972130, 0.2739666724
0.5021486065, 0.6369833362
0.7510743032, 0.8184916681
0.8755371516, 0.9092458340
0.4377685758, 0.4546229170
0.2188842879, 0.2273114585
0.6094421440, 0.1136557293
0.3047210720, 0.5568278646
0.1523605360, 0.2784139323
0.0761802680, 0.1392069662
0.0380901340, 0.5696034831
0.0190450670, 0.2848017415
0.0095225335, 0.6424008708
0.0047612667, 0.8212004354
0.0023806334, 0.4106002177
0.0011903167, 0.2053001088
0.0005951583, 0.1026500544
0.0002975792, 0.5513250272
0.5001487896, 0.2756625136
0.7500743948, 0.6378312568
0.3750371974, 0.3189156284
0.1875185987, 0.1594578142
0.0937592993, 0.5797289071
0.0468796497, 0.7898644536
0.0234398248, 0.3949322268
0.0117199124, 0.1974661134
0.5058599562, 0.0987330567
0.2529299781, 0.5493665283
0.1264649891, 0.2746832642
0.5632324945, 0.6373416321
0.2816162473, 0.3186708160
0.1408081236, 0.1593354080
0.0704040618, 0.0796677040
0.5352020309, 0.0398338520
0.2676010155, 0.0199169260
0.1338005077, 0.5099584630
0.5669002539, 0.2549792315
0.2834501269, 0.1274896158
0.1417250635, 0.0637448079
0.5708625317, 0.0318724039
0.7854312659, 0.0159362020
0.8927156329, 0.0079681010
0.9463578165, 0.0039840505
0.4731789082, 0.5019920252
0.7365894541, 0.2509960126
0.8682947271, 0.1254980063
0.4341473635, 0.0627490032
0.2170736818, 0.5313745016
0.6085368409, 0.2656872508
0.8042684204, 0.6328436254
0.4021342102, 0.3164218127
0.7010671051, 0.6582109063
0.3505335526, 0.3291054532
0.1752667763, 0.1645527266
0.0876333881, 0.5822763633
0.5438166941, 0.7911381816
0.2719083470, 0.8955690908
0.6359541735, 0.4477845454
0.8179770868, 0.7238922727
0.9089885434, 0.3619461364
0.4544942717, 0.1809730682
0.7272471358, 0.5904865341
0.3636235679, 0.7952432670
0.6818117840, 0.3976216335
0.8409058920, 0.1988108168
0.4204529460, 0.5994054084
0.2102264730, 0.2997027042
0.6051132365, 0.6498513521
0.8025566182, 0.3249256760
0.4012783091, 0.1624628380
0.2006391546, 0.0812314190
0.1003195773, 0.5406157095
0.0501597886, 0.2703078548
0.5250798943, 0.1351539274
0.7625399472, 0.0675769637
0.3812699736, 0.0337884818
0.6906349868, 0.5168942409
0.3453174934, 0.7584471205
0.6726587467, 0.3792235602
0.8363293733, 0.6896117801
0.9181646867, 0.8448058901
0.4590823433, 0.9224029450
0.2295411717, 0.4612014725
0.1147705858, 0.2306007363
0.5573852929, 0.1153003681
0.7786926465, 0.0576501841
0.3893463232, 0.5288250920
0.1946731616, 0.2644125460
0.5973365808, 0.1322062730
0.2986682904, 0.5661031365
0.6493341452, 0.2830515683
0.3246670726, 0.6415257841
0.6623335363, 0.3207628921
0.8311667682, 0.1603814460
0.9155833841, 0.0801907230
0.9577916920, 0.5400953615
0.4788958460, 0.7700476808
0.2394479230, 0.8850238404
0.1197239615, 0.9425119202
0.0598619808, 0.9712559601
0.0299309904, 0.4856279800
0.5149654952, 0.2428139900
0.7574827476, 0.1214069950
0.3787413738, 0.0607034975
0.6893706869, 0.5303517488
0.3446853434, 0.2651758744
0.6723426717, 0.6325879372
0.8361713359, 0.8162939686
0.4180856679, 0.4081469843
0.7090428340, 0.2040734921
0.8545214170, 0.6020367461
0.9272607085, 0.8010183730
0.9636303542, 0.9005091865
0.4818151771, 0.9502545933
0.7409075886, 0.4751272966
0.8704537943, 0.7375636483
0.9352268971, 0.3687818242
0.4676134486, 0.1843909121
0.2338067243, 0.5921954560
0.1169033621, 0.2960977280
0.0584516811, 0.6480488640
0.0292258405, 0.3240244320
0.5146129203, 0.6620122160
0.7573064601, 0.3310061080
0.3786532301, 0.1655030540
0.1893266150, 0.0827515270
0.0946633075, 0.0413757635
0.5473316538, 0.5206878818
0.2736658269, 0.2603439409
0.1368329134, 0.6301719704
0.0684164567, 0.3150859852
0.0342082284, 0.1575429926
0.0171041142, 0.5787714963
0.0085520571, 0.2893857482
0.5042760285, 0.6446928741
0.7521380143, 0.3223464370
0.3760690071, 0.1611732185
0.6880345036, 0.0805866093
0.3440172518, 0.0402933046
0.1720086259, 0.0201466523
0.5860043129, 0.5100733262
0.7930021565, 0.7550366631
0.3965010782, 0.3775183315
0.6982505391, 0.1887591658
0.8491252696, 0.0943795829
0.9245626348, 0.5471897914
0.9622813174, 0.7735948957
0.9811406587, 0.8867974479
0.9905703293, 0.4433987239
0.4952851647, 0.7216993620
0.2476425823, 0.8608496810
0.1238212912, 0.4304248405
0.0619106456, 0.2152124202
0.5309553228, 0.6076062101
0.7654776614, 0.8038031051
0.8827388307, 0.9019015525
0.9413694153, 0.9509507763
0.9706847077, 0.9754753881
0.4853423538, 0.4877376941
0.7426711769, 0.2438688470
0.8713355885, 0.6219344235
0.9356677942, 0.3109672118
0.9678338971, 0.6554836059
0.9839169486, 0.3277418029
0.9919584743, 0.1638709015
0.9959792371, 0.0819354507
0.9979896186, 0.5409677254
0.9989948093, 0.2704838627
0.4994974046, 0.1352419313
0.2497487023, 0.0676209657
0.6248743512, 0.0338104828
0.8124371756, 0.0169052414
0.4062185878, 0.0084526207
0.7031092939, 0.5042263104
0.3515546469, 0.2521131552
0.6757773235, 0.6260565776
0.3378886617, 0.3130282888
0.6689443309, 0.6565141444
0.3344721654, 0.8282570722
0.1672360827, 0.9141285361
0.5836180414, 0.9570642680
0.7918090207, 0.4785321340
0.8959045103, 0.2392660670
0.4479522552, 0.6196330335
0.2239761276, 0.3098165168
0.6119880638, 0.1549082584
0.3059940319, 0.5774541292
0.6529970159, 0.2887270646
0.3264985080, 0.6443635323
0.1632492540, 0.3221817661
0.5816246270, 0.1610908831
0.7908123135, 0.5805454415
0.3954061567, 0.7902727208
0.6977030784, 0.3951363604
0.3488515392, 0.6975681802
0.1744257696, 0.8487840901
0.0872128848, 0.9243920450
0.0436064424, 0.4621960225
0.5218032212, 0.2310980113
0.2609016106, 0.6155490056
0.6304508053, 0.3077745028
0.8152254026, 0.6538872514
0.9076127013, 0.8269436257
0.4538063507, 0.4134718129
0.2269031753, 0.2067359064
0.6134515877, 0.1033679532
0.8067257938, 0.5516839766
0.4033628969, 0.7758419883
0.2016814485, 0.3879209942
0.6008407242, 0.6939604971
0.3004203621, 0.3469802485
0.1502101811, 0.1734901243
0.0751050905, 0.5867450621
0.5375525453, 0.2933725311
0.7687762726, 0.1466862655
0.8843881363, 0.0733431328
0.4421940682, 0.5366715664
0.7210970341, 0.2683357832
0.8605485170, 0.1341678916
0.9302742585, 0.0670839458
0.9651371293, 0.0335419729
0.9825685646, 0.0167709864
0.9912842823, 0.5083854932
0.4956421412, 0.2541927466
0.2478210706, 0.6270963733
0.6239105353, 0.3135481867
0.3119552676, 0.6567740933
0.1559776338, 0.3283870467
0.5779888169, 0.6641935233
0.7889944085, 0.8320967617
0.8944972042, 0.9160483808
0.4472486021, 0.4580241904
0.7236243011, 0.7290120952
0.3618121505, 0.8645060476
0.6809060753, 0.4322530238
0.8404530376, 0.2161265119
0.9202265188, 0.1080632560
0.4601132594, 0.0540316280
0.2300566297, 0.5270158140
0.6150283149, 0.2635079070
0.8075141574, 0.6317539535
0.4037570787, 0.3158769767
0.2018785394, 0.1579384884
0.6009392697, 0.0789692442
0.8004696348, 0.5394846221
0.4002348174, 0.2697423110
0.2001174087, 0.6348711555
0.1000587044, 0.3174355778
0.0500293522, 0.1587177889
0.5250146761, 0.5793588944
0.2625073380, 0.7896794472
0.1312536690, 0.3948397236
0.0656268345, 0.6974198618
0.5328134173, 0.3487099309
0.2664067086, 0.6743549655
0.1332033543, 0.8371774827
0.0666016772, 0.4185887414
0.0333008386, 0.2092943707
0.0166504193, 0.6046471853
0.5083252096, 0.8023235927
0.7541626048, 0.9011617963
0.3770813024, 0.4505808982
0.1885406512, 0.2252904491
0.0942703256, 0.6126452245
0.5471351628, 0.3063226123
0.7735675814, 0.6531613061
0.8867837907, 0.3265806531
0.4433918954, 0.6632903265
0.2216959477, 0.3316451633
0.1108479738, 0.1658225816
0.0554239869, 0.0829112908
0.5277119935, 0.5414556454
0.2638559967, 0.2707278227
0.6319279984, 0.1353639114
0.3159639992, 0.0676819557
0.6579819996, 0.5338409778
0.8289909998, 0.7669204889
0.4144954999, 0.3834602445
0.7072477499, 0.6917301222
0.3536238750, 0.8458650611
0.1768119375, 0.9229325306
0.0884059687, 0.9614662653
0.5442029844, 0.4807331326
0.2721014922, 0.7403665663
0.1360507461, 0.3701832832
0.0680253730, 0.6850916416
0.0340126865, 0.3425458208
0.5170063433, 0.6712729104
0.2585031716, 0.3356364552
0.1292515858, 0.1678182276
0.0646257929, 0.5839091138
0.5323128965, 0.7919545569
0.2661564482, 0.8959772784
0.6330782241, 0.4479886392
0.3165391121, 0.2239943196
0.1582695560, 0.1119971598
0.5791347780, 0.0559985799
0.7895673890, 0.5279992900
0.3947836945, 0.2639996450
0.6973918473, 0.6319998225
0.8486959236, 0.3159999112
0.9243479618, 0.1579999556
0.9621739809, 0.5789999778
0.9810869905, 0.2894999889
0.4905434952, 0.6447499945
0.2452717476, 0.8223749972
0.1226358738, 0.9111874986
0.0613179369, 0.4555937493
0.5306589685, 0.2277968747
0.2653294842, 0.1138984373
0.6326647421, 0.5569492187
0.8163323711, 0.7784746093
0.9081661855, 0.3892373047
0.9540830928, 0.6946186523
0.4770415464, 0.3473093262
0.7385207732, 0.6736546631
0.8692603866, 0.8368273315
0.4346301933, 0.9184136658
0.7173150966, 0.4592068329
0.3586575483, 0.7296034164
0.1793287742, 0.8648017082
0.0896643871, 0.9324008541
0.5448321935, 0.4662004271
0.2724160968, 0.7331002135
0.1362080484, 0.8665501068
0.0681040242, 0.9332750534
0.0340520121, 0.9666375267
0.0170260060, 0.4833187633
0.5085130030, 0.2416593817
0.2542565015, 0.1208296908
0.6271282508, 0.0604148454
0.3135641254, 0.0302074227
0.1567820627, 0.0151037114
0.0783910313, 0.5075518557
0.5391955157, 0.2537759278
0.2695977578, 0.6268879639
0.6347988789, 0.8134439820
0.3173994395, 0.4067219910
0.6586997197, 0.7033609955
0.8293498599, 0.8516804977
0.9146749299, 0.4258402489
0.9573374650, 0.2129201244
0.9786687325, 0.1064600622
0.9893343662, 0.5532300311
0.4946671831, 0.2766150156
0.7473335916, 0.6383075078
0.8736667958, 0.3191537539
0.4368333979, 0.6595768769
0.7184166989, 0.3297884385
0.8592083495, 0.6648942192
0.9296041747, 0.3324471096
0.9648020874, 0.1662235548
0.9824010437, 0.5831117774
0.4912005218, 0.7915558887
0.7456002609, 0.3957779444
0.8728001305, 0.1978889722
0.9364000652, 0.5989444861
0.9682000326, 0.7994722430
0.9841000163, 0.3997361215
0.4920500082, 0.6998680608
0.7460250041, 0.8499340304
0.8730125020, 0.9249670152
0.4365062510, 0.9624835076
0.2182531255, 0.4812417538
0.1091265628, 0.2406208769
0.5545632814, 0.6203104384
0.7772816407, 0.3101552192
0.8886408203, 0.6550776096
0.4443204102, 0.8275388048
0.7221602051, 0.4137694024
0.8610801025, 0.2068847012
0.9305400513, 0.6034423506
0.4652700256, 0.8017211753
0.2326350128, 0.9008605877
0.1163175064, 0.4504302938
0.5581587532, 0.2252151469
0.7790793766, 0.6126075735
0.3895396883, 0.3063037867
0.6947698442, 0.1531518934
0.8473849221, 0.5765759467
0.9236924610, 0.7882879733
0.4618462305, 0.8941439867
0.2309231153, 0.4470719933
0.1154615576, 0.7235359967
0.0577307788, 0.8617679983
0.0288653894, 0.4308839992
0.5144326947, 0.7154419996
0.2572163474, 0.8577209998
0.6286081737, 0.4288604999
0.8143040868, 0.7144302499
0.9071520434, 0.8572151250
0.9535760217, 0.4286075625
0.9767880109, 0.2143037812
0.9883940054, 0.6071518906
0.9941970027, 0.8035759453
0.9970985014, 0.4017879727
0.4985492507, 0.2008939863
0.2492746253, 0.1004469932
0.6246373127, 0.0502234966
0.8123186563, 0.0251117483
0.9061593282, 0.5125558741
0.9530796641, 0.7562779371
0.4765398320, 0.3781389685
0.2382699160, 0.1890694843
0.6191349580, 0.0945347421
0.8095674790, 0.0472673711
0.9047837395, 0.0236336855
0.4523918698, 0.5118168428
0.7261959349, 0.2559084214
0.8630979674, 0.6279542107
0.9315489837, 0.8139771053
0.9657744919, 0.4069885527
0.4828872459, 0.7034942763
0.2414436230, 0.8517471382
0.1207218115, 0.4258735691
0.5603609057, 0.7129367845
0.2801804529, 0.3564683923
0.1400902264, 0.6782341961
0.0700451132, 0.3391170981
0.0350225566, 0.1695585490
0.5175112783, 0.0847792745
0.7587556392, 0.5423896373
0.8793778196, 0.7711948186
0.9396889098, 0.8855974093
0.9698444549, 0.9427987047
0.4849222274, 0.9713993523
0.7424611137, 0.4856996762
0.8712305569, 0.7428498381
0.9356152784, 0.3714249190
0.9678076392, 0.6857124595
0.9839038196, 0.8428562298
0.4919519098, 0.9214281149
0.7459759549, 0.9607140574
0.8729879775, 0.9803570287
0.9364939887, 0.4901785144
0.4682469944, 0.2450892572
0.7341234972, 0.1225446286
0.8670617486, 0.0612723143
0.9335308743, 0.5306361571
0.4667654371, 0.2653180786
0.2333827186, 0.1326590393
0.1166913593, 0.0663295196
0.5583456796, 0.0331647598
0.2791728398, 0.0165823799
0.1395864199, 0.5082911900
0.0697932100, 0.2541455950
0.0348966050, 0.1270727975
0.5174483025, 0.0635363987
0.7587241512, 0.5317681994
0.8793620756, 0.7658840997
0.4396810378, 0.8829420498
0.2198405189, 0.4414710249
0.6099202595, 0.2207355125
0.3049601297, 0.1103677562
0.1524800649, 0.0551838781
0.5762400324, 0.0275919391
0.2881200162, 0.0137959695
0.1440600081, 0.0068979848
0.0720300041, 0.5034489924
0.0360150020, 0.2517244962
0.5180075010, 0.6258622481
0.2590037505, 0.3129311240
0.1295018753, 0.6564655620
0.0647509376, 0.3282327810
0.0323754688, 0.6641163905
0.5161877344, 0.3320581953
0.2580938672, 0.1660290976
0.6290469336, 0.0830145488
0.3145234668, 0.5415072744
0.1572617334, 0.2707536372
0.5786308667, 0.6353768186
0.7893154334, 0.8176884093
0.3946577167, 0.4088442047
0.6973288583, 0.7044221023
0.8486644292, 0.3522110512
0.9243322146, 0.1761055256
0.9621661073, 0.5880527628
0.9810830536, 0.7940263814
0.4905415268, 0.3970131907
0.7452707634, 0.6985065953
0.8726353817, 0.8492532977
0.4363176909, 0.4246266488
0.2181588454, 0.2123133244
0.6090794227, 0.1061566622
0.3045397114, 0.0530783311
0.1522698557, 0.0265391656
0.0761349278, 0.5132695828
0.0380674639, 0.2566347914
0.5190337320, 0.1283173957
0.2595168660, 0.0641586978
0.1297584330, 0.5320793489
0.5648792165, 0.2660396745
0.7824396082, 0.6330198372
0.3912198041, 0.3165099186
0.6956099021, 0.6582549593
0.8478049510, 0.8291274797
0.4239024755, 0.4145637398
0.2119512378, 0.7072818699
0.1059756189, 0.8536409350
0.0529878094, 0.9268204675
0.0264939047, 0.4634102337
0.0132469524, 0.2317051169
0.5066234762, 0.6158525584
0.2533117381, 0.3079262792
0.6266558690, 0.6539631396
0.8133279345, 0.3269815698
0.4066639673, 0.6634907849
0.7033319836, 0.3317453925
0.8516659918, 0.6658726962
0.4258329959, 0.3329363481
0.2129164980, 0.1664681741
0.6064582490, 0.0832340870
0.8032291245, 0.5416170435
0.9016145622, 0.2708085218
0.9508072811, 0.6354042609
0.4754036406, 0.8177021304
0.2377018203, 0.4088510652
0.6188509101, 0.2044255326
0.8094254551, 0.6022127663
0.9047127275, 0.3011063832
0.9523563638, 0.6505531916
0.9761781819, 0.3252765958
0.4880890909, 0.1626382979
0.2440445455, 0.0813191489
0.1220222727, 0.0406595745
0.5610111364, 0.0203297872
0.7805055682, 0.5101648936
0.8902527841, 0.7550824468
0.4451263920, 0.8775412234
0.7225631960, 0.4387706117
0.3612815980, 0.7193853059
0.6806407990, 0.3596926529
0.8403203995, 0.1798463265
0.9201601998, 0.5899231632
0.4600800999, 0.7949615816
0.7300400499, 0.3974807908
0.8650200250, 0.1987403954
0.9325100125, 0.0993701977
0.4662550062, 0.0496850989
0.2331275031, 0.5248425494
0.6165637516, 0.2624212747
0.8082818758, 0.6312106374
0.9041409379, 0.3156053187
0.9520704689, 0.6578026593
0.4760352345, 0.3289013297
0.7380176172, 0.1644506648
0.8690088086, 0.5822253324
0.4345044043, 0.2911126662
0.2172522022, 0.6455563331
0.1086261011, 0.3227781666
0.5543130505, 0.6613890833
0.2771565253, 0.3306945416
0.6385782626, 0.1653472708
0.8192891313, 0.5826736354
0.9096445657, 0.7913368177
0.4548222828, 0.3956684089
0.2274111414, 0.6978342044
0.1137055707, 0.8489171022
0.0568527854, 0.4244585511
0.0284263927, 0.2122292756
0.5142131963, 0.6061146378
0.7571065982, 0.3030573189
0.3785532991, 0.1515286594
0.1892766495, 0.0757643297
0.5946383248, 0.0378821649
0.7973191624, 0.5189410824
0.8986595812, 0.7594705412
0.9493297906, 0.8797352706
0.4746648953, 0.9398676353
0.2373324476, 0.4699338177
0.6186662238, 0.7349669088
0.8093331119, 0.8674834544
0.4046665560, 0.9337417272
0.2023332780, 0.4668708636
0.6011666390, 0.2334354318
0.3005833195, 0.6167177159
0.1502916597, 0.3083588580
0.5751458299, 0.1541794290
0.2875729149, 0.0770897145
0.6437864575, 0.0385448572
0.3218932287, 0.0192724286
0.1609466144, 0.0096362143
0.5804733072, 0.5048181072
0.2902366536, 0.2524090536
0.6451183268, 0.1262045268
0.8225591634, 0.0631022634
0.9112795817, 0.0315511317
0.9556397908, 0.0157755658
0.4778198954, 0.5078877829
0.2389099477, 0.2539438915
0.1194549739, 0.1269719457
0.0597274869, 0.0634859729
0.0298637435, 0.0317429864
0.5149318717, 0.0158714932
0.2574659359, 0.0079357466
0.6287329679, 0.5039678733
0.3143664840, 0.2519839367
0.1571832420, 0.1259919683
0.0785916210, 0.0629959842
0.0392958105, 0.0314979921
0.0196479052, 0.0157489960
0.5098239526, 0.5078744980
0.7549119763, 0.7539372490
0.8774559882, 0.8769686245
0.4387279941, 0.4384843123
0.2193639970, 0.2192421561
0.1096819985, 0.1096210781
0.5548409993, 0.5548105390
0.7774204996, 0.2774052695
0.3887102498, 0.1387026348
0.6943551249, 0.5693513174
0.8471775625, 0.2846756587
0.9235887812, 0.1423378293
0.4617943906, 0.0711689147
0.2308971953, 0.0355844573
0.6154485977, 0.5177922287
0.8077242988, 0.2588961143
0.4038621494, 0.6294480572
0.2019310747, 0.3147240286
0.6009655374, 0.6573620143
0.8004827687, 0.3286810071
0.4002413843, 0.6643405036
0.7001206922, 0.8321702518
0.3500603461, 0.4160851259
0.1750301730, 0.2080425629
0.5875150865, 0.1040212815
0.7937575433, 0.0520106407
0.8968787716, 0.5260053204
0.4484393858, 0.2630026602
0.2242196929, 0.1315013301
0.6121098465, 0.0657506650
0.8060549232, 0.5328753325
0.4030274616, 0.7664376663
0.7015137308, 0.3832188331
0.3507568654, 0.6916094166
0.1753784327, 0.8458047083
0.5876892164, 0.4229023541
0.2938446082, 0.2114511771
0.1469223041, 0.1057255885
0.5734611520, 0.0528627943
0.7867305760, 0.0264313971
0.3933652880, 0.0132156986
0.6966826440, 0.0066078493
0.3483413220, 0.5033039246
0.1741706610, 0.2516519623
0.0870853305, 0.6258259812
0.5435426653, 0.3129129906
0.2717713326, 0.1564564953
0.6358856663, 0.0782282476
0.8179428332, 0.5391141238
0.4089714166, 0.2695570619
0.7044857083, 0.6347785310
0.8522428541, 0.8173892655
0.4261214271, 0.4086946327
0.2130607135, 0.2043473164
0.6065303568, 0.1021736582
0.8032651784, 0.5510868291
0.4016325892, 0.7755434145
0.7008162946, 0.3877717073
0.3504081473, 0.6938858536
0.1752040736, 0.8469429268
0.5876020368, 0.4234714634
0.7938010184, 0.7117357317
0.8969005092, 0.3558678659
0.9484502546, 0.1779339329
0.4742251273, 0.0889669665
0.7371125637, 0.0444834832
0.3685562818, 0.5222417416
0.1842781409, 0.7611208708
0.5921390705, 0.3805604354
0.7960695352, 0.6902802177
0.3980347676, 0.3451401089
0.6990173838, 0.1725700544
0.8495086919, 0.5862850272
0.4247543460, 0.7931425136
0.7123771730, 0.3965712568
0.8561885865, 0.6982856284
0.9280942932, 0.8491428142
0.4640471466, 0.9245714071
0.7320235733, 0.9622857036
0.3660117867, 0.4811428518
0.1830058933, 0.2405714259
0.0915029467, 0.1202857129
0.5457514733, 0.0601428565
0.2728757367, 0.5300714282
0.1364378683, 0.2650357141
0.0682189342, 0.6325178571
0.0341094671, 0.3162589285
0.5170547335, 0.1581294643
0.7585273668, 0.5790647321
0.8792636834, 0.2895323661
0.9396318417, 0.6447661830
0.9698159208, 0.3223830915
0.9849079604, 0.6611915458
0.9924539802, 0.3305957729
0.9962269901, 0.6652978864
0.4981134951, 0.8326489432
0.2490567475, 0.4163244716
0.6245283738, 0.7081622358
0.8122641869, 0.8540811179
0.9061320934, 0.9270405590
0.4530660467, 0.4635202795
0.7265330234, 0.2317601397
0.3632665117, 0.1158800699
0.1816332558, 0.0579400349
0.5908166279, 0.0289700175
0.7954083140, 0.0144850087
0.8977041570, 0.5072425044
0.9488520785, 0.7536212522
0.4744260392, 0.8768106261
0.2372130196, 0.4384053130
0.6186065098, 0.2192026565
0.8093032549, 0.6096013283
0.9046516275, 0.8048006641
0.4523258137, 0.9024003321
0.7261629069, 0.4512001660
0.3630814534, 0.7256000830
0.1815407267, 0.3628000415
0.0907703634, 0.1814000208
0.0453851817, 0.0907000104
0.0226925908, 0.5453500052
0.0113462954, 0.2726750026
0.5056731477, 0.6363375013
0.7528365739, 0.8181687506
0.3764182869, 0.9090843753
0.1882091435, 0.9545421877
0.0941045717, 0.4772710938
0.5470522859, 0.2386355469
0.7735261429, 0.6193177735
0.8867630715, 0.8096588867
0.9433815357, 0.9048294434
0.9716907679, 0.4524147217
0.4858453839, 0.2262073608
0.7429226920, 0.1131036804
0.3714613460, 0.5565518402
0.6857306730, 0.2782759201
0.8428653365, 0.1391379601
0.9214326682, 0.0695689800
0.4607163341, 0.5347844900
0.2303581671, 0.2673922450
0.1151790835, 0.1336961225
0.5575895418, 0.0668480613
0.2787947709, 0.5334240306
0.1393973854, 0.2667120153
0.5696986927, 0.6333560077
0.2848493464, 0.3166780038
0.1424246732, 0.1583390019
0.5712123366, 0.0791695010
0.7856061683, 0.0395847505
0.8928030841, 0.0197923752
0.9464015421, 0.5098961876
0.9732007710, 0.7549480938
0.4866003855, 0.3774740469
0.7433001928, 0.6887370235
0.8716500964, 0.3443685117
0.4358250482, 0.1721842559
0.7179125241, 0.0860921279
0.3589562620, 0.5430460640
0.1794781310, 0.2715230320
0.0897390655, 0.1357615160
0.0448695328, 0.0678807580
0.5224347664, 0.0339403790
0.2612173832, 0.0169701895
0.6306086916, 0.5084850947
0.8153043458, 0.7542425474
0.4076521729, 0.3771212737
0.7038260864, 0.1885606368
0.3519130432, 0.0942803184
0.1759565216, 0.5471401592
0.0879782608, 0.2735700796
0.5439891304, 0.1367850398
0.7719945652, 0.0683925199
0.8859972826, 0.0341962600
0.9429986413, 0.5170981300
0.4714993207, 0.7585490650
0.2357496603, 0.3792745325
0.6178748302, 0.6896372662
0.8089374151, 0.3448186331
0.9044687075, 0.6724093166
0.9522343538, 0.8362046583
0.4761171769, 0.4181023291
0.7380585884, 0.7090511646
0.8690292942, 0.3545255823
0.9345146471, 0.1772627911
0.9672573236, 0.0886313956
0.9836286618, 0.0443156978
0.4918143309, 0.5221578489
0.7459071654, 0.7610789244
0.8729535827, 0.8805394622
0.4364767914, 0.4402697311
0.7182383957, 0.7201348656
0.3591191978, 0.3600674328
0.1795595989, 0.6800337164
0.0897797995, 0.3400168582
0.0448898997, 0.1700084291
0.5224449499, 0.0850042145
0.2612224749, 0.5425021073
0.1306112375, 0.7712510536
0.0653056187, 0.3856255268
0.0326528094, 0.6928127634
0.5163264047, 0.8464063817
0.2581632023, 0.4232031909
0.1290816012, 0.7116015954
0.0645408006, 0.8558007977
0.0322704003, 0.4279003989
0.0161352001, 0.2139501994
0.0080676001, 0.1069750997
0.5040338000, 0.0534875499
0.7520169000, 0.5267437749
0.3760084500, 0.2633718875
0.1880042250, 0.6316859437
0.5940021125, 0.8158429719
0.7970010563, 0.9079214859
0.3985005281, 0.4539607430
0.1992502641, 0.2269803715
0.0996251320, 0.6134901857
0.0498125660, 0.3067450929
0.5249062830, 0.6533725464
0.7624531415, 0.8266862732
0.8812265708, 0.4133431366
0.4406132854, 0.2066715683
0.7203066427, 0.6033357842
0.8601533213, 0.3016678921
0.9300766607, 0.1508339460
0.9650383303, 0.5754169730
0.9825191652, 0.2877084865
0.9912595826, 0.6438542433
0.9956297913, 0.8219271216
0.9978148956, 0.4109635608
0.4989074478, 0.7054817804
0.2494537239, 0.8527408902
0.1247268620, 0.4263704451
0.5623634310, 0.7131852226
0.7811817155, 0.3565926113
0.8905908577, 0.6782963056
0.9452954289, 0.3391481528
0.4726477144, 0.6695740764
0.2363238572, 0.8347870382
0.6181619286, 0.4173935191
0.3090809643, 0.7086967596
0.6545404822, 0.3543483798
0.3272702411, 0.1771741899
0.1636351205, 0.0885870949
0.0818175603, 0.5442935475
0.5409087801, 0.7721467737
0.7704543901, 0.8860733869
0.8852271950, 0.9430366934
0.9426135975, 0.9715183467
0.4713067988, 0.9857591734
0.2356533994, 0.4928795867
0.6178266997, 0.2464397933
0.3089133498, 0.1232198967
0.6544566749, 0.0616099483
0.8272283375, 0.5308049742
0.9136141687, 0.7654024871
0.9568070844, 0.8827012435
0.9784035422, 0.9413506218
0.9892017711, 0.4706753109
0.4946008855, 0.2353376554
0.2473004428, 0.1176688277
0.1236502214, 0.0588344139
0.0618251107, 0.0294172069
0.5309125553, 0.5147086035
0.7654562777, 0.7573543017
0.8827281388, 0.8786771509
0.9413640694, 0.4393385754
0.9706820347, 0.2196692877
0.4853410174, 0.6098346439
0.7426705087, 0.3049173219
0.3713352543, 0.6524586610
0.1856676272, 0.3262293305
0.5928338136, 0.1631146652
0.7964169068, 0.0815573326
0.8982084534, 0.0407786663
0.4491042267, 0.0203893332
0.2245521133, 0.0101946666
0.1122760567, 0.0050973333
0.5561380283, 0.0025486666
0.2780690142, 0.0012743333
0.1390345071, 0.5006371667
0.5695172535, 0.7503185833
0.7847586268, 0.8751592917
0.3923793134, 0.9375796458
0.1961896567, 0.4687898229
0.0980948283, 0.2343949115
0.5490474142, 0.1171974557
0.7745237071, 0.5585987279
0.8872618535, 0.7792993639
0.9436309268, 0.3896496820
0.9718154634, 0.6948248410
0.9859077317, 0.3474124205
0.4929538658, 0.6737062102
0.7464769329, 0.3368531051
0.8732384665, 0.6684265526
0.9366192332, 0.8342132763
0.4683096166, 0.4171066381
0.7341548083, 0.2085533191
0.3670774042, 0.6042766595
0.6835387021, 0.8021383298
0.8417693510, 0.9010691649
0.9208846755, 0.9505345824
0.4604423378, 0.4752672912
0.7302211689, 0.7376336456
0.8651105844, 0.8688168228
0.4325552922, 0.4344084114
0.2162776461, 0.7172042057
0.1081388231, 0.8586021029
0.0540694115, 0.4293010514
0.0270347058, 0.2146505257
0.0135173529, 0.1073252629
0.0067586764, 0.0536626314
0.5033793382, 0.5268313157
0.2516896691, 0.7634156579
0.1258448346, 0.3817078289
0.0629224173, 0.6908539145
0.5314612086, 0.3454269572
0.2657306043, 0.6727134786
0.1328653022, 0.3363567393
0.5664326511, 0.1681783697
0.7832163255, 0.0840891848
0.3916081628, 0.5420445924
0.1958040814, 0.7710222962
0.0979020407, 0.3855111481
0.5489510203, 0.6927555741
0.7744755102, 0.8463777870
0.3872377551, 0.4231888935
0.6936188775, 0.7115944468
0.3468094388, 0.8557972234
0.6734047194, 0.9278986117
0.8367023597, 0.9639493058
0.4183511798, 0.9819746529
0.7091755899, 0.4909873265
0.8545877950, 0.2454936632
0.9272938975, 0.1227468316
0.9636469487, 0.5613734158
0.4818234744, 0.2806867079
0.2409117372, 0.1403433540
0.1204558686, 0.0701716770
0.5602279343, 0.0350858385
0.7801139671, 0.5175429192
0.3900569836, 0.2587714596
0.6950284918, 0.1293857298
0.8475142459, 0.0646928649
0.9237571229, 0.0323464325
0.9618785615, 0.5161732162
0.9809392807, 0.7580866081
0.9904696404, 0.8790433041
0.4952348202, 0.4395216520
0.7476174101, 0.2197608260
0.3738087050, 0.6098804130
0.1869043525, 0.8049402065
0.0934521763, 0.4024701033
0.0467260881, 0.2012350516
0.0233630441, 0.1006175258
0.0116815220, 0.5503087629
0.5058407610, 0.7751543815
0.7529203805, 0.8875771907
0.8764601903, 0.9437885954
0.9382300951, 0.4718942977
0.9691150476, 0.7359471488
0.9845575238, 0.8679735744
0.4922787619, 0.4339867872
0.2461393809, 0.7169933936
0.6230696905, 0.3584966968
0.8115348452, 0.6792483484
0.9057674226, 0.8396241742
0.4528837113, 0.4198120871
0.2264418557, 0.2099060436
0.1132209278, 0.6049530218
0.5566104639, 0.8024765109
0.7783052320, 0.9012382554
0.3891526160, 0.4506191277
0.1945763080, 0.7253095639
0.0972881540, 0.3626547819
0.5486440770, 0.6813273910
0.7743220385, 0.3406636955
0.8871610192, 0.6703318477
0.4435805096, 0.3351659239
0.2217902548, 0.1675829619
0.6108951274, 0.0837914810
0.8054475637, 0.0418957405
0.9027237819, 0.0209478702
0.9513618909, 0.0104739351
0.4756809455, 0.5052369676
0.7378404727, 0.7526184838
0.3689202364, 0.3763092419
0.6844601182, 0.1881546209
0.8422300591, 0.5940773105
0.4211150295, 0.2970386552
0.2105575148, 0.1485193276
0.1052787574, 0.0742596638
0.0526393787, 0.5371298319
0.0263196893, 0.2685649160
0.0131598447, 0.1342824580
0.5065799223, 0.5671412290
0.2532899612, 0.2835706145
0.6266449806, 0.1417853072
0.3133224903, 0.0708926536
0.6566612451, 0.0354463268
0.3283306226, 0.0177231634
0.6641653113, 0.5088615817
0.8320826556, 0.2544307909
0.4160413278, 0.1272153954
0.7080206639, 0.5636076977
0.3540103320, 0.7818038489
0.1770051660, 0.3909019244
0.0885025830, 0.1954509622
0.5442512915, 0.0977254811
0.2721256457, 0.0488627406
0.1360628229, 0.0244313703
0.0680314114, 0.5122156851
0.5340157057, 0.2561078426
0.7670078529, 0.6280539213
0.3835039264, 0.3140269606
0.6917519632, 0.1570134803
0.8458759816, 0.0785067402
0.9229379908, 0.5392533701
0.9614689954, 0.7696266850
0.9807344977, 0.3848133425
0.4903672489, 0.6924066713
0.2451836244, 0.3462033356
0.6225918122, 0.6731016678
0.8112959061, 0.8365508339
0.4056479531, 0.4182754170
0.7028239765, 0.2091377085
0.3514119883, 0.1045688542
0.1757059941, 0.5522844271
0.0878529971, 0.2761422136
0.5439264985, 0.6380711068
0.2719632493, 0.8190355534
0.6359816246, 0.9095177767
0.8179908123, 0.9547588883
0.9089954062, 0.9773794442
0.4544977031, 0.4886897221
0.7272488515, 0.7443448610
0.8636244258, 0.3721724305
0.9318122129, 0.1860862153
0.9659061064, 0.0930431076
0.9829530532, 0.0465215538
0.9914765266, 0.5232607769
0.9957382633, 0.2616303885
0.4978691317, 0.6308151942
0.2489345658, 0.8154075971
0.1244672829, 0.4077037986
0.5622336415, 0.7038518993
0.2811168207, 0.8519259496
0.1405584104, 0.4259629748
0.0702792052, 0.7129814874
0.0351396026, 0.8564907437
0.0175698013, 0.9282453719
0.0087849006, 0.4641226859
0.5043924503, 0.7320613430
0.2521962252, 0.3660306715
0.1260981126, 0.1830153357
0.0630490563, 0.5915076679
0.5315245281, 0.2957538339
0.7657622641, 0.6478769170
0.3828811320, 0.3239384585
0.1914405660, 0.6619692292
0.0957202830, 0.3309846146
0.5478601415, 0.6654923073
0.7739300708, 0.8327461537
0.3869650354, 0.4163730768
0.6934825177, 0.2081865384
0.8467412588, 0.1040932692
0.4233706294, 0.0520466346
0.7116853147, 0.5260233173
0.3558426574, 0.2630116587
0.6779213287, 0.1315058293
0.8389606643, 0.0657529147
0.9194803322, 0.5328764573
0.4597401661, 0.7664382287
0.2298700830, 0.3832191143
0.6149350415, 0.1916095572
0.3074675208, 0.0958047786
0.1537337604, 0.0479023893
0.5768668802, 0.5239511946
0.2884334401, 0.2619755973
0.1442167200, 0.6309877987
0.0721083600, 0.8154938993
0.5360541800, 0.4077469497
0.7680270900, 0.2038734748
0.8840135450, 0.6019367374
0.4420067725, 0.8009683687
0.7210033863, 0.4004841844
0.8605016931, 0.2002420922
0.4302508466, 0.6001210461
0.7151254233, 0.3000605230
0.8575627116, 0.6500302615
0.9287813558, 0.8250151308
0.9643906779, 0.9125075654
0.9821953390, 0.4562537827
0.9910976695, 0.2281268913
0.9955488347, 0.6140634457
0.4977744174, 0.3070317228
0.7488872087, 0.6535158614
0.8744436043, 0.3267579307
0.9372218022, 0.1633789654
0.4686109011, 0.0816894827
0.2343054505, 0.0408447413
0.6171527253, 0.0204223707
0.3085763626, 0.5102111853
0.1542881813, 0.2551055927
0.5771440907, 0.6275527963
0.2885720453, 0.3137763982
0.6442860227, 0.6568881991
0.8221430113, 0.8284440995
0.9110715057, 0.9142220498
0.4555357528, 0.9571110249
0.7277678764, 0.9785555124
0.8638839382, 0.9892777562
0.4319419691, 0.9946388781
0.2159709846, 0.9973194391
0.1079854923, 0.9986597195
0.0539927461, 0.4993298598
0.0269963731, 0.2496649299
0.0134981865, 0.1248324649
0.5067490933, 0.5624162325
0.2533745466, 0.2812081162
0.6266872733, 0.6406040581
0.3133436367, 0.3203020291
0.6566718183, 0.6601510145
0.3283359092, 0.8300755073
0.1641679546, 0.4150377536
0.0820839773, 0.7075188768
0.0410419886, 0.3537594384
0.0205209943, 0.1768797192
0.5102604972, 0.0884398596
0.7551302486, 0.0442199298
0.8775651243, 0.0221099649
0.9387825621, 0.5110549825
0.9693912811, 0.7555274912
0.4846956405, 0.3777637456
0.2423478203, 0.6888818728
0.6211739101, 0.3444409364
0.3105869551, 0.1722204682
0.6552934775, 0.5861102341
0.8276467388, 0.2930551171
0.9138233694, 0.6465275585
0.9569116847, 0.8232637793
0.9784558423, 0.9116318896
0.4892279212, 0.4558159448
0.7446139606, 0.7279079724
0.3723069803, 0.8639539862
0.1861534901, 0.4319769931
0.5930767451, 0.7159884966
0.2965383725, 0.8579942483
0.1482691863, 0.4289971241
0.5741345931, 0.2144985621
0.2870672966, 0.1072492810
0.6435336483, 0.0536246405
0.3217668241, 0.5268123203
0.6608834121, 0.2634061601
0.8304417060, 0.1317030801
0.9152208530, 0.0658515400
0.9576104265, 0.0329257700
0.9788052133, 0.0164628850
0.9894026066, 0.5082314425
0.9947013033, 0.2541157213
0.9973506517, 0.6270578606
0.9986753258, 0.8135289303
0.9993376629, 0.4067644652
0.9996688315, 0.7033822326
0.9998344157, 0.3516911163
0.4999172079, 0.1758455581
0.2499586039, 0.0879227791
0.1249793020, 0.0439613895
0.5624896510, 0.0219806948
0.2812448255, 0.0109903474
0.6406224127, 0.5054951737
0.8203112064, 0.2527475868
0.9101556032, 0.6263737934
0.4550778016, 0.3131868967
0.2275389008, 0.6565934484
0.1137694504, 0.3282967242
0.0568847252, 0.6641483621
0.5284423626, 0.3320741810
0.7642211813, 0.6660370905
0.8821105906, 0.3330185453
0.9410552953, 0.6665092726
0.4705276477, 0.3332546363
0.7352638238, 0.6666273182
0.8676319119, 0.3333136591
0.9338159560, 0.1666568295
0.9669079780, 0.5833284148
0.9834539890, 0.7916642074
0.9917269945, 0.3958321037
0.4958634972, 0.6979160518
0.7479317486, 0.3489580259
0.8739658743, 0.1744790130
0.9369829372, 0.5872395065
0.9684914686, 0.7936197532
0.4842457343, 0.8968098766
0.2421228671, 0.9484049383
0.1210614336, 0.4742024692
0.5605307168, 0.7371012346
0.2802653584, 0.3685506173
0.1401326792, 0.6842753086
0.5700663396, 0.8421376543
0.7850331698, 0.9210688272
0.8925165849, 0.4605344136
0.9462582924, 0.7302672068
0.4731291462, 0.8651336034
0.7365645731, 0.4325668017
0.8682822866, 0.7162834008
0.4341411433, 0.3581417004
0.7170705716, 0.6790708502
0.8585352858, 0.3395354251
0.9292676429, 0.1697677126
0.9646338215, 0.5848838563
0.4823169107, 0.7924419281
0.2411584554, 0.8962209641
0.1205792277, 0.4481104820
0.5602896138, 0.2240552410
0.7801448069, 0.1120276205
0.3900724035, 0.5560138103
0.1950362017, 0.2780069051
0.0975181009, 0.6390034526
0.0487590504, 0.8195017263
0.0243795252, 0.4097508631
0.5121897626, 0.2048754316
0.7560948813, 0.1024377158
0.8780474407, 0.5512188579
0.4390237203, 0.2756094289
0.2195118602, 0.6378047145
0.1097559301, 0.3189023572
0.0548779650, 0.1594511786
0.5274389825, 0.5797255893
0.7637194913, 0.2898627947
0.3818597456, 0.1449313973
0.6909298728, 0.5724656987
