0.2500000000, 0.2500000000
0.1250000000, 0.1250000000
0.5625000000, 0.0625000000
0.7812500000, 0.5312500000
0.3906250000, 0.2656250000
0.1953125000, 0.1328125000
0.5976562500, 0.0664062500
0.2988281250, 0.5332031250
0.1494140625, 0.7666015625
0.0747070312, 0.3833007812
0.0373535156, 0.1916503906
0.0186767578, 0.0958251953
0.0093383789, 0.5479125977
0.0046691895, 0.7739562988
0.0023345947, 0.3869781494
0.0011672974, 0.1934890747
0.0005836487, 0.0967445374
0.0002918243, 0.0483722687
0.5001459122, 0.5241861343
0.2500729561, 0.2620930672
0.6250364780, 0.1310465336
0.3125182390, 0.0655232668
0.1562591195, 0.0327616334
0.5781295598, 0.0163808167
0.2890647799, 0.0081904083
0.1445323899, 0.0040952042
0.0722661950, 0.5020476021
0.0361330975, 0.7510238010
0.0180665487, 0.3755119005
0.5090332744, 0.1877559503
0.7545166372, 0.0938779751
0.8772583186, 0.5469389876
0.9386291593, 0.7734694938
0.9693145796, 0.3867347469
0.9846572898, 0.1933673734
0.4923286449, 0.5966836867
0.7461643225, 0.7983418434
0.8730821612, 0.8991709217
0.9365410806, 0.4495854608
0.4682705403, 0.7247927304
0.7341352702, 0.3623963652
0.8670676351, 0.6811981826
0.9335338175, 0.3405990913
0.4667669088, 0.1702995457
0.7333834544, 0.0851497728
0.8666917272, 0.5425748864
0.4333458636, 0.2712874432
0.2166729318, 0.6356437216
0.1083364659, 0.3178218608
0.0541682329, 0.1589109304
0.5270841165, 0.0794554652
0.7635420582, 0.0397277326
0.8817710291, 0.5198638663
0.9408855146, 0.7599319332
0.4704427573, 0.3799659666
0.2352213786, 0.1899829833
0.6176106893, 0.0949914916
0.8088053447, 0.5474957458
0.9044026723, 0.7737478729
0.4522013362, 0.8868739365
0.7261006681, 0.4434369682
0.3630503340, 0.2217184841
0.1815251670, 0.1108592421
0.0907625835, 0.5554296210
0.5453812918, 0.2777148105
0.7726906459, 0.1388574053
0.3863453229, 0.0694287026
0.1931726615, 0.0347143513
0.5965863307, 0.0173571757
0.2982931654, 0.0086785878
0.6491465827, 0.0043392939
0.8245732913, 0.0021696470
0.4122866457, 0.0010848235
0.2061433228, 0.5005424117
0.1030716614, 0.2502712059
0.0515358307, 0.1251356029
0.0257679154, 0.0625678015
0.5128839577, 0.0312839007
0.7564419788, 0.0156419504
0.8782209894, 0.5078209752
0.9391104947, 0.7539104876
0.4695552474, 0.3769552438
0.2347776237, 0.1884776219
0.1173888118, 0.0942388109
0.0586944059, 0.5471194055
0.0293472030, 0.2735597027
0.5146736015, 0.1367798514
0.2573368007, 0.0683899257
0.1286684004, 0.0341949628
0.5643342002, 0.0170974814
0.2821671001, 0.5085487407
0.6410835500, 0.2542743704
0.3205417750, 0.6271371852
0.1602708875, 0.3135685926
0.0801354438, 0.1567842963
0.5400677219, 0.0783921481
0.2700338609, 0.0391960741
0.6350169305, 0.0195980370
0.8175084652, 0.5097990185
0.9087542326, 0.7548995093
0.4543771163, 0.3774497546
0.7271885582, 0.1887248773
0.8635942791, 0.0943624387
0.4317971395, 0.0471812193
0.7158985698, 0.5235906097
0.3579492849, 0.7617953048
0.1789746424, 0.8808976524
0.0894873212, 0.4404488262
0.0447436606, 0.7202244131
0.5223718303, 0.3601122066
0.2611859152, 0.6800561033
0.1305929576, 0.3400280516
0.0652964788, 0.1700140258
0.5326482394, 0.0850070129
0.7663241197, 0.0425035065
0.3831620598, 0.5212517532
0.1915810299, 0.2606258766
0.0957905150, 0.1303129383
0.0478952575, 0.5651564692
0.5239476287, 0.2825782346
0.7619738144, 0.1412891173
0.8809869072, 0.5706445586
0.9404934536, 0.7853222793
0.9702467268, 0.8926611397
0.4851233634, 0.4463305698
0.2425616817, 0.2231652849
0.6212808408, 0.1115826425
0.3106404204, 0.5557913212
0.1553202102, 0.2778956606
0.0776601051, 0.1389478303
0.0388300526, 0.0694739152
0.0194150263, 0.0347369576
0.5097075131, 0.0173684788
0.2548537566, 0.5086842394
0.1274268783, 0.2543421197
0.5637134391, 0.6271710598
0.2818567196, 0.3135855299
0.6409283598, 0.1567927650
0.8204641799, 0.0783963825
0.9102320899, 0.5391981912
0.4551160450, 0.2695990956
0.2275580225, 0.1347995478
0.1137790112, 0.0673997739
0.0568895056, 0.5336998870
0.0284447528, 0.2668499435
0.5142223764, 0.1334249717
0.7571111882, 0.5667124859
0.3785555941, 0.7833562429
0.1892777971, 0.3916781215
0.0946388985, 0.1958390607
0.5473194493, 0.0979195304
0.2736597246, 0.5489597652
0.1368298623, 0.2744798826
0.0684149312, 0.1372399413
0.0342074656, 0.0686199706
0.5171037328, 0.5343099853
0.2585518664, 0.7671549927
0.6292759332, 0.8835774963
0.8146379666, 0.4417887482
0.4073189833, 0.7208943741
0.2036594916, 0.3604471870
0.6018297458, 0.1802235935
0.8009148729, 0.0901117968
0.4004574365, 0.0450558984
0.2002287182, 0.5225279492
0.6001143591, 0.2612639746
0.8000571796, 0.1306319873
0.4000285898, 0.0653159936
0.7000142949, 0.0326579968
0.8500071474, 0.5163289984
0.4250035737, 0.2581644992
0.2125017869, 0.1290822496
0.1062508934, 0.0645411248
0.0531254467, 0.0322705624
0.0265627234, 0.5161352812
0.0132813617, 0.2580676406
0.0066406808, 0.1290338203
0.0033203404, 0.5645169102
0.0016601702, 0.2822584551
0.0008300851, 0.6411292275
0.5004150426, 0.3205646138
0.7502075213, 0.1602823069
0.8751037606, 0.5801411534
0.9375518803, 0.7900705767
0.9687759402, 0.8950352884
0.9843879701, 0.4475176442
0.4921939850, 0.2237588221
0.2460969925, 0.1118794110
0.1230484963, 0.0559397055
0.5615242481, 0.0279698528
0.2807621241, 0.5139849264
0.1403810620, 0.2569924632
0.5701905310, 0.6284962316
0.2850952655, 0.3142481158
0.1425476328, 0.6571240579
0.0712738164, 0.3285620289
0.5356369082, 0.1642810145
0.2678184541, 0.0821405072
0.6339092270, 0.0410702536
0.8169546135, 0.5205351268
0.9084773068, 0.2602675634
0.9542386534, 0.1301337817
0.4771193267, 0.0650668909
0.2385596633, 0.0325334454
0.1192798317, 0.5162667227
0.0596399158, 0.2581333614
0.5298199579, 0.1290666807
0.2649099790, 0.5645333403
0.1324549895, 0.2822666702
0.5662274947, 0.6411333351
0.2831137474, 0.8205666675
0.1415568737, 0.4102833338
0.0707784368, 0.2051416669
0.0353892184, 0.6025708334
0.0176946092, 0.3012854167
0.0088473046, 0.6506427084
0.0044236523, 0.8253213542
0.0022118262, 0.4126606771
0.0011059131, 0.2063303385
0.0005529565, 0.6031651693
0.5002764783, 0.3015825846
0.7501382391, 0.1507912923
0.8750691196, 0.0753956462
0.9375345598, 0.5376978231
0.4687672799, 0.7688489115
0.7343836399, 0.3844244558
0.8671918200, 0.6922122279
0.4335959100, 0.8461061139
0.7167979550, 0.4230530570
0.8583989775, 0.7115265285
0.9291994887, 0.8557632642
0.4645997444, 0.4278816321
0.2322998722, 0.7139408161
0.1161499361, 0.3569704080
0.5580749680, 0.6784852040
0.7790374840, 0.3392426020
0.3895187420, 0.6696213010
0.1947593710, 0.3348106505
0.5973796855, 0.6674053253
0.7986898428, 0.3337026626
0.8993449214, 0.6668513313
0.9496724607, 0.8334256657
0.9748362303, 0.4167128328
0.9874181152, 0.2083564164
0.9937090576, 0.1041782082
0.4968545288, 0.5520891041
0.2484272644, 0.7760445521
0.6242136322, 0.8880222760
0.8121068161, 0.4440111380
0.9060534080, 0.7220055690
0.4530267040, 0.3610027845
0.2265133520, 0.1805013923
0.1132566760, 0.0902506961
0.5566283380, 0.0451253481
0.7783141690, 0.0225626740
0.3891570845, 0.0112813370
0.6945785423, 0.5056406685
0.3472892711, 0.7528203343
0.6736446356, 0.8764101671
0.8368223178, 0.9382050836
0.9184111589, 0.9691025418
0.4592055794, 0.9845512709
0.2296027897, 0.4922756354
0.1148013949, 0.2461378177
0.5574006974, 0.1230689089
0.7787003487, 0.0615344544
0.3893501744, 0.5307672272
0.1946750872, 0.7653836136
0.5973375436, 0.3826918068
0.2986687718, 0.6913459034
0.6493343859, 0.3456729517
0.3246671929, 0.6728364759
0.6623335965, 0.3364182379
0.3311667982, 0.6682091190
0.6655833991, 0.3341045595
0.8327916996, 0.6670522797
0.4163958498, 0.8335261399
0.2081979249, 0.9167630699
0.1040989624, 0.9583815350
0.5520494812, 0.4791907675
0.7760247406, 0.7395953837
0.8880123703, 0.3697976919
0.9440061852, 0.1848988459
0.4720030926, 0.0924494230
0.7360015463, 0.5462247115
0.8680007731, 0.2731123557
0.9340003866, 0.6365561779
0.9670001933, 0.8182780889
0.4835000966, 0.4091390445
0.7417500483, 0.2045695222
0.8708750242, 0.6022847611
0.9354375121, 0.8011423806
0.9677187560, 0.9005711903
0.4838593780, 0.9502855951
0.7419296890, 0.4751427976
0.3709648445, 0.2375713988
0.6854824223, 0.1187856994
0.3427412111, 0.0593928497
0.6713706056, 0.0296964248
0.3356853028, 0.0148482124
0.1678426514, 0.5074241062
0.0839213257, 0.2537120531
0.5419606628, 0.6268560266
0.7709803314, 0.3134280133
0.3854901657, 0.1567140066
0.1927450829, 0.0783570033
0.0963725414, 0.0391785017
0.5481862707, 0.5195892508
0.2740931354, 0.2597946254
0.1370465677, 0.6298973127
0.0685232838, 0.3149486564
0.0342616419, 0.1574743282
0.0171308210, 0.5787371641
0.0085654105, 0.2893685820
0.5042827052, 0.6446842910
0.7521413526, 0.3223421455
0.3760706763, 0.1611710728
0.6880353382, 0.0805855364
0.3440176691, 0.0402927682
0.1720088345, 0.0201463841
0.5860044173, 0.5100731920
0.2930022086, 0.2550365960
0.1465011043, 0.1275182980
0.5732505522, 0.0637591490
0.2866252761, 0.5318795745
0.6433126380, 0.7659397873
0.8216563190, 0.8829698936
0.9108281595, 0.4414849468
0.9554140798, 0.2207424734
0.4777070399, 0.6103712367
0.2388535199, 0.8051856184
0.1194267600, 0.4025928092
0.0597133800, 0.2012964046
0.5298566900, 0.6006482023
0.7649283450, 0.8003241011
0.8824641725, 0.9001620506
0.9412320862, 0.9500810253
0.9706160431, 0.9750405126
0.4853080216, 0.4875202563
0.7426540108, 0.2437601282
0.8713270054, 0.6218800641
0.9356635027, 0.3109400320
0.9678317513, 0.6554700160
0.9839158757, 0.3277350080
0.9919579378, 0.1638675040
0.9959789689, 0.0819337520
0.9979894845, 0.5409668760
0.9989947422, 0.2704834380
0.4994973711, 0.6352417190
0.2497486856, 0.3176208595
0.6248743428, 0.1588104298
0.3124371714, 0.0794052149
0.1562185857, 0.0397026074
0.5781092928, 0.5198513037
0.7890546464, 0.7599256519
0.8945273232, 0.8799628259
0.4472636616, 0.4399814130
0.2236318308, 0.2199907065
0.1118159154, 0.6099953532
0.0559079577, 0.8049976766
0.0279539789, 0.4024988383
0.5139769894, 0.2012494192
0.7569884947, 0.1006247096
0.3784942474, 0.5503123548
0.1892471237, 0.2751561774
0.5946235618, 0.1375780887
0.2973117809, 0.0687890443
0.6486558905, 0.0343945222
0.3243279452, 0.5171972611
0.1621639726, 0.2585986305
0.5810819863, 0.1292993153
0.7905409932, 0.5646496576
0.3952704966, 0.7823248288
0.6976352483, 0.3911624144
0.3488176241, 0.6955812072
0.1744088121, 0.8477906036
0.0872044060, 0.9238953018
0.0436022030, 0.9619476509
0.0218011015, 0.9809738255
0.5109005508, 0.4904869127
0.7554502754, 0.2452434564
0.8777251377, 0.6226217282
0.9388625688, 0.8113108641
0.4694312844, 0.4056554320
0.2347156422, 0.2028277160
0.6173578211, 0.1014138580
0.8086789106, 0.5507069290
0.4043394553, 0.7753534645
0.2021697276, 0.3876767323
0.6010848638, 0.6938383661
0.3005424319, 0.3469191831
0.1502712160, 0.1734595915
0.0751356080, 0.5867297958
0.0375678040, 0.7933648979
0.5187839020, 0.3966824489
0.7593919510, 0.1983412245
0.3796959755, 0.5991706122
0.6898479877, 0.2995853061
0.8449239939, 0.1497926531
0.4224619969, 0.5748963265
0.7112309985, 0.2874481633
0.8556154992, 0.1437240816
0.9278077496, 0.5718620408
0.4639038748, 0.2859310204
0.2319519374, 0.6429655102
0.6159759687, 0.3214827551
0.3079879844, 0.6607413776
0.1539939922, 0.3303706888
0.0769969961, 0.1651853444
0.5384984980, 0.5825926722
0.7692492490, 0.7912963361
0.8846246245, 0.8956481680
0.9423123123, 0.9478240840
0.4711561561, 0.9739120420
0.2355780781, 0.9869560210
0.6177890390, 0.4934780105
0.8088945195, 0.2467390053
0.9044472598, 0.6233695026
0.4522236299, 0.8116847513
0.7261118149, 0.4058423757
0.3630559075, 0.2029211878
0.1815279537, 0.1014605939
0.0907639769, 0.0507302970
0.5453819884, 0.0253651485
0.7726909942, 0.5126825742
0.3863454971, 0.2563412871
0.1931727486, 0.6281706436
0.0965863743, 0.3140853218
0.0482931871, 0.1570426609
0.0241465936, 0.0785213304
0.0120732968, 0.5392606652
0.0060366484, 0.2696303326
0.5030183242, 0.1348151663
0.7515091621, 0.0674075832
0.3757545810, 0.5337037916
0.1878772905, 0.7668518958
0.0939386453, 0.3834259479
0.0469693226, 0.1917129739
0.5234846613, 0.0958564870
0.7617423307, 0.5479282435
0.8808711653, 0.7739641217
0.4404355827, 0.3869820609
0.2202177913, 0.1934910304
0.1101088957, 0.5967455152
0.0550544478, 0.7983727576
0.0275272239, 0.3991863788
0.5137636120, 0.1995931894
0.7568818060, 0.0997965947
0.3784409030, 0.0498982974
0.1892204515, 0.0249491487
0.0946102257, 0.0124745743
0.5473051129, 0.5062372872
0.2736525564, 0.2531186436
0.1368262782, 0.6265593218
0.0684131391, 0.3132796609
0.5342065696, 0.6566398304
0.7671032848, 0.8283199152
0.3835516424, 0.4141599576
0.6917758212, 0.7070799788
0.3458879106, 0.8535399894
0.1729439553, 0.9267699947
0.0864719776, 0.9633849974
0.0432359888, 0.4816924987
0.5216179944, 0.2408462493
0.2608089972, 0.1204231247
0.6304044986, 0.0602115623
0.3152022493, 0.5301057812
0.6576011247, 0.7650528906
0.3288005623, 0.3825264453
0.1644002812, 0.1912632226
0.0822001406, 0.5956316113
0.0411000703, 0.7978158057
0.0205500351, 0.8989079028
0.5102750176, 0.4494539514
0.2551375088, 0.2247269757
0.1275687544, 0.1123634879
0.5637843772, 0.0561817439
0.7818921886, 0.5280908720
0.3909460943, 0.2640454360
0.6954730471, 0.6320227180
0.3477365236, 0.8160113590
0.6738682618, 0.4080056795
0.8369341309, 0.7040028397
0.9184670654, 0.3520014199
0.4592335327, 0.6760007099
0.2296167664, 0.8380003550
0.6148083832, 0.4190001775
0.3074041916, 0.2095000887
0.6537020958, 0.1047500444
0.8268510479, 0.0523750222
0.9134255239, 0.5261875111
0.9567127620, 0.7630937555
0.9783563810, 0.3815468778
0.9891781905, 0.6907734389
0.4945890952, 0.3453867194
0.2472945476, 0.1726933597
0.6236472738, 0.5863466799
0.8118236369, 0.2931733399
0.9059118185, 0.1465866700
0.4529559092, 0.5732933350
0.2264779546, 0.7866466675
0.1132389773, 0.8933233337
0.5566194887, 0.4466616669
0.2783097443, 0.7233308334
0.6391548722, 0.3616654167
0.3195774361, 0.6808327084
0.1597887180, 0.8404163542
0.0798943590, 0.4202081771
0.5399471795, 0.2101040885
0.2699735898, 0.1050520443
0.1349867949, 0.5525260221
0.0674933974, 0.2762630111
0.0337466987, 0.1381315055
0.0168733494, 0.5690657528
0.5084366747, 0.2845328764
0.2542183373, 0.6422664382
0.1271091687, 0.3211332191
0.0635545843, 0.1605666095
0.5317772922, 0.5802833048
0.2658886461, 0.2901416524
0.6329443230, 0.1450708262
0.8164721615, 0.0725354131
0.9082360808, 0.0362677065
0.9541180404, 0.5181338533
0.4770590202, 0.2590669266
0.7385295101, 0.6295334633
0.8692647550, 0.3147667317
0.4346323775, 0.6573833658
0.2173161888, 0.3286916829
0.6086580944, 0.6643458415
0.8043290472, 0.3321729207
0.4021645236, 0.6660864604
0.7010822618, 0.8330432302
0.3505411309, 0.9165216151
0.6752705654, 0.4582608075
0.8376352827, 0.2291304038
0.9188176414, 0.6145652019
0.9594088207, 0.8072826009
0.9797044103, 0.4036413005
0.4898522052, 0.7018206502
0.2449261026, 0.3509103251
0.6224630513, 0.6754551626
0.3112315256, 0.8377275813
0.1556157628, 0.4188637906
0.0778078814, 0.2094318953
0.5389039407, 0.6047159477
0.7694519704, 0.3023579738
0.8847259852, 0.6511789869
0.4423629926, 0.8255894935
0.7211814963, 0.4127947467
0.8605907481, 0.2063973734
0.9302953741, 0.6031986867
0.9651476870, 0.3015993433
0.4825738435, 0.6507996717
0.2412869218, 0.3253998358
0.6206434609, 0.1626999179
0.8103217304, 0.5813499590
0.4051608652, 0.2906749795
0.7025804326, 0.1453374897
0.8512902163, 0.5726687449
0.9256451082, 0.7863343724
0.4628225541, 0.8931671862
0.2314112770, 0.4465835931
0.6157056385, 0.2232917966
0.3078528193, 0.6116458983
0.1539264096, 0.3058229491
0.0769632048, 0.1529114746
0.5384816024, 0.0764557373
0.7692408012, 0.0382278686
0.8846204006, 0.5191139343
0.9423102003, 0.7595569672
0.4711551002, 0.8797784836
0.7355775501, 0.4398892418
0.3677887750, 0.2199446209
0.1838943875, 0.1099723104
0.0919471938, 0.5549861552
0.0459735969, 0.2774930776
0.0229867984, 0.1387465388
0.5114933992, 0.0693732694
0.7557466996, 0.0346866347
0.8778733498, 0.5173433174
0.9389366749, 0.7586716587
0.4694683375, 0.3793358293
0.2347341687, 0.1896679147
0.6173670844, 0.0948339573
0.8086835422, 0.0474169787
0.9043417711, 0.0237084893
0.4521708855, 0.5118542447
0.7260854428, 0.2559271223
0.8630427214, 0.6279635612
0.9315213607, 0.8139817806
0.4657606803, 0.9069908903
0.2328803402, 0.9534954451
0.1164401701, 0.9767477226
0.0582200850, 0.4883738613
0.5291100425, 0.7441869306
0.2645550213, 0.3720934653
0.1322775106, 0.6860467327
0.0661387553, 0.3430233663
0.0330693777, 0.1715116832
0.5165346888, 0.0857558416
0.7582673444, 0.5428779208
0.8791336722, 0.7714389604
0.9395668361, 0.8857194802
0.9697834181, 0.9428597401
0.4848917090, 0.9714298700
0.2424458545, 0.4857149350
0.6212229273, 0.7428574675
0.8106114636, 0.3714287338
0.9053057318, 0.6857143669
0.9526528659, 0.8428571834
0.4763264330, 0.9214285917
0.7381632165, 0.4607142959
0.8690816082, 0.7303571479
0.9345408041, 0.3651785740
0.9672704021, 0.6825892870
0.9836352010, 0.3412946435
0.9918176005, 0.1706473217
0.4959088003, 0.0853236609
0.2479544001, 0.0426618304
0.1239772001, 0.0213309152
0.5619886000, 0.5106654576
0.7809943000, 0.2553327288
0.3904971500, 0.1276663644
0.1952485750, 0.5638331822
0.0976242875, 0.2819165911
0.0488121438, 0.1409582956
0.0244060719, 0.5704791478
0.5122030359, 0.7852395739
0.7561015180, 0.8926197869
0.3780507590, 0.9463098935
0.1890253795, 0.4731549467
0.5945126897, 0.2365774734
0.2972563449, 0.1182887367
0.1486281724, 0.0591443683
0.5743140862, 0.0295721842
0.2871570431, 0.0147860921
0.1435785216, 0.0073930460
0.0717892608, 0.5036965230
0.0358946304, 0.2518482615
0.5179473152, 0.6259241308
0.2589736576, 0.3129620654
0.1294868288, 0.6564810327
0.0647434144, 0.3282405163
0.0323717072, 0.6641202582
0.5161858536, 0.3320601291
0.2580929268, 0.1660300645
0.6290464634, 0.0830150323
0.3145232317, 0.5415075161
0.1572616158, 0.2707537581
0.0786308079, 0.1353768790
0.5393154040, 0.5676884395
0.2696577020, 0.2838442198
0.6348288510, 0.6419221099
0.8174144255, 0.3209610549
0.9087072127, 0.1604805275
0.9543536064, 0.5802402637
0.9771768032, 0.7901201319
0.4885884016, 0.3950600659
0.7442942008, 0.6975300330
0.3721471004, 0.3487650165
0.1860735502, 0.1743825082
0.0930367751, 0.0871912541
0.0465183875, 0.5435956271
0.0232591938, 0.2717978135
0.0116295969, 0.1358989068
0.5058147984, 0.0679494534
0.2529073992, 0.0339747267
0.6264536996, 0.0169873633
0.3132268498, 0.0084936817
0.6566134249, 0.0042468408
0.8283067125, 0.0021234204
0.9141533562, 0.5010617102
0.4570766781, 0.2505308551
0.7285383391, 0.6252654276
0.3642691695, 0.3126327138
0.1821345848, 0.1563163569
0.0910672924, 0.5781581784
0.0455336462, 0.2890790892
0.0227668231, 0.6445395446
0.0113834115, 0.3222697723
0.0056917058, 0.1611348862
0.5028458529, 0.5805674431
0.2514229264, 0.2902837215
0.6257114632, 0.6451418608
0.8128557316, 0.3225709304
0.4064278658, 0.6612854652
0.7032139329, 0.3306427326
0.8516069665, 0.6653213663
0.4258034832, 0.3326606831
0.2129017416, 0.1663303416
0.6064508708, 0.0831651708
0.8032254354, 0.5415825854
0.9016127177, 0.2707912927
0.9508063589, 0.6353956463
0.4754031794, 0.8176978232
0.2377015897, 0.4088489116
0.6188507949, 0.2044244558
0.8094253974, 0.6022122279
0.9047126987, 0.3011061139
0.9523563494, 0.6505530570
0.9761781747, 0.3252765285
0.4880890873, 0.1626382642
0.2440445437, 0.0813191321
0.1220222718, 0.0406595661
0.5610111359, 0.0203297830
0.7805055680, 0.5101648915
0.8902527840, 0.7550824458
0.9451263920, 0.3775412229
0.9725631960, 0.1887706114
0.4862815980, 0.5943853057
0.7431407990, 0.2971926529
0.8715703995, 0.1485963264
0.9357851997, 0.5742981632
0.4678925999, 0.7871490816
0.7339462999, 0.3935745408
0.8669731500, 0.1967872704
0.9334865750, 0.0983936352
0.4667432875, 0.0491968176
0.2333716437, 0.5245984088
0.6166858219, 0.2622992044
0.8083429109, 0.6311496022
0.9041714555, 0.3155748011
0.4520857277, 0.1577874006
0.2260428639, 0.0788937003
0.6130214319, 0.0394468501
0.8065107160, 0.5197234251
0.4032553580, 0.2598617125
0.2016276790, 0.6299308563
0.1008138395, 0.8149654281
0.5504069197, 0.9074827141
0.2752034599, 0.4537413570
0.6376017299, 0.2268706785
0.8188008650, 0.6134353393
0.9094004325, 0.8067176696
0.4547002162, 0.4033588348
0.2273501081, 0.7016794174
0.1136750541, 0.8508397087
0.0568375270, 0.4254198544
0.0284187635, 0.2127099272
0.5142093818, 0.6063549636
0.7571046909, 0.3031774818
0.8785523454, 0.6515887409
0.4392761727, 0.3257943704
0.7196380864, 0.1628971852
0.8598190432, 0.5814485926
0.9299095216, 0.7907242963
0.4649547608, 0.3953621482
0.2324773804, 0.6976810741
0.1162386902, 0.3488405370
0.5581193451, 0.6744202685
0.7790596725, 0.8372101343
0.3895298363, 0.9186050671
0.1947649181, 0.9593025336
0.5973824591, 0.4796512668
0.2986912295, 0.7398256334
0.1493456148, 0.3699128167
0.5746728074, 0.1849564083
0.2873364037, 0.0924782042
0.1436682018, 0.5462391021
0.0718341009, 0.2731195510
0.0359170505, 0.1365597755
0.5179585252, 0.5682798878
0.2589792626, 0.2841399439
0.6294896313, 0.1420699719
0.3147448157, 0.5710349860
0.6573724078, 0.2855174930
0.8286862039, 0.1427587465
0.4143431020, 0.5713793732
0.2071715510, 0.2856896866
0.6035857755, 0.6428448433
0.3017928877, 0.3214224217
0.1508964439, 0.1607112108
0.5754482219, 0.0803556054
0.2877241110, 0.0401778027
0.6438620555, 0.5200889014
0.3219310277, 0.2600444507
0.1609655139, 0.1300222253
0.0804827569, 0.0650111127
0.0402413785, 0.0325055563
0.5201206892, 0.5162527782
0.7600603446, 0.7581263891
0.8800301723, 0.8790631945
0.4400150862, 0.4395315973
0.2200075431, 0.2197657986
0.1100037715, 0.1098828993
0.5550018858, 0.5549414497
0.2775009429, 0.2774707248
0.6387504714, 0.1387353624
0.3193752357, 0.0693676812
0.6596876179, 0.5346838406
0.8298438089, 0.2673419203
0.4149219045, 0.6336709602
0.2074609522, 0.3168354801
0.1037304761, 0.1584177400
0.0518652381, 0.0792088700
0.5259326190, 0.0396044350
0.2629663095, 0.5198022175
0.1314831548, 0.2599011088
0.5657415774, 0.6299505544
0.7828707887, 0.3149752772
0.3914353943, 0.6574876386
0.6957176972, 0.8287438193
0.3478588486, 0.4143719096
0.1739294243, 0.2071859548
0.0869647121, 0.1035929774
0.5434823561, 0.0517964887
0.7717411780, 0.5258982444
0.3858705890, 0.2629491222
0.1929352945, 0.1314745611
0.5964676473, 0.0657372805
0.7982338236, 0.5328686403
0.3991169118, 0.7664343201
0.1995584559, 0.8832171601
0.0997792280, 0.9416085800
0.0498896140, 0.9708042900
0.5249448070, 0.4854021450
0.2624724035, 0.2427010725
0.1312362017, 0.1213505363
0.5656181009, 0.0606752681
0.7828090504, 0.0303376341
0.3914045252, 0.0151688170
0.6957022626, 0.0075844085
0.3478511313, 0.5037922043
0.1739255657, 0.2518961021
0.0869627828, 0.6259480511
0.5434813914, 0.3129740255
0.2717406957, 0.1564870128
0.6358703479, 0.0782435064
0.8179351739, 0.5391217532
0.4089675870, 0.2695608766
0.7044837935, 0.6347804383
0.8522418967, 0.8173902191
0.4261209484, 0.4086951096
0.2130604742, 0.2043475548
0.6065302371, 0.1021737774
0.8032651185, 0.5510868887
0.4016325593, 0.7755434443
0.7008162796, 0.3877717222
0.3504081398, 0.6938858611
0.1752040699, 0.8469429305
0.5876020350, 0.4234714653
0.7938010175, 0.7117357326
0.8969005087, 0.3558678663
0.9484502544, 0.1779339332
0.4742251272, 0.0889669666
0.7371125636, 0.0444834833
0.3685562818, 0.5222417416
0.1842781409, 0.7611208708
0.5921390704, 0.3805604354
0.7960695352, 0.6902802177
0.3980347676, 0.3451401089
0.6990173838, 0.1725700544
0.8495086919, 0.0862850272
0.4247543460, 0.5431425136
0.7123771730, 0.2715712568
0.3561885865, 0.1357856284
0.6780942932, 0.5678928142
0.8390471466, 0.2839464071
0.9195235733, 0.6419732036
0.4597617867, 0.3209866018
0.2298808933, 0.1604933009
0.1149404467, 0.0802466504
0.5574702233, 0.0401233252
0.2787351117, 0.5200616626
0.1393675558, 0.2600308313
0.0696837779, 0.6300154157
0.0348418890, 0.3150077078
0.5174209445, 0.1575038539
0.7587104722, 0.5787519270
0.8793552361, 0.2893759635
0.9396776181, 0.6446879817
0.9698388090, 0.3223439909
0.9849194045, 0.6611719954
0.9924597023, 0.3305859977
0.9962298511, 0.6652929989
0.4981149256, 0.8326464994
0.2490574628, 0.4163232497
0.6245287314, 0.7081616249
0.8122643657, 0.8540808124
0.9061321828, 0.9270404062
0.4530660914, 0.4635202031
0.7265330457, 0.2317601016
0.3632665229, 0.1158800508
0.1816332614, 0.0579400254
0.0908166307, 0.5289700127
0.5454083154, 0.2644850063
0.7727041577, 0.6322425032
0.8863520788, 0.8161212516
0.4431760394, 0.9080606258
0.2215880197, 0.4540303129
0.6107940099, 0.2270151564
0.8053970049, 0.6135075782
0.9026985025, 0.8067537891
0.4513492512, 0.9033768946
0.7256746256, 0.4516884473
0.3628373128, 0.7258442236
0.6814186564, 0.8629221118
0.3407093282, 0.4314610559
0.1703546641, 0.2157305280
0.5851773321, 0.1078652640
0.2925886660, 0.5539326320
0.6462943330, 0.7769663160
0.3231471665, 0.3884831580
0.1615735833, 0.6942415790
0.0807867916, 0.8471207895
0.5403933958, 0.9235603947
0.7701966979, 0.4617801974
0.8850983490, 0.7308900987
0.9425491745, 0.8654450493
0.9712745872, 0.9327225247
0.9856372936, 0.4663612623
0.9928186468, 0.7331806312
0.9964093234, 0.3665903156
0.4982046617, 0.6832951578
0.7491023309, 0.3416475789
0.8745511654, 0.1708237894
0.9372755827, 0.0854118947
0.4686377914, 0.5427059474
0.2343188957, 0.2713529737
0.1171594478, 0.1356764868
0.0585797239, 0.5678382434
0.0292898620, 0.7839191217
0.0146449310, 0.3919595609
0.5073224655, 0.6959797804
0.2536612327, 0.3479898902
0.1268306164, 0.1739949451
0.5634153082, 0.0869974726
0.2817076541, 0.5434987363
0.6408538270, 0.2717493681
0.8204269135, 0.6358746841
0.9102134568, 0.8179373420
0.4551067284, 0.4089686710
0.2275533642, 0.2044843355
0.6137766821, 0.1022421678
0.3068883410, 0.0511210839
0.6534441705, 0.0255605419
0.3267220853, 0.5127802710
0.1633610426, 0.2563901355
0.5816805213, 0.6281950677
0.2908402607, 0.3140975339
0.6454201303, 0.1570487669
0.3227100652, 0.0785243835
0.6613550326, 0.5392621917
0.8306775163, 0.7696310959
0.4153387581, 0.3848155479
0.7076693791, 0.1924077740
0.3538346895, 0.0962038870
0.1769173448, 0.5481019435
0.0884586724, 0.2740509717
0.5442293362, 0.1370254859
0.2721146681, 0.0685127429
0.6360573340, 0.0342563715
0.8180286670, 0.5171281857
0.4090143335, 0.7585640929
0.2045071668, 0.3792820464
0.6022535834, 0.6896410232
0.8011267917, 0.3448205116
0.9005633958, 0.6724102558
0.9502816979, 0.8362051279
0.9751408490, 0.9181025640
0.4875704245, 0.4590512820
0.7437852122, 0.2295256410
0.8718926061, 0.1147628205
0.9359463031, 0.0573814102
0.9679731515, 0.0286907051
0.4839865758, 0.5143453526
0.7419932879, 0.7571726763
0.8709966439, 0.8785863381
0.4354983220, 0.4392931691
0.7177491610, 0.7196465845
0.3588745805, 0.3598232923
0.1794372902, 0.6799116461
0.0897186451, 0.3399558231
0.0448593226, 0.1699779115
0.5224296613, 0.0849889558
0.2612148306, 0.5424944779
0.1306074153, 0.7712472389
0.0653037077, 0.3856236195
0.0326518538, 0.6928118097
0.5163259269, 0.8464059049
0.2581629635, 0.9232029524
0.1290814817, 0.9616014762
0.0645407409, 0.9808007381
0.5322703704, 0.4904003691
0.2661351852, 0.2452001845
0.1330675926, 0.1226000923
0.5665337963, 0.0613000461
0.7832668982, 0.5306500231
0.3916334491, 0.2653250115
0.6958167245, 0.1326625058
0.3479083623, 0.0663312529
0.1739541811, 0.0331656264
0.5869770906, 0.5165828132
0.2934885453, 0.2582914066
0.1467442726, 0.6291457033
0.0733721363, 0.3145728517
0.5366860682, 0.6572864258
0.7683430341, 0.8286432129
0.3841715170, 0.9143216065
0.1920857585, 0.4571608032
0.5960428793, 0.7285804016
0.7980214396, 0.3642902008
0.8990107198, 0.1821451004
0.9495053599, 0.5910725502
0.9747526800, 0.2955362751
0.9873763400, 0.6477681376
0.9936881700, 0.8238840688
0.9968440850, 0.4119420344
0.4984220425, 0.7059710172
0.2492110212, 0.8529855086
0.1246055106, 0.4264927543
0.5623027553, 0.7132463771
0.7811513777, 0.3566231886
0.3905756888, 0.1783115943
0.6952878444, 0.0891557971
0.3476439222, 0.5445778986
0.6738219611, 0.7722889493
0.8369109806, 0.3861444746
0.4184554903, 0.6930722373
0.7092277451, 0.3465361187
0.3546138726, 0.1732680593
0.1773069363, 0.0866340297
0.5886534681, 0.0433170148
0.7943267341, 0.5216585074
0.8971633670, 0.7608292537
0.4485816835, 0.3804146269
0.7242908418, 0.6902073134
0.3621454209, 0.8451036567
0.1810727104, 0.4225518284
0.0905363552, 0.2112759142
0.0452681776, 0.1056379571
0.5226340888, 0.0528189785
0.7613170444, 0.5264094893
0.8806585222, 0.7632047446
0.4403292611, 0.3816023723
0.7201646306, 0.6908011862
0.8600823153, 0.3454005931
0.4300411576, 0.1727002965
0.2150205788, 0.0863501483
0.1075102894, 0.0431750741
0.0537551447, 0.0215875371
0.5268775724, 0.5107937685
0.7634387862, 0.7553968843
0.3817193931, 0.3776984421
0.6908596965, 0.1888492211
0.8454298483, 0.0944246105
0.9227149241, 0.0472123053
0.9613574621, 0.0236061526
0.4806787310, 0.5118030763
0.2403393655, 0.2559015382
0.6201696828, 0.1279507691
0.8100848414, 0.0639753845
0.4050424207, 0.5319876923
0.2025212103, 0.2659938461
0.1012606052, 0.1329969231
0.0506303026, 0.0664984615
0.5253151513, 0.0332492308
0.2626575756, 0.0166246154
0.1313287878, 0.5083123077
0.5656643939, 0.7541561538
0.7828321970, 0.8770780769
0.3914160985, 0.9385390385
0.1957080492, 0.4692695192
0.0978540246, 0.2346347596
0.5489270123, 0.1173173798
0.7744635062, 0.5586586899
0.8872317531, 0.7793293450
0.9436158765, 0.3896646725
0.9718079383, 0.6948323362
0.9859039691, 0.3474161681
0.9929519846, 0.1737080841
0.9964759923, 0.0868540420
0.9982379961, 0.5434270210
0.9991189981, 0.7717135105
0.4995594990, 0.3858567553
0.7497797495, 0.1929283776
0.3748898748, 0.0964641888
0.6874449374, 0.5482320944
0.8437224687, 0.7741160472
0.9218612343, 0.8870580236
0.4609306172, 0.4435290118
0.7304653086, 0.7217645059
0.3652326543, 0.3608822530
0.1826163271, 0.1804411265
0.0913081636, 0.5902205632
0.5456540818, 0.2951102816
0.2728270409, 0.1475551408
0.1364135204, 0.0737775704
0.0682067602, 0.0368887852
0.0341033801, 0.0184443926
0.5170516901, 0.5092221963
0.2585258450, 0.7546110982
0.1292629225, 0.3773055491
0.5646314613, 0.1886527745
0.7823157306, 0.0943263873
0.3911578653, 0.0471631936
0.6955789327, 0.5235815968
0.8477894663, 0.2617907984
0.9238947332, 0.1308953992
0.4619473666, 0.5654476996
0.2309736833, 0.2827238498
0.1154868416, 0.1413619249
0.5577434208, 0.5706809625
0.2788717104, 0.2853404812
0.1394358552, 0.1426702406
0.0697179276, 0.0713351203
0.0348589638, 0.5356675602
0.5174294819, 0.7678337801
0.7587147410, 0.8839168900
0.8793573705, 0.4419584450
0.9396786852, 0.2209792225
0.9698393426, 0.1104896113
0.9849196713, 0.0552448056
0.9924598357, 0.5276224028
0.4962299178, 0.2638112014
0.7481149589, 0.6319056007
0.3740574795, 0.3159528004
0.6870287397, 0.1579764002
0.8435143699, 0.5789882001
0.4217571849, 0.2894941000
0.7108785925, 0.1447470500
0.8554392962, 0.0723735250
0.9277196481, 0.0361867625
0.9638598241, 0.5180933813
0.9819299120, 0.7590466906
0.9909649560, 0.8795233453
0.4954824780, 0.4397616727
0.7477412390, 0.2198808363
0.3738706195, 0.6099404182
0.1869353098, 0.8049702091
0.5934676549, 0.9024851045
0.2967338274, 0.4512425523
0.1483669137, 0.2256212761
0.0741834569, 0.6128106381
0.5370917284, 0.8064053190
0.7685458642, 0.9032026595
0.3842729321, 0.4516013298
0.6921364661, 0.2258006649
0.8460682330, 0.6129003324
0.9230341165, 0.8064501662
0.4615170583, 0.4032250831
0.2307585291, 0.7016125416
0.6153792646, 0.3508062708
0.8076896323, 0.6754031354
0.9038448161, 0.8377015677
0.9519224081, 0.9188507838
0.4759612040, 0.4594253919
0.2379806020, 0.7297126960
0.1189903010, 0.3648563480
0.5594951505, 0.6824281740
0.2797475753, 0.3412140870
0.1398737876, 0.6706070435
0.0699368938, 0.3353035217
0.0349684469, 0.1676517609
0.5174842235, 0.0838258804
0.2587421117, 0.0419129402
0.1293710559, 0.0209564701
0.0646855279, 0.5104782351
0.5323427640, 0.2552391175
0.7661713820, 0.1276195588
0.3830856910, 0.5638097794
0.6915428455, 0.2819048897
0.3457714227, 0.6409524448
0.1728857114, 0.3204762224
0.0864428557, 0.1602381112
0.5432214278, 0.0801190556
0.2716107139, 0.0400595278
0.1358053570, 0.0200297639
0.0679026785, 0.0100148820
0.5339513392, 0.5050074410
0.2669756696, 0.7525037205
0.1334878348, 0.3762518602
0.0667439174, 0.1881259301
0.5333719587, 0.5940629651
0.2666859794, 0.2970314825
0.6333429897, 0.1485157413
0.3166714948, 0.0742578706
0.6583357474, 0.0371289353
0.3291678737, 0.5185644677
0.6645839369, 0.7592822338
0.8322919684, 0.3796411169
0.4161459842, 0.1898205585
0.7080729921, 0.5949102792
0.8540364961, 0.7974551396
0.4270182480, 0.3987275698
0.2135091240, 0.1993637849
0.6067545620, 0.0996818925
0.3033772810, 0.0498409462
0.1516886405, 0.0249204731
0.0758443203, 0.0124602366
0.5379221601, 0.0062301183
0.7689610801, 0.5031150591
0.3844805400, 0.2515575296
0.1922402700, 0.1257787648
0.5961201350, 0.0628893824
0.7980600675, 0.5314446912
0.8990300338, 0.7657223456
0.9495150169, 0.3828611728
0.4747575084, 0.6914305864
0.2373787542, 0.3457152932
0.6186893771, 0.6728576466
0.8093446886, 0.8364288233
0.4046723443, 0.4182144116
0.7023361721, 0.2091072058
0.3511680861, 0.1045536029
0.6755840430, 0.0522768015
0.3377920215, 0.0261384007
0.6688960108, 0.5130692004
0.3344480054, 0.7565346002
0.6672240027, 0.8782673001
0.8336120013, 0.9391336500
0.9168060007, 0.9695668250
0.4584030003, 0.4847834125
0.7292015002, 0.7423917063
0.8646007501, 0.3711958531
0.9323003750, 0.1855979266
0.9661501875, 0.0927989633
0.9830750938, 0.0463994816
0.9915375469, 0.5231997408
0.9957687734, 0.2615998704
0.9978843867, 0.1307999352
0.4989421934, 0.5653999676
0.2494710967, 0.2826999838
0.6247355483, 0.6413499919
0.3123677742, 0.8206749960
0.1561838871, 0.4103374980
0.5780919435, 0.2051687490
0.2890459718, 0.6025843745
0.1445229859, 0.8012921872
0.0722614929, 0.4006460936
0.5361307465, 0.7003230468
0.2680653732, 0.3501615234
0.1340326866, 0.1750807617
0.0670163433, 0.5875403809
0.5335081717, 0.2937701904
0.2667540858, 0.1468850952
0.1333770429, 0.0734425476
0.0666885215, 0.5367212738
0.0333442607, 0.2683606369
0.5166721304, 0.6341803185
0.7583360652, 0.8170901592
0.8791680326, 0.9085450796
0.4395840163, 0.9542725398
0.7197920081, 0.4771362699
0.8598960041, 0.7385681350
0.9299480020, 0.8692840675
0.4649740010, 0.4346420337
0.7324870005, 0.2173210169
0.8662435003, 0.1086605084
0.9331217501, 0.5543302542
0.9665608751, 0.2771651271
0.4832804375, 0.1385825636
0.7416402188, 0.0692912818
0.3708201094, 0.0346456409
0.1854100547, 0.0173228204
0.5927050273, 0.5086614102
0.2963525137, 0.2543307051
0.1481762568, 0.6271653526
0.0740881284, 0.8135826763
0.5370440642, 0.4067913381
0.7685220321, 0.2033956691
0.8842610161, 0.6016978345
0.4421305080, 0.8008489173
0.7210652540, 0.4004244586
0.8605326270, 0.2002122293
0.4302663135, 0.6001061147
0.7151331568, 0.3000530573
0.8575665784, 0.6500265287
0.9287832892, 0.8250132643
0.9643916446, 0.9125066322
0.9821958223, 0.4562533161
0.9910979111, 0.2281266580
0.9955489556, 0.6140633290
0.4977744778, 0.3070316645
0.2488872389, 0.1535158323
0.1244436194, 0.5767579161
0.5622218097, 0.2883789581
0.2811109049, 0.1441894790
0.1405554524, 0.0720947395
0.5702777262, 0.0360473698
0.2851388631, 0.5180236849
0.1425694316, 0.2590118424
0.5712847158, 0.6295059212
0.2856423579, 0.3147529606
0.6428211789, 0.6573764803
0.8214105895, 0.8286882402
0.9107052947, 0.9143441201
0.4553526474, 0.9571720600
0.7276763237, 0.9785860300
0.3638381618, 0.4892930150
0.1819190809, 0.7446465075
0.0909595405, 0.8723232538
0.0454797702, 0.9361616269
0.0227398851, 0.4680808134
0.0113699426, 0.2340404067
0.0056849713, 0.1170202034
0.5028424856, 0.5585101017
0.2514212428, 0.2792550508
0.6257106214, 0.6396275254
0.3128553107, 0.3198137627
0.1564276554, 0.1599068814
0.0782138277, 0.5799534407
0.0391069138, 0.2899767203
0.0195534569, 0.6449883602
0.0097767285, 0.3224941801
0.0048883642, 0.1612470900
0.5024441821, 0.0806235450
0.2512220911, 0.5403117725
0.6256110455, 0.2701558863
0.8128055228, 0.6350779431
0.9064027614, 0.8175389716
0.4532013807, 0.4087694858
0.2266006903, 0.7043847429
0.6133003452, 0.3521923714
0.3066501726, 0.1760961857
0.6533250863, 0.5880480929
0.3266625431, 0.7940240464
0.6633312716, 0.8970120232
0.8316656358, 0.9485060116
0.9158328179, 0.9742530058
0.4579164089, 0.4871265029
0.7289582045, 0.7435632515
0.3644791022, 0.8717816257
0.1822395511, 0.4358908129
0.5911197756, 0.7179454064
0.7955598878, 0.3589727032
0.3977799439, 0.1794863516
0.6988899719, 0.0897431758
0.3494449860, 0.0448715879
0.6747224930, 0.0224357940
0.3373612465, 0.5112178970
0.1686806232, 0.7556089485
0.5843403116, 0.3778044742
0.7921701558, 0.1889022371
0.8960850779, 0.0944511186
0.9480425390, 0.0472255593
0.9740212695, 0.5236127796
0.9870106347, 0.2618063898
0.9935053174, 0.6309031949
0.9967526587, 0.8154515975
0.9983763293, 0.4077257987
0.9991881647, 0.7038628994
0.9995940823, 0.3519314497
0.4997970412, 0.1759657248
0.2498985206, 0.0879828624
0.1249492603, 0.0439914312
0.0624746301, 0.5219957156
0.0312373151, 0.2609978578
0.5156186575, 0.6304989289
0.7578093288, 0.3152494645
0.8789046644, 0.6576247322
0.4394523322, 0.3288123661
0.2197261661, 0.6644061831
0.1098630830, 0.3322030915
0.0549315415, 0.6661015458
0.5274657708, 0.3330507729
0.7637328854, 0.6665253864
0.8818664427, 0.3332626932
0.9409332213, 0.6666313466
0.9704666107, 0.8333156733
0.9852333053, 0.9166578367
0.9926166527, 0.4583289183
0.9963083263, 0.2291644592
0.9981541632, 0.6145822296
0.9990770816, 0.8072911148
0.9995385408, 0.4036455574
0.4997692704, 0.7018227787
0.7498846352, 0.3509113893
0.8749423176, 0.1754556947
0.9374711588, 0.5877278473
0.9687355794, 0.7938639237
0.4843677897, 0.8969319618
0.2421838948, 0.9484659809
0.1210919474, 0.4742329905
0.5605459737, 0.7371164952
0.2802729869, 0.3685582476
0.1401364934, 0.6842791238
0.5700682467, 0.8421395619
0.7850341234, 0.9210697810
0.8925170617, 0.4605348905
0.9462585308, 0.7302674452
0.4731292654, 0.8651337226
0.7365646327, 0.4325668613
0.8682823164, 0.7162834307
0.4341411582, 0.3581417153
0.7170705791, 0.6790708577
0.8585352895, 0.3395354288
0.9292676448, 0.1697677144
0.9646338224, 0.5848838572
0.4823169112, 0.7924419286
0.2411584556, 0.8962209643
0.1205792278, 0.4481104822
0.5602896139, 0.2240552411
0.7801448069, 0.1120276205
0.8900724035, 0.0560138103
0.4450362017, 0.0280069051
0.2225181009, 0.5140034526
0.1112590504, 0.7570017263
0.0556295252, 0.3785008631
0.5278147626, 0.1892504316
0.7639073813, 0.0946252158
0.8819536907, 0.5473126079
0.4409768453, 0.2736563039
0.2204884227, 0.6368281520
0.1102442113, 0.3184140760
0.0551221057, 0.1592070380
0.5275610528, 0.5796035190
0.7637805264, 0.2898017595
0.3818902632, 0.1449008797
0.1909451316, 0.0724504399
0.5954725658, 0.0362252199
0.7977362829, 0.0181126100
0.8988681415, 0.0090563050
0.9494340707, 0.5045281525
0.9747170354, 0.2522640762
0.9873585177, 0.1261320381
0.4936792588, 0.5630660191
0.2468396294, 0.2815330095
