0.2500000000, 0.2500000000
0.6250000000, 0.1250000000
0.8125000000, 0.5625000000
0.4062500000, 0.2812500000
0.2031250000, 0.1406250000
0.6015625000, 0.0703125000
0.3007812500, 0.5351562500
0.1503906250, 0.7675781250
0.0751953125, 0.3837890625
0.0375976562, 0.1918945312
0.0187988281, 0.0959472656
0.5093994141, 0.0479736328
0.2546997070, 0.5239868164
0.1273498535, 0.2619934082
0.5636749268, 0.6309967041
0.2818374634, 0.3154983521
0.1409187317, 0.1577491760
0.5704593658, 0.5788745880
0.2852296829, 0.2894372940
0.6426148415, 0.1447186470
0.3213074207, 0.0723593235
0.1606537104, 0.0361796618
0.5803268552, 0.0180898309
0.2901634276, 0.0090449154
0.1450817138, 0.0045224577
0.0725408569, 0.5022612289
0.0362704284, 0.7511306144
0.0181352142, 0.3755653072
0.5090676071, 0.1877826536
0.2545338036, 0.5938913268
0.6272669018, 0.7969456634
0.8136334509, 0.8984728317
0.4068167254, 0.4492364159
0.7034083627, 0.2246182079
0.3517041814, 0.6123091040
0.1758520907, 0.3061545520
0.0879260453, 0.1530772760
0.5439630227, 0.0765386380
0.2719815113, 0.5382693190
0.6359907557, 0.2691346595
0.8179953778, 0.6345673297
0.9089976889, 0.3172836649
0.4544988445, 0.1586418324
0.7272494222, 0.0793209162
0.8636247111, 0.5396604581
0.9318123556, 0.7698302291
0.9659061778, 0.3849151145
0.4829530889, 0.1924575573
0.2414765444, 0.0962287786
0.6207382722, 0.0481143893
0.8103691361, 0.0240571947
0.9051845681, 0.5120285973
0.9525922840, 0.7560142987
0.9762961420, 0.8780071493
0.4881480710, 0.4390035747
0.7440740355, 0.2195017873
0.3720370178, 0.1097508937
0.6860185089, 0.5548754468
0.8430092544, 0.2774377234
0.9215046272, 0.1387188617
0.4607523136, 0.0693594309
0.7303761568, 0.5346797154
0.3651880784, 0.7673398577
0.6825940392, 0.3836699289
0.8412970196, 0.1918349644
0.4206485098, 0.0959174822
0.2103242549, 0.0479587411
0.6051621275, 0.0239793706
0.8025810637, 0.5119896853
0.9012905319, 0.2559948426
0.9506452659, 0.1279974213
0.4753226330, 0.0639987107
0.2376613165, 0.5319993553
0.1188306582, 0.2659996777
0.0594153291, 0.1329998388
0.0297076646, 0.0664999194
0.5148538323, 0.0332499597
0.7574269161, 0.0166249799
0.8787134581, 0.5083124899
0.9393567290, 0.7541562450
0.9696783645, 0.8770781225
0.4848391823, 0.4385390612
0.2424195911, 0.2192695306
0.1212097956, 0.6096347653
0.0606048978, 0.3048173827
0.5303024489, 0.1524086913
0.2651512244, 0.0762043457
0.1325756122, 0.0381021728
0.5662878061, 0.0190510864
0.2831439031, 0.5095255432
0.6415719515, 0.2547627716
0.3207859758, 0.6273813858
0.1603929879, 0.3136906929
0.0801964939, 0.1568453465
0.5400982470, 0.0784226732
0.2700491235, 0.0392113366
0.6350245617, 0.0196056683
0.8175122809, 0.5098028342
0.9087561404, 0.7549014171
0.9543780702, 0.8774507085
0.9771890351, 0.4387253543
0.4885945176, 0.7193626771
0.2442972588, 0.3596813386
0.6221486294, 0.6798406693
0.8110743147, 0.3399203346
0.4055371573, 0.6699601673
0.2027685787, 0.3349800837
0.6013842893, 0.1674900418
0.8006921447, 0.0837450209
0.4003460723, 0.5418725105
0.2001730362, 0.2709362552
0.1000865181, 0.1354681276
0.5500432590, 0.0677340638
0.7750216295, 0.0338670319
0.3875108148, 0.5169335160
0.1937554074, 0.2584667580
0.5968777037, 0.6292333790
0.2984388518, 0.3146166895
0.1492194259, 0.6573083447
0.0746097130, 0.3286541724
0.5373048565, 0.6643270862
0.7686524282, 0.8321635431
0.8843262141, 0.9160817715
0.4421631071, 0.4580408858
0.2210815535, 0.2290204429
0.6105407768, 0.1145102214
0.3052703884, 0.5572551107
0.1526351942, 0.2786275554
0.0763175971, 0.1393137777
0.0381587985, 0.5696568888
0.0190793993, 0.2848284444
0.0095396996, 0.6424142222
0.0047698498, 0.8212071111
0.0023849249, 0.4106035556
0.0011924625, 0.2053017778
0.5005962312, 0.6026508889
0.2502981156, 0.8013254444
0.6251490578, 0.4006627222
0.8125745289, 0.7003313611
0.4062872645, 0.3501656806
0.2031436322, 0.1750828403
0.1015718161, 0.5875414201
0.0507859081, 0.7937707101
0.0253929540, 0.3968853550
0.0126964770, 0.1984426775
0.5063482385, 0.0992213388
0.2531741193, 0.5496106694
0.6265870596, 0.7748053347
0.8132935298, 0.8874026673
0.4066467649, 0.9437013337
0.2033233825, 0.4718506668
0.1016616912, 0.2359253334
0.5508308456, 0.1179626667
0.2754154228, 0.0589813334
0.1377077114, 0.5294906667
0.0688538557, 0.7647453333
0.0344269279, 0.3823726667
0.0172134639, 0.1911863333
0.5086067320, 0.0955931667
0.7543033660, 0.0477965833
0.8771516830, 0.0238982917
0.9385758415, 0.0119491458
0.4692879207, 0.5059745729
0.7346439604, 0.2529872865
0.8673219802, 0.1264936432
0.4336609901, 0.0632468216
0.2168304950, 0.5316234108
0.6084152475, 0.2658117054
0.8042076238, 0.6329058527
0.4021038119, 0.3164529264
0.7010519059, 0.6582264632
0.3505259530, 0.3291132316
0.1752629765, 0.1645566158
0.0876314882, 0.0822783079
0.5438157441, 0.5411391539
0.2719078721, 0.7705695770
0.6359539360, 0.3852847885
0.8179769680, 0.6926423942
0.9089884840, 0.3463211971
0.9544942420, 0.6731605986
0.9772471210, 0.8365802993
0.4886235605, 0.9182901496
0.7443117803, 0.4591450748
0.8721558901, 0.2295725374
0.4360779451, 0.6147862687
0.2180389725, 0.3073931344
0.6090194863, 0.6536965672
0.8045097431, 0.3268482836
0.4022548716, 0.1634241418
0.2011274358, 0.0817120709
0.1005637179, 0.5408560354
0.0502818589, 0.2704280177
0.5251409295, 0.1352140089
0.7625704647, 0.0676070044
0.3812852324, 0.0338035022
0.6906426162, 0.5169017511
0.3453213081, 0.7584508756
0.6726606540, 0.8792254378
0.8363303270, 0.9396127189
0.9181651635, 0.9698063594
0.4590825818, 0.9849031797
0.2295412909, 0.4924515899
0.1147706454, 0.2462257949
0.5573853227, 0.1231128975
0.7786926614, 0.0615564487
0.3893463307, 0.5307782244
0.1946731653, 0.2653891122
0.5973365827, 0.1326945561
0.2986682913, 0.5663472780
0.6493341457, 0.2831736390
0.3246670728, 0.6415868195
0.6623335364, 0.3207934098
0.8311667682, 0.1603967049
0.9155833841, 0.0801983524
0.9577916921, 0.5400991762
0.4788958460, 0.7700495881
0.2394479230, 0.8850247941
0.1197239615, 0.9425123970
0.0598619808, 0.9712561985
0.0299309904, 0.4856280993
0.5149654952, 0.2428140496
0.7574827476, 0.1214070248
0.3787413738, 0.0607035124
0.6893706869, 0.5303517562
0.3446853434, 0.7651758781
0.6723426717, 0.8825879391
0.8361713359, 0.9412939695
0.4180856679, 0.4706469848
0.7090428340, 0.2353234924
0.8545214170, 0.6176617462
0.9272607085, 0.8088308731
0.9636303542, 0.9044154365
0.4818151771, 0.9522077183
0.7409075886, 0.4761038591
0.8704537943, 0.7380519296
0.9352268971, 0.3690259648
0.4676134486, 0.1845129824
0.2338067243, 0.5922564912
0.1169033621, 0.2961282456
0.0584516811, 0.6480641228
0.0292258405, 0.3240320614
0.5146129203, 0.6620160307
0.7573064601, 0.3310080153
0.3786532301, 0.1655040077
0.1893266150, 0.0827520038
0.5946633075, 0.5413760019
0.7973316538, 0.7706880010
0.3986658269, 0.3853440005
0.1993329134, 0.6926720002
0.0996664567, 0.3463360001
0.0498332284, 0.1731680001
0.0249166142, 0.5865840000
0.5124583071, 0.7932920000
0.7562291535, 0.8966460000
0.8781145768, 0.4483230000
0.4390572884, 0.2241615000
0.7195286442, 0.1120807500
0.3597643221, 0.0560403750
0.1798821610, 0.0280201875
0.5899410805, 0.5140100938
0.7949705403, 0.7570050469
0.3974852701, 0.3785025234
0.6987426351, 0.1892512617
0.3493713175, 0.5946256309
0.6746856588, 0.7973128154
0.8373428294, 0.8986564077
0.9186714147, 0.4493282039
0.9593357073, 0.2246641019
0.4796678537, 0.6123320510
0.2398339268, 0.8061660255
0.1199169634, 0.4030830127
0.0599584817, 0.2015415064
0.5299792409, 0.6007707532
0.7649896204, 0.8003853766
0.8824948102, 0.9001926883
0.9412474051, 0.9500963441
0.9706237026, 0.9750481721
0.4853118513, 0.4875240860
0.7426559256, 0.2437620430
0.8713279628, 0.6218810215
0.9356639814, 0.3109405108
0.9678319907, 0.6554702554
0.9839159954, 0.3277351277
0.9919579977, 0.1638675638
0.9959789988, 0.0819337819
0.9979894994, 0.5409668910
0.9989947497, 0.2704834455
0.9994973749, 0.1352417227
0.4997486874, 0.0676208614
0.7498743437, 0.0338104307
0.3749371719, 0.0169052153
0.1874685859, 0.0084526077
0.5937342930, 0.5042263038
0.2968671465, 0.2521131519
0.6484335732, 0.6260565760
0.3242167866, 0.3130282880
0.1621083933, 0.1565141440
0.0810541967, 0.5782570720
0.0405270983, 0.7891285360
0.5202635492, 0.3945642680
0.7601317746, 0.1972821340
0.8800658873, 0.0986410670
0.4400329436, 0.5493205335
0.2200164718, 0.2746602667
0.6100082359, 0.1373301334
0.3050041180, 0.5686650667
0.6525020590, 0.2843325333
0.3262510295, 0.6421662667
0.1631255147, 0.3210831333
0.5815627574, 0.1605415667
0.7907813787, 0.5802707833
0.3953906893, 0.7901353917
0.6976953447, 0.3950676958
0.8488476723, 0.6975338479
0.4244238362, 0.8487669240
0.2122119181, 0.9243834620
0.1061059590, 0.4621917310
0.0530529795, 0.7310958655
0.5265264898, 0.3655479327
0.7632632449, 0.1827739664
0.8816316224, 0.5913869832
0.9408158112, 0.7956934916
0.4704079056, 0.3978467458
0.2352039528, 0.1989233729
0.6176019764, 0.0994616864
0.8088009882, 0.5497308432
0.4044004941, 0.7748654216
0.2022002471, 0.3874327108
0.6011001235, 0.1937163554
0.3005500618, 0.0968581777
0.1502750309, 0.0484290889
0.0751375154, 0.5242145444
0.5375687577, 0.2621072722
0.7687843789, 0.1310536361
0.8843921894, 0.0655268181
0.4421960947, 0.5327634090
0.7210980474, 0.2663817045
0.8605490237, 0.1331908523
0.9302745118, 0.0665954261
0.9651372559, 0.0332977131
0.9825686280, 0.0166488565
0.9912843140, 0.5083244283
0.4956421570, 0.2541622141
0.2478210785, 0.6270811071
0.6239105392, 0.3135405535
0.3119552696, 0.6567702768
0.1559776348, 0.3283851384
0.5779888174, 0.6641925692
0.7889944087, 0.8320962846
0.8944972044, 0.9160481423
0.4472486022, 0.4580240711
0.7236243011, 0.7290120356
0.3618121505, 0.8645060178
0.1809060753, 0.9322530089
0.5904530376, 0.4661265044
0.7952265188, 0.2330632522
0.8976132594, 0.6165316261
0.4488066297, 0.8082658131
0.7244033149, 0.4041329065
0.3622016574, 0.2020664533
0.1811008287, 0.1010332266
0.0905504144, 0.0505166133
0.5452752072, 0.0252583067
0.7726376036, 0.5126291533
0.3863188018, 0.2563145767
0.1931594009, 0.6281572883
0.0965797004, 0.3140786442
0.0482898502, 0.1570393221
0.5241449251, 0.5785196610
0.2620724626, 0.7892598305
0.1310362313, 0.3946299153
0.0655181156, 0.6973149576
0.5327590578, 0.3486574788
0.2663795289, 0.6743287394
0.1331897645, 0.8371643697
0.0665948822, 0.4185821849
0.0332974411, 0.2092910924
0.5166487206, 0.1046455462
0.7583243603, 0.5523227731
0.8791621801, 0.7761613866
0.9395810901, 0.8880806933
0.4697905450, 0.4440403466
0.2348952725, 0.7220201733
0.1174476363, 0.8610100867
0.5587238181, 0.9305050433
0.7793619091, 0.4652525217
0.3896809545, 0.7326262608
0.1948404773, 0.3663131304
0.0974202386, 0.1831565652
0.0487101193, 0.0915782826
0.5243550597, 0.5457891413
0.2621775298, 0.2728945707
0.1310887649, 0.6364472853
0.0655443825, 0.3182236427
0.5327721912, 0.6591118213
0.2663860956, 0.3295559107
0.1331930478, 0.1647779553
0.5665965239, 0.5823889777
0.2832982620, 0.7911944888
0.1416491310, 0.8955972444
0.0708245655, 0.9477986222
0.5354122827, 0.4738993111
0.2677061414, 0.7369496556
0.1338530707, 0.3684748278
0.0669265353, 0.6842374139
0.0334632677, 0.3421187069
0.5167316338, 0.6710593535
0.2583658169, 0.3355296767
0.1291829085, 0.1677648384
0.0645914542, 0.5838824192
0.0322957271, 0.2919412096
0.5161478636, 0.1459706048
0.7580739318, 0.0729853024
0.3790369659, 0.0364926512
0.1895184829, 0.0182463256
0.5947592415, 0.0091231628
0.7973796207, 0.5045615814
0.3986898104, 0.2522807907
0.6993449052, 0.6261403953
0.8496724526, 0.3130701977
0.9248362263, 0.1565350988
0.9624181131, 0.5782675494
0.9812090566, 0.2891337747
0.4906045283, 0.6445668874
0.2453022641, 0.8222834437
0.6226511321, 0.4111417218
0.8113255660, 0.7055708609
0.9056627830, 0.3527854305
0.9528313915, 0.6763927152
0.9764156958, 0.8381963576
0.9882078479, 0.9190981788
0.9941039239, 0.4595490894
0.9970519620, 0.7297745447
0.4985259810, 0.3648872724
0.7492629905, 0.6824436362
0.8746314952, 0.8412218181
0.4373157476, 0.9206109090
0.7186578738, 0.4603054545
0.3593289369, 0.7301527273
0.1796644685, 0.8650763636
0.0898322342, 0.9325381818
0.5449161171, 0.4662690909
0.2724580586, 0.7331345455
0.1362290293, 0.8665672727
0.0681145146, 0.9332836364
0.0340572573, 0.9666418182
0.0170286287, 0.4833209091
0.5085143143, 0.2416604545
0.2542571572, 0.1208302273
0.6271285786, 0.0604151136
0.3135642893, 0.0302075568
0.1567821446, 0.0151037784
0.0783910723, 0.5075518892
0.5391955362, 0.2537759446
0.2695977681, 0.6268879723
0.1347988840, 0.3134439862
0.0673994420, 0.1567219931
0.5336997210, 0.5783609965
0.7668498605, 0.7891804983
0.8834249303, 0.3945902491
0.9417124651, 0.1972951246
0.9708562326, 0.0986475623
0.9854281163, 0.5493237811
0.4927140581, 0.2746618906
0.7463570291, 0.6373309453
0.8731785145, 0.3186654726
0.4365892573, 0.6593327363
0.7182946286, 0.3296663682
0.8591473143, 0.6648331841
0.9295736572, 0.3324165920
0.9647868286, 0.1662082960
0.9823934143, 0.5831041480
0.4911967071, 0.7915520740
0.7455983536, 0.3957760370
0.8727991768, 0.1978880185
0.9363995884, 0.5989440093
0.9681997942, 0.7994720046
0.9840998971, 0.3997360023
0.4920499485, 0.6998680012
0.7460249743, 0.8499340006
0.8730124871, 0.9249670003
0.4365062436, 0.9624835001
0.2182531218, 0.4812417501
0.1091265609, 0.2406208750
0.5545632804, 0.6203104375
0.7772816402, 0.3101552188
0.8886408201, 0.6550776094
0.4443204101, 0.8275388047
0.7221602050, 0.4137694023
0.8610801025, 0.2068847012
0.9305400513, 0.6034423506
0.4652700256, 0.8017211753
0.2326350128, 0.9008605876
0.1163175064, 0.4504302938
0.5581587532, 0.2252151469
0.7790793766, 0.6126075735
0.3895396883, 0.3063037867
0.6947698442, 0.1531518934
0.8473849221, 0.5765759467
0.9236924610, 0.7882879733
0.4618462305, 0.8941439867
0.2309231153, 0.4470719933
0.1154615576, 0.7235359967
0.0577307788, 0.8617679983
0.0288653894, 0.4308839992
0.5144326947, 0.7154419996
0.7572163474, 0.3577209998
0.8786081737, 0.1788604999
0.9393040868, 0.5894302499
0.9696520434, 0.7947151250
0.9848260217, 0.3973575625
0.9924130109, 0.1986787812
0.9962065054, 0.5993393906
0.4981032527, 0.2996696953
0.2490516264, 0.6498348477
0.1245258132, 0.3249174238
0.0622629066, 0.1624587119
0.5311314533, 0.0812293560
0.7655657266, 0.0406146780
0.8827828633, 0.5203073390
0.9413914317, 0.7601536695
0.4706957158, 0.3800768347
0.2353478579, 0.1900384174
0.6176739290, 0.0950192087
0.8088369645, 0.0475096043
0.9044184822, 0.0237548022
0.4522092411, 0.5118774011
0.7261046206, 0.2559387005
0.8630523103, 0.6279693503
0.9315261551, 0.8139846751
0.4657630776, 0.9069923376
0.2328815388, 0.9534961688
0.1164407694, 0.9767480844
0.0582203847, 0.4883740422
0.5291101923, 0.7441870211
0.2645550962, 0.3720935105
0.1322775481, 0.6860467553
0.0661387740, 0.3430233776
0.0330693870, 0.1715116888
0.5165346935, 0.0857558444
0.7582673468, 0.5428779222
0.8791336734, 0.7714389611
0.9395668367, 0.8857194806
0.9697834183, 0.9428597403
0.4848917092, 0.9714298701
0.7424458546, 0.4857149351
0.8712229273, 0.7428574675
0.9356114636, 0.3714287338
0.4678057318, 0.1857143669
0.7339028659, 0.5928571834
0.3669514330, 0.7964285917
0.6834757165, 0.3982142959
0.8417378582, 0.6991071479
0.9208689291, 0.3495535740
0.4604344646, 0.1747767870
0.7302172323, 0.0873883935
0.8651086161, 0.0436941967
0.9325543081, 0.5218470984
0.4662771540, 0.2609235492
0.2331385770, 0.1304617746
0.1165692885, 0.0652308873
0.5582846443, 0.0326154436
0.2791423221, 0.0163077218
0.1395711611, 0.5081538609
0.0697855805, 0.2540769305
0.0348927903, 0.1270384652
0.0174463951, 0.5635192326
0.5087231976, 0.7817596163
0.7543615988, 0.8908798082
0.3771807994, 0.9454399041
0.1885903997, 0.4727199520
0.5942951998, 0.2363599760
0.2971475999, 0.1181799880
0.1485738000, 0.0590899940
0.5742869000, 0.0295449970
0.2871434500, 0.0147724985
0.1435717250, 0.0073862493
0.0717858625, 0.5036931246
0.0358929312, 0.2518465623
0.5179464656, 0.6259232812
0.2589732328, 0.3129616406
0.1294866164, 0.6564808203
0.0647433082, 0.3282404101
0.0323716541, 0.6641202051
0.5161858271, 0.3320601025
0.2580929135, 0.1660300513
0.6290464568, 0.0830150256
0.3145232284, 0.5415075128
0.1572616142, 0.2707537564
0.0786308071, 0.1353768782
0.5393154035, 0.5676884391
0.2696577018, 0.2838442196
0.6348288509, 0.6419221098
0.8174144254, 0.3209610549
0.9087072127, 0.1604805274
0.9543536064, 0.5802402637
0.9771768032, 0.7901201319
0.4885884016, 0.3950600659
0.7442942008, 0.6975300330
0.8721471004, 0.8487650165
0.4360735502, 0.4243825082
0.2180367751, 0.2121912541
0.1090183875, 0.6060956271
0.0545091938, 0.3030478135
0.0272545969, 0.1515239068
0.0136272984, 0.5757619534
0.0068136492, 0.2878809767
0.5034068246, 0.1439404883
0.2517034123, 0.0719702442
0.1258517062, 0.5359851221
0.5629258531, 0.2679925610
0.7814629265, 0.6339962805
0.3907314633, 0.3169981403
0.6953657316, 0.6584990701
0.3476828658, 0.3292495351
0.1738414329, 0.1646247675
0.0869207165, 0.5823123838
0.5434603582, 0.2911561919
0.2717301791, 0.6455780959
0.1358650896, 0.3227890480
0.0679325448, 0.1613945240
0.5339662724, 0.5806972620
0.2669831362, 0.2903486310
0.6334915681, 0.6451743155
0.8167457840, 0.3225871577
0.4083728920, 0.6612935789
0.7041864460, 0.3306467894
0.8520932230, 0.6653233947
0.4260466115, 0.3326616974
0.2130233058, 0.1663308487
0.6065116529, 0.0831654243
0.8032558264, 0.5415827122
0.9016279132, 0.2707913561
0.9508139566, 0.6353956780
0.4754069783, 0.8176978390
0.2377034892, 0.4088489195
0.6188517446, 0.2044244598
0.8094258723, 0.6022122299
0.9047129361, 0.3011061149
0.9523564681, 0.6505530575
0.9761782340, 0.3252765287
0.4880891170, 0.1626382644
0.2440445585, 0.0813191322
0.1220222793, 0.0406595661
0.5610111396, 0.0203297830
0.7805055698, 0.5101648915
0.8902527849, 0.7550824458
0.4451263925, 0.8775412229
0.7225631962, 0.4387706114
0.3612815981, 0.7193853057
0.6806407991, 0.3596926529
0.8403203995, 0.1798463264
0.9201601998, 0.5899231632
0.4600800999, 0.7949615816
0.7300400499, 0.3974807908
0.8650200250, 0.1987403954
0.9325100125, 0.0993701977
0.4662550062, 0.0496850989
0.2331275031, 0.5248425494
0.6165637516, 0.2624212747
0.8082818758, 0.6312106374
0.9041409379, 0.3156053187
0.4520704689, 0.1578026593
0.2260352345, 0.0789013297
0.6130176172, 0.0394506648
0.8065088086, 0.5197253324
0.4032544043, 0.2598626662
0.2016272022, 0.6299313331
0.6008136011, 0.3149656666
0.8004068005, 0.6574828333
0.4002034003, 0.3287414166
0.2001017001, 0.6643707083
0.6000508501, 0.8321853542
0.8000254250, 0.9160926771
0.4000127125, 0.4580463385
0.2000063563, 0.7290231693
0.1000031781, 0.8645115846
0.0500015891, 0.4322557923
0.0250007945, 0.2161278962
0.5125003973, 0.6080639481
0.7562501986, 0.3040319740
0.3781250993, 0.1520159870
0.1890625497, 0.0760079935
0.5945312748, 0.0380039968
0.7972656374, 0.5190019984
0.8986328187, 0.7595009992
0.9493164094, 0.8797504996
0.4746582047, 0.9398752498
0.2373291023, 0.4699376249
0.6186645512, 0.7349688124
0.8093322756, 0.8674844062
0.4046661378, 0.9337422031
0.2023330689, 0.9668711016
0.6011665344, 0.4834355508
0.3005832672, 0.7417177754
0.1502916336, 0.3708588877
0.5751458168, 0.1854294438
0.2875729084, 0.0927147219
0.6437864542, 0.0463573610
0.3218932271, 0.0231786805
0.1609466136, 0.0115893402
0.5804733068, 0.5057946701
0.2902366534, 0.2528973351
0.6451183267, 0.1264486675
0.3225591633, 0.5632243338
0.6612795817, 0.2816121669
0.8306397908, 0.1408060834
0.4153198954, 0.5704030417
0.2076599477, 0.2852015209
0.1038299739, 0.1426007604
0.0519149869, 0.0713003802
0.0259574935, 0.0356501901
0.5129787467, 0.0178250951
0.7564893734, 0.5089125475
0.8782446867, 0.7544562738
0.4391223433, 0.3772281369
0.2195611717, 0.1886140684
0.1097805858, 0.0943070342
0.0548902929, 0.0471535171
0.0274451465, 0.0235767586
0.5137225732, 0.5117883793
0.7568612866, 0.7558941896
0.8784306433, 0.8779470948
0.4392153217, 0.4389735474
0.2196076608, 0.2194867737
0.1098038304, 0.1097433869
0.5549019152, 0.5548716934
0.7774509576, 0.2774358467
0.3887254788, 0.1387179234
0.6943627394, 0.5693589617
0.8471813697, 0.2846794808
0.9235906849, 0.1423397404
0.4617953424, 0.0711698702
0.2308976712, 0.0355849351
0.1154488356, 0.0177924676
0.5577244178, 0.0088962338
0.2788622089, 0.5044481169
0.1394311045, 0.2522240584
0.5697155522, 0.6261120292
0.7848577761, 0.3130560146
0.3924288881, 0.6565280073
0.6962144440, 0.8282640037
0.3481072220, 0.4141320018
0.1740536110, 0.2070660009
0.0870268055, 0.6035330005
0.5435134028, 0.3017665002
0.7717567014, 0.6508832501
0.8858783507, 0.8254416251
0.4429391753, 0.4127208125
0.7214695877, 0.2063604063
0.8607347938, 0.6031802031
0.4303673969, 0.8015901016
0.2151836985, 0.9007950508
0.1075918492, 0.9503975254
0.0537959246, 0.9751987627
0.5268979623, 0.4875993813
0.2634489812, 0.2437996907
0.1317244906, 0.1218998453
0.5658622453, 0.0609499227
0.7829311226, 0.0304749613
0.3914655613, 0.0152374807
0.6957327807, 0.0076187403
0.3478663903, 0.5038093702
0.1739331952, 0.2519046851
0.0869665976, 0.6259523425
0.5434832988, 0.3129761713
0.2717416494, 0.1564880856
0.6358708247, 0.0782440428
0.8179354123, 0.5391220214
0.4089677062, 0.2695610107
0.7044838531, 0.6347805054
0.8522419265, 0.8173902527
0.4261209633, 0.4086951263
0.7130604816, 0.7043475632
0.8565302408, 0.3521737816
0.9282651204, 0.6760868908
0.4641325602, 0.8380434454
0.7320662801, 0.4190217227
0.3660331401, 0.7095108613
0.1830165700, 0.8547554307
0.5915082850, 0.4273777153
0.7957541425, 0.7136888577
0.8978770713, 0.3568444288
0.9489385356, 0.1784222144
0.4744692678, 0.0892111072
0.7372346339, 0.0446055536
0.3686173170, 0.5223027768
0.1843086585, 0.7611513884
0.5921543292, 0.3805756942
0.7960771646, 0.6902878471
0.3980385823, 0.3451439236
0.6990192912, 0.1725719618
0.8495096456, 0.5862859809
0.4247548228, 0.7931429904
0.7123774114, 0.3965714952
0.8561887057, 0.6982857476
0.9280943528, 0.8491428738
0.4640471764, 0.9245714369
0.7320235882, 0.9622857185
0.3660117941, 0.4811428592
0.1830058971, 0.2405714296
0.0915029485, 0.1202857148
0.5457514743, 0.0601428574
0.2728757371, 0.5300714287
0.1364378686, 0.2650357144
0.0682189343, 0.6325178572
0.0341094671, 0.3162589286
0.5170547336, 0.1581294643
0.7585273668, 0.5790647321
0.8792636834, 0.2895323661
0.9396318417, 0.6447661830
0.9698159208, 0.3223830915
0.9849079604, 0.6611915458
0.9924539802, 0.3305957729
0.9962269901, 0.6652978864
0.4981134951, 0.8326489432
0.2490567475, 0.4163244716
0.6245283738, 0.7081622358
0.8122641869, 0.8540811179
0.9061320934, 0.9270405590
0.4530660467, 0.4635202795
0.7265330234, 0.2317601397
0.3632665117, 0.1158800699
0.1816332558, 0.0579400349
0.5908166279, 0.0289700175
0.7954083140, 0.0144850087
0.8977041570, 0.5072425044
0.9488520785, 0.7536212522
0.4744260392, 0.8768106261
0.2372130196, 0.4384053130
0.6186065098, 0.2192026565
0.8093032549, 0.6096013283
0.9046516275, 0.8048006641
0.4523258137, 0.9024003321
0.7261629069, 0.4512001660
0.3630814534, 0.7256000830
0.1815407267, 0.3628000415
0.0907703634, 0.1814000208
0.0453851817, 0.0907000104
0.5226925908, 0.0453500052
0.2613462954, 0.5226750026
0.6306731477, 0.7613375013
0.8153365739, 0.8806687506
0.4076682869, 0.9403343753
0.2038341435, 0.9701671877
0.1019170717, 0.4850835938
0.5509585359, 0.2425417969
0.7754792679, 0.6212708985
0.8877396340, 0.8106354492
0.9438698170, 0.9053177246
0.9719349085, 0.4526588623
0.4859674542, 0.2263294312
0.7429837271, 0.1131647156
0.3714918636, 0.5565823578
0.6857459318, 0.2782911789
0.8428729659, 0.1391455894
0.9214364829, 0.0695727947
0.4607182415, 0.5347863974
0.2303591207, 0.2673931987
0.1151795604, 0.1336965993
0.5575897802, 0.0668482997
0.2787948901, 0.5334241498
0.1393974450, 0.2667120749
0.0696987225, 0.1333560375
0.0348493613, 0.0666780187
0.0174246806, 0.0333390094
0.5087123403, 0.0166695047
0.7543561702, 0.0083347523
0.8771780851, 0.0041673762
0.9385890425, 0.5020836881
0.9692945213, 0.7510418440
0.4846472606, 0.3755209220
0.7423236303, 0.6877604610
0.8711618152, 0.3438802305
0.4355809076, 0.1719401153
0.7177904538, 0.0859700576
0.3588952269, 0.5429850288
0.1794476134, 0.2714925144
0.0897238067, 0.1357462572
0.0448619034, 0.0678731286
0.5224309517, 0.0339365643
0.2612154758, 0.0169682822
0.1306077379, 0.5084841411
0.5653038690, 0.7542420705
0.2826519345, 0.3771210353
0.6413259672, 0.1885605176
0.3206629836, 0.0942802588
0.6603314918, 0.0471401294
0.3301657459, 0.0235700647
0.6650828730, 0.0117850324
0.3325414365, 0.0058925162
0.6662707182, 0.0029462581
0.8331353591, 0.5014731290
0.4165676796, 0.7507365645
0.2082838398, 0.3753682823
0.6041419199, 0.6876841411
0.8020709599, 0.3438420706
0.9010354800, 0.6719210353
0.9505177400, 0.8359605176
0.4752588700, 0.4179802588
0.7376294350, 0.7089901294
0.8688147175, 0.3544950647
0.9344073587, 0.1772475324
0.9672036794, 0.0886237662
0.9836018397, 0.0443118831
0.4918009198, 0.5221559415
0.7459004599, 0.7610779708
0.8729502300, 0.8805389854
0.4364751150, 0.4402694927
0.7182375575, 0.7201347463
0.3591187787, 0.3600673732
0.1795593894, 0.6800336866
0.0897796947, 0.3400168433
0.0448898473, 0.1700084216
0.5224449237, 0.0850042108
0.2612224618, 0.5425021054
0.1306112309, 0.7712510527
0.0653056155, 0.3856255264
0.0326528077, 0.6928127632
0.5163264039, 0.8464063816
0.2581632019, 0.9232031908
0.1290816010, 0.9616015954
0.0645408005, 0.9808007977
0.0322704002, 0.9904003988
0.0161352001, 0.4952001994
0.0080676001, 0.2476000997
0.5040338000, 0.1238000499
0.7520169000, 0.5619000249
0.3760084500, 0.2809500125
0.6880042250, 0.1404750062
0.8440021125, 0.5702375031
0.9220010563, 0.7851187516
0.4610005281, 0.3925593758
0.2305002641, 0.1962796879
0.1152501320, 0.5981398439
0.0576250660, 0.2990699220
0.5288125330, 0.6495349610
0.7644062665, 0.8247674805
0.3822031333, 0.9123837402
0.1911015666, 0.4561918701
0.5955507833, 0.7280959351
0.7977753917, 0.3640479675
0.8988876958, 0.1820239838
0.9494438479, 0.5910119919
0.9747219240, 0.2955059959
0.9873609620, 0.6477529980
0.9936804810, 0.8238764990
0.9968402405, 0.4119382495
0.4984201202, 0.7059691247
0.2492100601, 0.8529845624
0.6246050301, 0.9264922812
0.8123025150, 0.9632461406
0.9061512575, 0.4816230703
0.9530756288, 0.7408115351
0.9765378144, 0.3704057676
0.4882689072, 0.6852028838
0.2441344536, 0.8426014419
0.1220672268, 0.9213007209
0.0610336134, 0.9606503605
0.5305168067, 0.4803251802
0.2652584033, 0.2401625901
0.1326292017, 0.1200812951
0.0663146008, 0.5600406475
0.5331573004, 0.7800203238
0.7665786502, 0.8900101619
0.8832893251, 0.9450050809
0.9416446626, 0.9725025405
0.4708223313, 0.9862512702
0.2354111656, 0.4931256351
0.6177055828, 0.2465628176
0.3088527914, 0.1232814088
0.6544263957, 0.0616407044
0.8272131979, 0.5308203522
0.9136065989, 0.7654101761
0.9568032995, 0.8827050880
0.9784016497, 0.9413525440
0.9892008249, 0.4706762720
0.4946004124, 0.2353381360
0.2473002062, 0.1176690680
0.1236501031, 0.0588345340
0.0618250516, 0.0294172670
0.5309125258, 0.5147086335
0.7654562629, 0.7573543168
0.8827281314, 0.8786771584
0.9413640657, 0.4393385792
0.9706820329, 0.2196692896
0.9853410164, 0.1098346448
0.9926705082, 0.0549173224
0.4963352541, 0.5274586612
0.2481676271, 0.2637293306
0.6240838135, 0.1318646653
0.8120419068, 0.0659323326
0.9060209534, 0.0329661663
0.4530104767, 0.0164830832
0.2265052383, 0.0082415416
0.1132526192, 0.0041207708
0.5566263096, 0.0020603854
0.2783131548, 0.0010301927
0.6391565774, 0.0005150963
0.8195782887, 0.5002575482
0.9097891443, 0.7501287741
0.4548945722, 0.8750643870
0.2274472861, 0.4375321935
0.1137236430, 0.2187660968
0.5568618215, 0.1093830484
0.7784309108, 0.5546915242
0.8892154554, 0.7773457621
0.9446077277, 0.3886728810
0.9723038638, 0.6943364405
0.9861519319, 0.3471682203
0.9930759660, 0.1735841101
0.9965379830, 0.0867920551
0.9982689915, 0.5433960275
0.9991344957, 0.7716980138
0.4995672479, 0.3858490069
0.7497836239, 0.1929245034
0.3748918120, 0.5964622517
0.6874459060, 0.7982311259
0.8437229530, 0.8991155629
0.9218614765, 0.9495577815
0.4609307382, 0.4747788907
0.7304653691, 0.7373894454
0.3652326846, 0.3686947227
0.1826163423, 0.1843473613
0.0913081711, 0.5921736807
0.0456540856, 0.7960868403
0.0228270428, 0.3980434202
0.0114135214, 0.1990217101
0.0057067607, 0.0995108550
0.0028533803, 0.0497554275
0.5014266902, 0.5248777138
0.2507133451, 0.7624388569
0.1253566725, 0.3812194284
0.0626783363, 0.6906097142
0.5313391681, 0.3453048571
0.2656695841, 0.1726524286
0.1328347920, 0.0863262143
0.5664173960, 0.0431631071
0.7832086980, 0.0215815536
0.3916043490, 0.5107907768
0.1958021745, 0.7553953884
0.0979010873, 0.3776976942
0.5489505436, 0.6888488471
0.7744752718, 0.8444244235
0.3872376359, 0.4222122118
0.6936188180, 0.7111061059
0.3468094090, 0.8555530529
0.6734047045, 0.9277765265
0.8367023522, 0.9638882632
0.4183511761, 0.9819441316
0.7091755881, 0.4909720658
0.8545877940, 0.2454860329
0.9272938970, 0.1227430165
0.9636469485, 0.5613715082
0.4818234743, 0.2806857541
0.2409117371, 0.1403428771
0.1204558686, 0.0701714385
0.5602279343, 0.0350857193
0.7801139671, 0.5175428596
0.3900569836, 0.2587714298
0.6950284918, 0.1293857149
0.8475142459, 0.0646928575
0.9237571229, 0.0323464287
0.9618785615, 0.5161732144
0.9809392807, 0.7580866072
0.9904696404, 0.8790433036
0.4952348202, 0.4395216518
0.7476174101, 0.2197608259
0.3738087050, 0.6098804129
0.1869043525, 0.8049402065
0.0934521763, 0.4024701032
0.0467260881, 0.2012350516
0.0233630441, 0.1006175258
0.5116815220, 0.0503087629
0.7558407610, 0.5251543815
0.8779203805, 0.7625771907
0.9389601903, 0.8812885954
0.9694800951, 0.4406442977
0.9847400476, 0.7203221488
0.9923700238, 0.8601610744
0.4961850119, 0.4300805372
0.2480925059, 0.7150402686
0.6240462530, 0.3575201343
0.8120231265, 0.6787600672
0.9060115632, 0.8393800336
0.4530057816, 0.4196900168
0.2265028908, 0.2098450084
0.1132514454, 0.6049225042
0.5566257227, 0.8024612521
0.7783128614, 0.9012306260
0.3891564307, 0.4506153130
0.1945782153, 0.7253076565
0.0972891077, 0.3626538283
0.5486445538, 0.6813269141
0.7743222769, 0.3406634571
0.3871611385, 0.1703317285
0.6935805692, 0.5851658643
0.3467902846, 0.7925829321
0.6733951423, 0.3962914661
0.8366975712, 0.1981457330
0.4183487856, 0.5990728665
0.7091743928, 0.2995364333
0.3545871964, 0.6497682166
0.6772935982, 0.8248841083
0.8386467991, 0.9124420542
0.9193233995, 0.4562210271
0.9596616998, 0.7281105135
0.4798308499, 0.3640552568
0.2399154249, 0.1820276284
0.1199577125, 0.0910138142
0.0599788562, 0.5455069071
0.0299894281, 0.2727534535
0.0149947141, 0.1363767268
0.5074973570, 0.5681883634
0.2537486785, 0.2840941817
0.6268743393, 0.1420470908
0.3134371696, 0.0710235454
0.6567185848, 0.0355117727
0.3283592924, 0.5177558864
0.6641796462, 0.7588779432
0.8320898231, 0.3794389716
0.4160449116, 0.1897194858
0.7080224558, 0.5948597429
0.3540112279, 0.7974298714
0.1770056139, 0.3987149357
0.0885028070, 0.1993574679
0.5442514035, 0.0996787339
0.2721257017, 0.0498393670
0.1360628509, 0.0249196835
0.0680314254, 0.5124598417
0.5340157127, 0.2562299209
0.7670078564, 0.6281149604
0.3835039282, 0.3140574802
0.6917519641, 0.1570287401
0.8458759820, 0.0785143701
0.9229379910, 0.5392571850
0.9614689955, 0.7696285925
0.9807344978, 0.3848142963
0.4903672489, 0.6924071481
0.2451836244, 0.3462035741
0.6225918122, 0.6731017870
0.8112959061, 0.8365508935
0.4056479531, 0.4182754468
0.7028239765, 0.2091377234
0.3514119883, 0.1045688617
0.6757059941, 0.0522844308
0.3378529971, 0.0261422154
0.6689264985, 0.5130711077
0.3344632493, 0.7565355539
0.6672316246, 0.8782677769
0.8336158123, 0.9391338885
0.9168079062, 0.9695669442
0.4584039531, 0.4847834721
0.7292019765, 0.7423917361
0.8646009883, 0.3711958680
0.9323004941, 0.1855979340
0.9661502471, 0.0927989670
0.9830751235, 0.0463994835
0.9915375618, 0.5231997418
0.9957687809, 0.2615998709
0.4978843904, 0.6307999354
0.2489421952, 0.8153999677
0.1244710976, 0.4076999839
0.5622355488, 0.7038499919
0.2811177744, 0.8519249960
0.1405588872, 0.4259624980
0.5702794436, 0.2129812490
0.2851397218, 0.6064906245
0.1425698609, 0.8032453122
0.0712849305, 0.4016226561
0.5356424652, 0.7008113281
0.2678212326, 0.3504056640
0.1339106163, 0.1752028320
0.0669553082, 0.5876014160
0.5334776541, 0.2938007080
0.7667388270, 0.6469003540
0.3833694135, 0.3234501770
0.1916847068, 0.6617250885
0.0958423534, 0.3308625443
0.5479211767, 0.6654312721
0.7739605883, 0.8327156361
0.3869802942, 0.4163578180
0.6934901471, 0.2081789090
0.8467450735, 0.1040894545
0.4233725368, 0.0520447273
0.7116862684, 0.5260223636
0.3558431342, 0.2630111818
0.6779215671, 0.1315055909
0.8389607835, 0.0657527955
0.9194803918, 0.5328763977
0.4597401959, 0.7664381989
0.2298700979, 0.3832190994
0.6149350490, 0.1916095497
0.3074675245, 0.0958047749
0.1537337622, 0.0479023874
0.5768668811, 0.5239511937
0.2884334406, 0.2619755969
0.1442167203, 0.6309877984
0.0721083601, 0.8154938992
0.5360541801, 0.4077469496
0.7680270900, 0.2038734748
0.8840135450, 0.6019367374
0.9420067725, 0.3009683687
0.9710033863, 0.1504841844
0.9855016931, 0.0752420922
0.4927508466, 0.5376210461
0.7463754233, 0.2688105230
0.8731877116, 0.6344052615
0.9365938558, 0.8172026308
0.9682969279, 0.9086013154
0.9841484640, 0.4543006577
0.9920742320, 0.2271503288
0.9960371160, 0.6135751644
0.4980185580, 0.3067875822
0.7490092790, 0.6533937911
0.3745046395, 0.8266968956
0.6872523197, 0.4133484478
0.3436261599, 0.2066742239
0.1718130799, 0.1033371119
0.5859065400, 0.0516685560
0.2929532700, 0.5258342780
0.1464766350, 0.2629171390
0.5732383175, 0.6314585695
0.2866191587, 0.3157292847
0.6433095794, 0.6578646424
0.8216547897, 0.8289323212
0.9108273948, 0.4144661606
0.4554136974, 0.7072330803
0.7277068487, 0.8536165401
0.8638534244, 0.9268082701
0.4319267122, 0.9634041350
0.2159633561, 0.9817020675
0.1079816780, 0.9908510338
0.0539908390, 0.4954255169
0.0269954195, 0.2477127584
0.0134977098, 0.1238563792
0.5067488549, 0.5619281896
0.2533744274, 0.2809640948
0.6266872137, 0.6404820474
0.3133436069, 0.3202410237
0.6566718034, 0.6601205119
0.3283359017, 0.8300602559
0.1641679509, 0.4150301280
0.0820839754, 0.7075150640
0.0410419877, 0.3537575320
0.0205209939, 0.1768787660
0.5102604969, 0.0884393830
0.7551302485, 0.0442196915
0.8775651242, 0.0221098457
0.9387825621, 0.5110549229
0.9693912811, 0.7555274614
0.4846956405, 0.3777637307
0.2423478203, 0.6888818654
0.6211739101, 0.3444409327
0.3105869551, 0.1722204663
0.6552934775, 0.5861102332
0.8276467388, 0.2930551166
0.9138233694, 0.6465275583
0.9569116847, 0.8232637791
0.9784558423, 0.9116318896
0.4892279212, 0.4558159448
0.7446139606, 0.7279079724
0.3723069803, 0.8639539862
0.1861534901, 0.4319769931
0.5930767451, 0.7159884965
0.2965383725, 0.8579942483
0.1482691863, 0.4289971241
0.5741345931, 0.2144985621
0.2870672966, 0.1072492810
0.6435336483, 0.0536246405
0.3217668241, 0.5268123203
0.6608834121, 0.2634061601
0.8304417060, 0.1317030801
0.9152208530, 0.0658515400
0.9576104265, 0.0329257700
0.9788052133, 0.0164628850
0.9894026066, 0.5082314425
0.9947013033, 0.2541157213
0.9973506517, 0.6270578606
0.9986753258, 0.8135289303
0.9993376629, 0.4067644652
0.9996688315, 0.7033822326
0.9998344157, 0.3516911163
0.4999172079, 0.1758455581
0.2499586039, 0.0879227791
0.1249793020, 0.0439613895
0.5624896510, 0.0219806948
0.2812448255, 0.0109903474
0.6406224127, 0.5054951737
0.8203112064, 0.2527475868
0.9101556032, 0.6263737934
0.4550778016, 0.3131868967
0.2275389008, 0.6565934484
0.1137694504, 0.3282967242
0.0568847252, 0.6641483621
0.5284423626, 0.3320741810
0.7642211813, 0.6660370905
0.8821105906, 0.3330185453
0.9410552953, 0.6665092726
0.9705276477, 0.8332546363
0.9852638238, 0.9166273182
0.9926319119, 0.4583136591
0.9963159560, 0.2291568295
0.9981579780, 0.6145784148
0.9990789890, 0.8072892074
0.9995394945, 0.4036446037
0.4997697472, 0.7018223018
0.7498848736, 0.3509111509
0.8749424368, 0.1754555755
0.9374712184, 0.5877277877
0.9687356092, 0.7938638939
0.4843678046, 0.8969319469
0.2421839023, 0.9484659735
0.1210919512, 0.4742329867
0.5605459756, 0.7371164934
0.2802729878, 0.3685582467
0.1401364939, 0.6842791233
0.5700682469, 0.8421395617
0.7850341235, 0.9210697808
0.8925170617, 0.4605348904
0.9462585309, 0.7302674452
0.4731292654, 0.8651337226
0.7365646327, 0.4325668613
0.8682823164, 0.7162834307
0.4341411582, 0.3581417153
0.7170705791, 0.6790708577
0.8585352895, 0.3395354288
0.9292676448, 0.1697677144
0.9646338224, 0.5848838572
0.4823169112, 0.7924419286
0.2411584556, 0.8962209643
0.1205792278, 0.4481104822
0.5602896139, 0.2240552411
0.7801448069, 0.1120276205
0.3900724035, 0.5560138103
0.1950362017, 0.2780069051
0.0975181009, 0.6390034526
0.0487590504, 0.8195017263
0.0243795252, 0.4097508631
0.5121897626, 0.2048754316
0.7560948813, 0.1024377158
0.8780474407, 0.5512188579
0.4390237203, 0.2756094289
0.2195118602, 0.6378047145
0.1097559301, 0.3189023572
0.0548779650, 0.1594511786
0.5274389825, 0.5797255893
0.7637194913, 0.2898627947
0.3818597456, 0.1449313973
0.6909298728, 0.5724656987
0.8454649364, 0.2862328493
0.9227324682, 0.1431164247
0.9613662341, 0.0715582123
0.9806831171, 0.5357791062
0.9903415585, 0.2678895531
0.9951707793, 0.1339447765
0.4975853896, 0.5669723883
0.2487926948, 0.2834861941
0.1243963474, 0.1417430971
0.0621981737, 0.0708715485
0.0310990869, 0.0354357743
0.0155495434, 0.0177178871
0.0077747717, 0.0088589436
0.0038873859, 0.5044294718
0.5019436929, 0.2522147359
0.2509718465, 0.6261073679
