0.2500000000, 0.2500000000
0.6250000000, 0.1250000000
0.8125000000, 0.5625000000
0.4062500000, 0.2812500000
0.2031250000, 0.1406250000
0.6015625000, 0.0703125000
0.3007812500, 0.5351562500
0.1503906250, 0.7675781250
0.0751953125, 0.3837890625
0.0375976562, 0.1918945312
0.0187988281, 0.0959472656
0.5093994141, 0.0479736328
0.2546997070, 0.5239868164
0.1273498535, 0.2619934082
0.5636749268, 0.6309967041
0.2818374634, 0.3154983521
0.1409187317, 0.1577491760
0.5704593658, 0.5788745880
0.2852296829, 0.2894372940
0.6426148415, 0.1447186470
0.3213074207, 0.0723593235
0.1606537104, 0.0361796618
0.5803268552, 0.0180898309
0.2901634276, 0.0090449154
0.1450817138, 0.0045224577
0.0725408569, 0.5022612289
0.0362704284, 0.7511306144
0.0181352142, 0.3755653072
0.5090676071, 0.1877826536
0.7545338036, 0.0938913268
0.8772669018, 0.5469456634
0.9386334509, 0.7734728317
0.4693167254, 0.3867364159
0.7346583627, 0.1933682079
0.3673291814, 0.5966841040
0.1836645907, 0.2983420520
0.5918322953, 0.6491710260
0.7959161477, 0.3245855130
0.3979580738, 0.6622927565
0.6989790369, 0.3311463782
0.8494895185, 0.6655731891
0.9247447592, 0.3327865946
0.4623723796, 0.1663932973
0.7311861898, 0.0831966486
0.8655930949, 0.5415983243
0.4327965475, 0.2707991622
0.7163982737, 0.1353995811
0.3581991369, 0.0676997905
0.1790995684, 0.0338498953
0.5895497842, 0.0169249476
0.7947748921, 0.0084624738
0.8973874461, 0.5042312369
0.9486937230, 0.7521156185
0.4743468615, 0.3760578092
0.2371734308, 0.1880289046
0.6185867154, 0.0940144523
0.3092933577, 0.0470072262
0.6546466788, 0.5235036131
0.8273233394, 0.2617518065
0.9136616697, 0.1308759033
0.4568308349, 0.0654379516
0.7284154174, 0.5327189758
0.3642077087, 0.7663594879
0.6821038544, 0.3831797440
0.8410519272, 0.1915898720
0.4205259636, 0.0957949360
0.2102629818, 0.0478974680
0.6051314909, 0.0239487340
0.8025657454, 0.5119743670
0.9012828727, 0.2559871835
0.9506414364, 0.1279935917
0.4753207182, 0.0639967959
0.2376603591, 0.5319983979
0.1188301795, 0.2659991990
0.5594150898, 0.6329995995
0.2797075449, 0.3164997997
0.6398537724, 0.1582498999
0.8199268862, 0.0791249499
0.9099634431, 0.5395624750
0.9549817216, 0.7697812375
0.9774908608, 0.8848906187
0.4887454304, 0.4424453094
0.2443727152, 0.2212226547
0.1221863576, 0.6106113273
0.0610931788, 0.3053056637
0.5305465894, 0.1526528318
0.7652732947, 0.5763264159
0.3826366473, 0.2881632080
0.6913183237, 0.1440816040
0.3456591618, 0.5720408020
0.6728295809, 0.2860204010
0.3364147905, 0.6430102005
0.1682073952, 0.3215051002
0.0841036976, 0.1607525501
0.5420518488, 0.0803762751
0.2710259244, 0.0401881375
0.6355129622, 0.0200940688
0.8177564811, 0.5100470344
0.9088782406, 0.7550235172
0.9544391203, 0.8775117586
0.9772195601, 0.4387558793
0.4886097801, 0.7193779396
0.2443048900, 0.3596889698
0.6221524450, 0.6798444849
0.8110762225, 0.3399222425
0.4055381113, 0.6699611212
0.2027690556, 0.3349805606
0.6013845278, 0.1674902803
0.8006922639, 0.0837451402
0.4003461320, 0.5418725701
0.2001730660, 0.2709362850
0.1000865330, 0.1354681425
0.5500432665, 0.0677340713
0.7750216332, 0.0338670356
0.3875108166, 0.5169335178
0.1937554083, 0.2584667589
0.0968777042, 0.1292333795
0.0484388521, 0.0646166897
0.0242194260, 0.5323083449
0.0121097130, 0.2661541724
0.5060548565, 0.6330770862
0.7530274283, 0.8165385431
0.8765137141, 0.9082692716
0.4382568571, 0.4541346358
0.2191284285, 0.2270673179
0.6095642143, 0.1135336589
0.3047821071, 0.5567668295
0.1523910536, 0.2783834147
0.0761955268, 0.1391917074
0.0380977634, 0.5695958537
0.0190488817, 0.2847979268
0.0095244408, 0.6423989634
0.0047622204, 0.8211994817
0.0023811102, 0.4105997409
0.0011905551, 0.2052998704
0.5005952776, 0.6026499352
0.2502976388, 0.8013249676
0.6251488194, 0.4006624838
0.8125744097, 0.7003312419
0.4062872048, 0.3501656210
0.2031436024, 0.1750828105
0.1015718012, 0.5875414052
0.0507859006, 0.7937707026
0.0253929503, 0.3968853513
0.0126964752, 0.1984426757
0.5063482376, 0.0992213378
0.2531741188, 0.5496106689
0.1265870594, 0.2748053345
0.5632935297, 0.6374026672
0.2816467648, 0.3187013336
0.1408233824, 0.1593506668
0.0704116912, 0.0796753334
0.5352058456, 0.0398376667
0.2676029228, 0.0199188334
0.1338014614, 0.5099594167
0.5669007307, 0.2549797083
0.2834503654, 0.1274898542
0.1417251827, 0.0637449271
0.5708625913, 0.0318724635
0.7854312957, 0.0159362318
0.8927156478, 0.0079681159
0.9463578239, 0.0039840579
0.4731789120, 0.5019920290
0.7365894560, 0.2509960145
0.8682947280, 0.1254980072
0.4341473640, 0.0627490036
0.2170736820, 0.5313745018
0.6085368410, 0.2656872509
0.8042684205, 0.6328436255
0.4021342102, 0.3164218127
0.7010671051, 0.6582109064
0.3505335526, 0.3291054532
0.1752667763, 0.1645527266
0.0876333881, 0.5822763633
0.5438166941, 0.7911381816
0.2719083470, 0.8955690908
0.6359541735, 0.4477845454
0.8179770868, 0.7238922727
0.9089885434, 0.3619461364
0.9544942717, 0.6809730682
0.9772471358, 0.8404865341
0.4886235679, 0.9202432670
0.7443117840, 0.4601216335
0.8721558920, 0.2300608168
0.4360779460, 0.6150304084
0.2180389730, 0.3075152042
0.6090194865, 0.6537576021
0.8045097432, 0.3268788010
0.4022548716, 0.1634394005
0.2011274358, 0.0817197003
0.1005637179, 0.5408598501
0.0502818590, 0.2704299251
0.5251409295, 0.1352149625
0.7625704647, 0.0676074813
0.3812852324, 0.0338037406
0.6906426162, 0.5169018703
0.3453213081, 0.7584509352
0.6726606540, 0.8792254676
0.8363303270, 0.9396127338
0.9181651635, 0.9698063669
0.4590825818, 0.9849031834
0.2295412909, 0.4924515917
0.1147706454, 0.2462257959
0.5573853227, 0.1231128979
0.7786926614, 0.0615564490
0.3893463307, 0.5307782245
0.1946731653, 0.2653891122
0.5973365827, 0.1326945561
0.2986682913, 0.5663472781
0.6493341457, 0.2831736390
0.3246670728, 0.6415868195
0.6623335364, 0.3207934098
0.8311667682, 0.1603967049
0.9155833841, 0.0801983524
0.9577916921, 0.5400991762
0.4788958460, 0.7700495881
0.2394479230, 0.8850247941
0.1197239615, 0.9425123970
0.0598619808, 0.9712561985
0.0299309904, 0.4856280993
0.5149654952, 0.2428140496
0.7574827476, 0.1214070248
0.3787413738, 0.0607035124
0.6893706869, 0.5303517562
0.3446853434, 0.2651758781
0.6723426717, 0.6325879391
0.8361713359, 0.8162939695
0.4180856679, 0.4081469848
0.7090428340, 0.2040734924
0.8545214170, 0.6020367462
0.9272607085, 0.8010183731
0.9636303542, 0.9005091865
0.4818151771, 0.9502545933
0.2409075886, 0.9751272966
0.6204537943, 0.9875636483
0.8102268971, 0.4937818242
0.4051134486, 0.2468909121
0.2025567243, 0.6234454560
0.1012783621, 0.3117227280
0.0506391811, 0.6558613640
0.0253195905, 0.3279306820
0.5126597953, 0.6639653410
0.7563298976, 0.3319826705
0.3781649488, 0.1659913353
0.1890824744, 0.0829956676
0.0945412372, 0.0414978338
0.5472706186, 0.5207489169
0.2736353093, 0.2603744585
0.1368176547, 0.6301872292
0.0684088273, 0.3150936146
0.0342044137, 0.1575468073
0.0171022068, 0.5787734037
0.0085511034, 0.2893867018
0.5042755517, 0.6446933509
0.7521377759, 0.3223466755
0.3760688879, 0.1611733377
0.6880344440, 0.0805866689
0.3440172220, 0.0402933344
0.1720086110, 0.0201466672
0.5860043055, 0.5100733336
0.7930021527, 0.7550366668
0.3965010764, 0.3775183334
0.6982505382, 0.1887591667
0.8491252691, 0.0943795834
0.9245626345, 0.5471897917
0.9622813173, 0.7735948958
0.9811406586, 0.8867974479
0.9905703293, 0.4433987240
0.4952851647, 0.7216993620
0.2476425823, 0.8608496810
0.1238212912, 0.4304248405
0.0619106456, 0.2152124202
0.5309553228, 0.6076062101
0.7654776614, 0.8038031051
0.8827388307, 0.9019015525
0.9413694153, 0.9509507763
0.9706847077, 0.9754753881
0.4853423538, 0.4877376941
0.7426711769, 0.2438688470
0.8713355885, 0.6219344235
0.9356677942, 0.3109672118
0.9678338971, 0.6554836059
0.9839169486, 0.3277418029
0.9919584743, 0.1638709015
0.9959792371, 0.0819354507
0.9979896186, 0.5409677254
0.9989948093, 0.2704838627
0.4994974046, 0.1352419313
0.2497487023, 0.0676209657
0.6248743512, 0.0338104828
0.8124371756, 0.0169052414
0.4062185878, 0.0084526207
0.7031092939, 0.5042263104
0.8515546469, 0.7521131552
0.9257773235, 0.8760565776
0.4628886617, 0.4380282888
0.7314443309, 0.7190141444
0.3657221654, 0.8595070722
0.1828610827, 0.9297535361
0.5914305414, 0.9648767680
0.7957152707, 0.4824383840
0.8978576353, 0.2412191920
0.9489288177, 0.1206095960
0.4744644088, 0.0603047980
0.7372322044, 0.0301523990
0.3686161022, 0.5150761995
0.6843080511, 0.2575380998
0.3421540256, 0.6287690499
0.1710770128, 0.3143845249
0.5855385064, 0.1571922625
0.7927692532, 0.5785961312
0.3963846266, 0.7892980656
0.6981923133, 0.3946490328
0.3490961566, 0.6973245164
0.1745480783, 0.8486622582
0.0872740392, 0.9243311291
0.0436370196, 0.4621655646
0.5218185098, 0.2310827823
0.2609092549, 0.1155413911
0.6304546274, 0.0577706956
0.8152273137, 0.5288853478
0.9076136569, 0.7644426739
0.4538068284, 0.3822213369
0.2269034142, 0.1911106685
0.6134517071, 0.0955553342
0.8067258536, 0.5477776671
0.4033629268, 0.7738888336
0.2016814634, 0.3869444168
0.6008407317, 0.6934722084
0.8004203658, 0.8467361042
0.4002101829, 0.4233680521
0.2001050915, 0.7116840260
0.6000525457, 0.3558420130
0.8000262729, 0.1779210065
0.9000131364, 0.0889605033
0.4500065682, 0.5444802516
0.7250032841, 0.2722401258
0.8625016421, 0.1361200629
0.9312508210, 0.0680600315
0.9656254105, 0.0340300157
0.9828127053, 0.0170150079
0.9914063526, 0.5085075039
0.4957031763, 0.2542537520
0.2478515882, 0.6271268760
0.6239257941, 0.3135634380
0.3119628970, 0.6567817190
0.1559814485, 0.3283908595
0.5779907243, 0.6641954297
0.7889953621, 0.8320977149
0.8944976811, 0.9160488574
0.4472488405, 0.4580244287
0.7236244203, 0.7290122144
0.3618122101, 0.8645061072
0.1809061051, 0.9322530536
0.5904530525, 0.4661265268
0.7952265263, 0.2330632634
0.3976132631, 0.1165316317
0.1988066316, 0.5582658158
0.5994033158, 0.2791329079
0.7997016579, 0.6395664540
0.3998508289, 0.3197832270
0.1999254145, 0.1598916135
0.5999627072, 0.0799458067
0.7999813536, 0.5399729034
0.3999906768, 0.2699864517
0.1999953384, 0.6349932258
0.0999976692, 0.3174966129
0.0499988346, 0.1587483065
0.5249994173, 0.5793741532
0.2624997087, 0.7896870766
0.1312498543, 0.3948435383
0.5656249272, 0.1974217692
0.7828124636, 0.0987108846
0.3914062318, 0.5493554423
0.1957031159, 0.7746777211
0.0978515579, 0.3873388606
0.0489257790, 0.1936694303
0.0244628895, 0.5968347151
0.5122314447, 0.7984173576
0.7561157224, 0.8992086788
0.8780578612, 0.9496043394
0.4390289306, 0.4748021697
0.2195144653, 0.7374010848
0.6097572326, 0.3687005424
0.8048786163, 0.6843502712
0.9024393082, 0.3421751356
0.4512196541, 0.6710875678
0.2256098270, 0.3355437839
0.1128049135, 0.1677718920
0.0564024568, 0.0838859460
0.5282012284, 0.5419429730
0.2641006142, 0.2709714865
0.1320503071, 0.6354857432
0.0660251535, 0.3177428716
0.5330125768, 0.6588714358
0.7665062884, 0.8294357179
0.3832531442, 0.4147178590
0.6916265721, 0.7073589295
0.3458132860, 0.8536794647
0.1729066430, 0.9268397324
0.0864533215, 0.9634198662
0.5432266608, 0.4817099331
0.2716133304, 0.7408549665
0.1358066652, 0.3704274833
0.0679033326, 0.6852137416
0.0339516663, 0.3426068708
0.5169758331, 0.6713034354
0.2584879166, 0.3356517177
0.1292439583, 0.1678258589
0.0646219791, 0.5839129294
0.0323109896, 0.2919564647
0.0161554948, 0.6459782324
0.5080777474, 0.3229891162
0.2540388737, 0.1614945581
0.1270194368, 0.0807472790
0.5635097184, 0.0403736395
0.7817548592, 0.5201868198
0.3908774296, 0.2600934099
0.6954387148, 0.6300467049
0.8477193574, 0.3150233525
0.9238596787, 0.1575116762
0.9619298394, 0.5787558381
0.9809649197, 0.2893779191
0.4904824598, 0.6446889595
0.2452412299, 0.8223444798
0.6226206150, 0.4111722399
0.8113103075, 0.7055861199
0.9056551537, 0.3527930600
0.9528275769, 0.6763965300
0.9764137884, 0.8381982650
0.9882068942, 0.9190991325
0.9941034471, 0.4595495662
0.9970517236, 0.7297747831
0.4985258618, 0.3648873916
0.7492629309, 0.6824436958
0.8746314654, 0.8412218479
0.4373157327, 0.9206109239
0.7186578664, 0.4603054620
0.3593289332, 0.7301527310
0.1796644666, 0.8650763655
0.0898322333, 0.9325381827
0.5449161166, 0.4662690914
0.2724580583, 0.7331345457
0.1362290292, 0.8665672728
0.0681145146, 0.9332836364
0.0340572573, 0.9666418182
0.0170286286, 0.4833209091
0.5085143143, 0.2416604546
0.2542571572, 0.1208302273
0.6271285786, 0.0604151136
0.3135642893, 0.0302075568
0.1567821446, 0.0151037784
0.0783910723, 0.5075518892
0.5391955362, 0.2537759446
0.2695977681, 0.6268879723
0.6347988840, 0.8134439862
0.3173994420, 0.4067219931
0.6586997210, 0.7033609965
0.8293498605, 0.8516804983
0.9146749303, 0.4258402491
0.9573374651, 0.2129201246
0.9786687326, 0.1064600623
0.9893343663, 0.5532300311
0.4946671831, 0.2766150156
0.7473335916, 0.6383075078
0.8736667958, 0.3191537539
0.4368333979, 0.6595768769
0.7184166989, 0.3297884385
0.8592083495, 0.6648942192
0.9296041747, 0.3324471096
0.9648020874, 0.1662235548
0.9824010437, 0.5831117774
0.4912005218, 0.7915558887
0.7456002609, 0.3957779444
0.8728001305, 0.1978889722
0.9364000652, 0.5989444861
0.9682000326, 0.7994722430
0.9841000163, 0.3997361215
0.4920500082, 0.6998680608
0.2460250041, 0.3499340304
0.6230125020, 0.6749670152
0.3115062510, 0.8374835076
0.1557531255, 0.4187417538
0.0778765628, 0.2093708769
0.5389382814, 0.6046854384
0.2694691407, 0.8023427192
0.6347345703, 0.9011713596
0.3173672852, 0.9505856798
0.6586836426, 0.4752928399
0.8293418213, 0.2376464200
0.9146709106, 0.6188232100
0.4573354553, 0.8094116050
0.2286677277, 0.9047058025
0.1143338638, 0.4523529012
0.5571669319, 0.2261764506
0.7785834660, 0.6130882253
0.3892917330, 0.3065441127
0.6946458665, 0.1532720563
0.8473229332, 0.5766360282
0.9236614666, 0.7883180141
0.4618307333, 0.8941590070
0.2309153667, 0.4470795035
0.1154576833, 0.7235397518
0.0577288417, 0.8617698759
0.0288644208, 0.4308849379
0.5144322104, 0.7154424690
0.7572161052, 0.3577212345
0.8786080526, 0.1788606172
0.9393040263, 0.5894303086
0.9696520132, 0.7947151543
0.9848260066, 0.3973575772
0.9924130033, 0.1986787886
0.9962065016, 0.5993393943
0.4981032508, 0.2996696971
0.2490516254, 0.6498348486
0.1245258127, 0.3249174243
0.0622629064, 0.1624587121
0.5311314532, 0.0812293561
0.7655657266, 0.0406146780
0.8827828633, 0.5203073390
0.9413914316, 0.7601536695
0.4706957158, 0.3800768348
0.7353478579, 0.6900384174
0.8676739290, 0.3450192087
0.9338369645, 0.1725096043
0.9669184822, 0.0862548022
0.4834592411, 0.5431274011
0.7417296206, 0.2715637005
0.8708648103, 0.6357818503
0.9354324051, 0.8178909251
0.9677162026, 0.4089454626
0.4838581013, 0.7044727313
0.2419290506, 0.8522363656
0.1209645253, 0.4261181828
0.5604822627, 0.7130590914
0.2802411313, 0.3565295457
0.1401205657, 0.6782647729
0.5700602828, 0.8391323864
0.2850301414, 0.4195661932
0.6425150707, 0.2097830966
0.8212575354, 0.6048915483
0.9106287677, 0.8024457742
0.9553143838, 0.9012228871
0.9776571919, 0.9506114435
0.4888285960, 0.9753057218
0.7444142980, 0.4876528609
0.8722071490, 0.7438264304
0.9361035745, 0.3719132152
0.9680517872, 0.6859566076
0.9840258936, 0.8429783038
0.4920129468, 0.9214891519
0.7460064734, 0.4607445760
0.8730032367, 0.7303722880
0.9365016184, 0.3651861440
0.4682508092, 0.1825930720
0.7341254046, 0.0912965360
0.8670627023, 0.0456482680
0.9335313511, 0.5228241340
0.4667656756, 0.2614120670
0.2333828378, 0.1307060335
0.1166914189, 0.0653530167
0.5583457094, 0.0326765084
0.2791728547, 0.0163382542
0.1395864274, 0.5081691271
0.0697932137, 0.2540845635
0.0348966068, 0.1270422818
0.0174483034, 0.0635211409
0.5087241517, 0.5317605704
0.7543620759, 0.7658802852
0.3771810379, 0.8829401426
0.1885905190, 0.4414700713
0.5942952595, 0.2207350357
0.2971476297, 0.1103675178
0.1485738149, 0.0551837589
0.5742869074, 0.0275918795
0.2871434537, 0.0137959397
0.1435717269, 0.0068979699
0.0717858634, 0.5034489849
0.0358929317, 0.2517244925
0.5179464659, 0.6258622462
0.2589732329, 0.3129311231
0.1294866165, 0.6564655616
0.0647433082, 0.3282327808
0.0323716541, 0.6641163904
0.5161858271, 0.3320581952
0.2580929135, 0.1660290976
0.6290464568, 0.0830145488
0.3145232284, 0.5415072744
0.1572616142, 0.2707536372
0.0786308071, 0.1353768186
0.5393154035, 0.5676884093
0.2696577018, 0.2838442046
0.6348288509, 0.6419221023
0.8174144254, 0.3209610512
0.9087072127, 0.1604805256
0.9543536064, 0.5802402628
0.9771768032, 0.7901201314
0.9885884016, 0.8950600657
0.9942942008, 0.9475300328
0.9971471004, 0.9737650164
0.4985735502, 0.4868825082
0.2492867751, 0.2434412541
0.6246433875, 0.1217206271
0.3123216938, 0.0608603135
0.1561608469, 0.0304301568
0.0780804234, 0.5152150784
0.0390402117, 0.2576075392
0.5195201059, 0.1288037696
0.2597600529, 0.0644018848
0.1298800265, 0.5322009424
0.5649400132, 0.2661004712
0.7824700066, 0.6330502356
0.3912350033, 0.3165251178
0.6956175017, 0.6582625589
0.8478087508, 0.8291312794
0.4239043754, 0.4145656397
0.2119521877, 0.7072828199
0.6059760939, 0.3536414099
0.3029880469, 0.6768207050
0.1514940235, 0.3384103525
0.0757470117, 0.1692051762
0.5378735059, 0.5846025881
0.2689367529, 0.2923012941
0.6344683765, 0.6461506470
0.8172341882, 0.3230753235
0.4086170941, 0.6615376618
0.7043085471, 0.3307688309
0.8521542735, 0.6653844154
0.4260771368, 0.3326922077
0.2130385684, 0.1663461039
0.6065192842, 0.0831730519
0.8032596421, 0.5415865260
0.9016298210, 0.2707932630
0.9508149105, 0.6353966315
0.4754074553, 0.8176983157
0.2377037276, 0.4088491579
0.6188518638, 0.2044245789
0.8094259319, 0.6022122895
0.9047129660, 0.3011061447
0.9523564830, 0.6505530724
0.9761782415, 0.3252765362
0.4880891207, 0.1626382681
0.2440445604, 0.0813191340
0.1220222802, 0.0406595670
0.5610111401, 0.0203297835
0.7805055700, 0.5101648918
0.8902527850, 0.7550824459
0.4451263925, 0.8775412229
0.7225631963, 0.4387706115
0.3612815981, 0.7193853057
0.6806407991, 0.3596926529
0.8403203995, 0.1798463264
0.9201601998, 0.5899231632
0.4600800999, 0.7949615816
0.7300400499, 0.3974807908
0.8650200250, 0.1987403954
0.9325100125, 0.0993701977
0.4662550062, 0.0496850989
0.2331275031, 0.5248425494
0.6165637516, 0.2624212747
0.8082818758, 0.6312106374
0.9041409379, 0.3156053187
0.4520704689, 0.1578026593
0.2260352345, 0.0789013297
0.6130176172, 0.0394506648
0.8065088086, 0.5197253324
0.4032544043, 0.2598626662
0.2016272022, 0.6299313331
0.1008136011, 0.3149656666
0.5504068005, 0.6574828333
0.2752034003, 0.3287414166
0.6376017001, 0.1643707083
0.8188008501, 0.5821853542
0.9094004250, 0.7910926771
0.4547002125, 0.3955463385
0.2273501063, 0.6977731693
0.1136750531, 0.8488865846
0.0568375266, 0.4244432923
0.0284187633, 0.2122216462
0.5142093816, 0.6061108231
0.7571046908, 0.3030554115
0.3785523454, 0.1515277058
0.1892761727, 0.0757638529
0.5946380864, 0.0378819264
0.7973190432, 0.5189409632
0.8986595216, 0.7594704816
0.9493297608, 0.8797352408
0.4746648804, 0.9398676204
0.2373324402, 0.4699338102
0.6186662201, 0.7349669051
0.8093331100, 0.8674834526
0.4046665550, 0.9337417263
0.2023332775, 0.4668708631
0.6011666388, 0.2334354316
0.3005833194, 0.6167177158
0.1502916597, 0.3083588579
0.5751458298, 0.1541794289
0.2875729149, 0.0770897145
0.6437864575, 0.0385448572
0.3218932287, 0.0192724286
0.1609466144, 0.0096362143
0.5804733072, 0.5048181072
0.2902366536, 0.2524090536
0.6451183268, 0.1262045268
0.3225591634, 0.5631022634
0.6612795817, 0.2815511317
0.8306397908, 0.1407755658
0.4153198954, 0.5703877829
0.2076599477, 0.2851938915
0.1038299739, 0.1425969457
0.0519149869, 0.0712984729
0.0259574935, 0.0356492364
0.5129787467, 0.0178246182
0.2564893734, 0.0089123091
0.6282446867, 0.5044561546
0.3141223433, 0.2522280773
0.1570611717, 0.1261140386
0.0785305858, 0.0630570193
0.0392652929, 0.0315285097
0.0196326465, 0.0157642548
0.5098163232, 0.5078821274
0.7549081616, 0.7539410637
0.8774540808, 0.8769705319
0.4387270404, 0.4384852659
0.2193635202, 0.2192426330
0.1096817601, 0.1096213165
0.5548408801, 0.5548106582
0.7774204400, 0.2774053291
0.3887102200, 0.1387026646
0.6943551100, 0.5693513323
0.8471775550, 0.2846756661
0.9235887775, 0.1423378331
0.4617943888, 0.0711689165
0.2308971944, 0.0355844583
0.1154485972, 0.0177922291
0.5577242986, 0.0088961146
0.2788621493, 0.5044480573
0.1394310746, 0.2522240286
0.5697155373, 0.6261120143
0.7848577687, 0.3130560072
0.3924288843, 0.6565280036
0.6962144422, 0.8282640018
0.3481072211, 0.4141320009
0.1740536105, 0.2070660004
0.5870268053, 0.1035330002
0.7935134026, 0.0517665001
0.8967567013, 0.5258832501
0.4483783507, 0.2629416250
0.2241891753, 0.1314708125
0.6120945877, 0.0657354063
0.8060472938, 0.5328677031
0.4030236469, 0.7664338516
0.7015118235, 0.3832169258
0.3507559117, 0.6916084629
0.1753779559, 0.8458042314
0.5876889779, 0.4229021157
0.2938444890, 0.2114510579
0.1469222445, 0.1057255289
0.5734611222, 0.0528627645
0.7867305611, 0.0264313822
0.3933652806, 0.0132156911
0.6966826403, 0.0066078456
0.3483413201, 0.5033039228
0.1741706601, 0.2516519614
0.0870853300, 0.6258259807
0.5435426650, 0.3129129903
0.2717713325, 0.1564564952
0.6358856663, 0.0782282476
0.8179428331, 0.5391141238
0.4089714166, 0.2695570619
0.7044857083, 0.6347785309
0.8522428541, 0.8173892655
0.4261214271, 0.4086946327
0.2130607135, 0.2043473164
0.6065303568, 0.1021736582
0.8032651784, 0.5510868291
0.4016325892, 0.7755434145
0.7008162946, 0.3877717073
0.3504081473, 0.6938858536
0.1752040736, 0.8469429268
0.5876020368, 0.4234714634
0.7938010184, 0.7117357317
0.8969005092, 0.3558678659
0.9484502546, 0.1779339329
0.4742251273, 0.0889669665
0.7371125637, 0.0444834832
0.3685562818, 0.5222417416
0.1842781409, 0.7611208708
0.5921390705, 0.3805604354
0.7960695352, 0.6902802177
0.3980347676, 0.3451401089
0.6990173838, 0.1725700544
0.8495086919, 0.0862850272
0.4247543460, 0.5431425136
0.7123771730, 0.2715712568
0.8561885865, 0.6357856284
0.9280942932, 0.8178928142
0.4640471466, 0.9089464071
0.7320235733, 0.9544732036
0.3660117867, 0.4772366018
0.1830058933, 0.2386183009
0.0915029467, 0.1193091504
0.5457514733, 0.0596545752
0.2728757367, 0.0298272876
0.1364378683, 0.0149136438
0.5682189342, 0.0074568219
0.2841094671, 0.0037284110
0.6420547335, 0.0018642055
0.8210273668, 0.5009321027
0.9105136834, 0.2504660514
0.9552568417, 0.6252330257
0.9776284208, 0.3126165128
0.9888142104, 0.6563082564
0.9944071052, 0.3281541282
0.9972035526, 0.6640770641
0.4986017763, 0.8320385321
0.2493008882, 0.4160192660
0.6246504441, 0.7080096330
0.8123252220, 0.8540048165
0.9061626110, 0.9270024083
0.4530813055, 0.4635012041
0.2265406528, 0.7317506021
0.1132703264, 0.3658753010
0.0566351632, 0.1829376505
0.5283175816, 0.0914688253
0.7641587908, 0.0457344126
0.8820793954, 0.5228672063
0.9410396977, 0.7614336032
0.4705198488, 0.8807168016
0.2352599244, 0.4403584008
0.6176299622, 0.2201792004
0.8088149811, 0.6100896002
0.9044074906, 0.8050448001
0.4522037453, 0.9025224000
0.7261018726, 0.4512612000
0.3630509363, 0.7256306000
0.1815254682, 0.3628153000
0.0907627341, 0.1814076500
0.0453813670, 0.0907038250
0.5226906835, 0.0453519125
0.2613453418, 0.0226759563
0.6306726709, 0.5113379781
0.8153363354, 0.7556689891
0.4076681677, 0.8778344945
0.2038340839, 0.9389172473
0.1019170419, 0.4694586236
0.5509585210, 0.2347293118
0.7754792605, 0.6173646559
0.8877396302, 0.8086823280
0.9438698151, 0.9043411640
0.9719349076, 0.4521705820
0.4859674538, 0.2260852910
0.7429837269, 0.1130426455
0.3714918634, 0.5565213227
0.6857459317, 0.2782606614
0.8428729659, 0.1391303307
0.9214364829, 0.0695651653
0.4607182415, 0.5347825827
0.2303591207, 0.2673912913
0.1151795604, 0.1336956457
0.5575897802, 0.0668478228
0.2787948901, 0.5334239114
0.1393974450, 0.2667119557
0.5696987225, 0.6333559779
0.2848493613, 0.3166779889
0.1424246806, 0.1583389945
0.5712123403, 0.0791694972
0.7856061702, 0.0395847486
0.8928030851, 0.0197923743
0.9464015425, 0.5098961872
0.9732007713, 0.7549480936
0.4866003856, 0.3774740468
0.7433001928, 0.6887370234
0.8716500964, 0.3443685117
0.4358250482, 0.1721842558
0.7179125241, 0.0860921279
0.3589562621, 0.5430460640
0.1794781310, 0.2715230320
0.0897390655, 0.1357615160
0.0448695328, 0.0678807580
0.5224347664, 0.0339403790
0.2612173832, 0.0169701895
0.6306086916, 0.5084850947
0.8153043458, 0.7542425474
0.4076521729, 0.3771212737
0.7038260864, 0.1885606368
0.3519130432, 0.0942803184
0.6759565216, 0.0471401592
0.3379782608, 0.0235700796
0.6689891304, 0.0117850398
0.8344945652, 0.0058925199
0.9172472826, 0.0029462600
0.9586236413, 0.5014731300
0.4793118207, 0.7507365650
0.2396559103, 0.3753682825
0.6198279552, 0.6876841412
0.8099139776, 0.3438420706
0.9049569888, 0.6719210353
0.9524784944, 0.8359605177
0.9762392472, 0.9179802588
0.9881196236, 0.9589901294
0.9940598118, 0.4794950647
0.9970299059, 0.2397475324
0.9985149529, 0.1198737662
0.9992574765, 0.0599368831
0.4996287382, 0.5299684415
0.7498143691, 0.7649842208
0.8749071846, 0.8824921104
0.4374535923, 0.4412460552
0.7187267961, 0.7206230276
0.3593633981, 0.3603115138
0.1796816990, 0.6801557569
0.0898408495, 0.3400778784
0.0449204248, 0.1700389392
0.5224602124, 0.0850194696
0.2612301062, 0.5425097348
0.1306150531, 0.7712548674
0.0653075265, 0.3856274337
0.0326537633, 0.6928137169
0.5163268816, 0.8464068584
0.7581634408, 0.9232034292
0.3790817204, 0.9616017146
0.1895408602, 0.9808008573
0.0947704301, 0.4904004287
0.0473852151, 0.2452002143
0.0236926075, 0.1226001072
0.5118463038, 0.0613000536
0.7559231519, 0.5306500268
0.3779615759, 0.2653250134
0.6889807880, 0.1326625067
0.8444903940, 0.5663312533
0.9222451970, 0.7831656267
0.9611225985, 0.8915828133
0.4805612992, 0.4457914067
0.2402806496, 0.7228957033
0.1201403248, 0.3614478517
0.5600701624, 0.6807239258
0.7800350812, 0.8403619629
0.8900175406, 0.4201809815
0.4450087703, 0.2100904907
0.7225043852, 0.6050452454
0.8612521926, 0.3025226227
0.9306260963, 0.1512613113
0.9653130481, 0.5756306557
0.9826565241, 0.2878153278
0.9913282620, 0.6439076639
0.9956641310, 0.8219538320
0.9978320655, 0.4109769160
0.4989160328, 0.7054884580
0.2494580164, 0.8527442290
0.1247290082, 0.4263721145
0.0623645041, 0.2131860572
0.5311822520, 0.1065930286
0.7655911260, 0.5532965143
0.8827955630, 0.2766482572
0.4413977815, 0.6383241286
0.2206988908, 0.8191620643
0.1103494454, 0.9095810321
0.0551747227, 0.9547905161
0.5275873613, 0.4773952580
0.2637936807, 0.2386976290
0.1318968403, 0.1193488145
0.0659484202, 0.5596744073
0.5329742101, 0.7798372036
0.7664871050, 0.8899186018
0.8832435525, 0.9449593009
0.9416217763, 0.9724796505
0.4708108881, 0.9862398252
0.2354054441, 0.4931199126
0.6177027220, 0.2465599563
0.3088513610, 0.1232799782
0.6544256805, 0.0616399891
0.8272128403, 0.5308199945
0.9136064201, 0.7654099973
0.9568032101, 0.8827049986
0.4784016050, 0.4413524993
0.7392008025, 0.2206762497
0.3696004013, 0.1103381248
0.1848002006, 0.0551690624
0.0924001003, 0.0275845312
0.0462000502, 0.0137922656
0.5231000251, 0.5068961328
0.7615500125, 0.7534480664
0.8807750063, 0.8767240332
0.9403875031, 0.4383620166
0.9701937516, 0.2191810083
0.9850968758, 0.1095905042
0.9925484379, 0.0547952521
0.4962742189, 0.5273976260
0.2481371095, 0.2636988130
0.6240685547, 0.1318494065
0.8120342774, 0.0659247033
0.9060171387, 0.0329623516
0.4530085693, 0.0164811758
0.2265042847, 0.0082405879
0.1132521423, 0.0041202940
0.5566260712, 0.0020601470
0.2783130356, 0.0010300735
0.1391565178, 0.5005150367
0.5695782589, 0.7502575184
0.7847891294, 0.8751287592
0.8923945647, 0.4375643796
0.4461972824, 0.2187821898
0.2230986412, 0.1093910949
0.6115493206, 0.0546955474
0.8057746603, 0.5273477737
0.9028873301, 0.7636738869
0.9514436651, 0.3818369434
0.9757218325, 0.6909184717
0.9878609163, 0.3454592359
0.9939304581, 0.1727296179
0.9969652291, 0.0863648090
0.9984826145, 0.5431824045
0.9992413073, 0.7715912022
0.4996206536, 0.3857956011
0.7498103268, 0.1928978006
0.3749051634, 0.5964489003
0.6874525817, 0.7982244501
0.8437262909, 0.8991122251
0.9218631454, 0.9495561125
0.4609315727, 0.4747780563
0.7304657864, 0.7373890281
0.3652328932, 0.3686945141
0.1826164466, 0.1843472570
0.0913082233, 0.5921736285
0.0456541116, 0.7960868143
0.0228270558, 0.3980434071
0.0114135279, 0.1990217036
0.0057067640, 0.0995108518
0.0028533820, 0.0497554259
0.5014266910, 0.5248777129
0.2507133455, 0.7624388565
0.1253566727, 0.3812194282
0.0626783364, 0.6906097141
0.5313391682, 0.3453048571
0.2656695841, 0.1726524285
0.1328347920, 0.0863262143
0.5664173960, 0.0431631071
0.7832086980, 0.0215815536
0.3916043490, 0.5107907768
0.1958021745, 0.7553953884
0.0979010873, 0.3776976942
0.5489505436, 0.6888488471
0.2744752718, 0.3444244235
0.1372376359, 0.1722122118
0.5686188180, 0.5861061059
0.2843094090, 0.7930530529
0.6421547045, 0.8965265265
0.8210773522, 0.9482632632
0.9105386761, 0.4741316316
0.9552693381, 0.2370658158
0.9776346690, 0.1185329079
0.9888173345, 0.0592664540
0.9944086673, 0.5296332270
0.4972043336, 0.2648166135
0.2486021668, 0.1324083067
0.1243010834, 0.0662041534
0.5621505417, 0.0331020767
0.7810752709, 0.5165510383
0.3905376354, 0.2582755192
0.6952688177, 0.1291377596
0.8476344089, 0.0645688798
0.9238172044, 0.0322844399
0.9619086022, 0.5161422199
0.9809543011, 0.7580711100
0.9904771506, 0.8790355550
0.4952385753, 0.4395177775
0.7476192876, 0.2197588887
0.3738096438, 0.6098794444
0.1869048219, 0.8049397222
0.0934524110, 0.4024698611
0.0467262055, 0.2012349305
0.0233631027, 0.1006174653
0.5116815514, 0.0503087326
0.7558407757, 0.5251543663
0.8779203878, 0.7625771832
0.9389601939, 0.8812885916
0.9694800970, 0.4406442958
0.9847400485, 0.7203221479
0.9923700242, 0.8601610739
0.4961850121, 0.4300805370
0.2480925061, 0.7150402685
0.6240462530, 0.3575201342
0.8120231265, 0.6787600671
0.9060115633, 0.8393800336
0.4530057816, 0.4196900168
0.2265028908, 0.2098450084
0.1132514454, 0.6049225042
0.0566257227, 0.3024612521
0.5283128614, 0.6512306260
0.2641564307, 0.3256153130
0.1320782153, 0.6628076565
0.0660391077, 0.3314038283
0.5330195538, 0.6657019141
0.7665097769, 0.3328509571
0.8832548885, 0.6664254785
0.4416274442, 0.3332127393
0.2208137221, 0.1666063696
0.6104068611, 0.0833031848
0.8052034305, 0.0416515924
0.9026017153, 0.0208257962
0.9513008576, 0.0104128981
0.4756504288, 0.5052064491
0.7378252144, 0.7526032245
0.8689126072, 0.8763016123
0.9344563036, 0.4381508061
0.9672281518, 0.7190754031
0.4836140759, 0.3595377015
0.2418070380, 0.1797688508
0.1209035190, 0.0898844254
0.0604517595, 0.5449422127
0.0302258797, 0.2724711063
0.0151129399, 0.1362355532
0.5075564699, 0.5681177766
0.2537782350, 0.2840588883
0.6268891175, 0.1420294441
0.3134445587, 0.0710147221
0.6567222794, 0.0355073610
0.3283611397, 0.0177536805
0.6641805698, 0.5088768403
0.8320902849, 0.2544384201
0.4160451425, 0.1272192101
0.7080225712, 0.5636096050
0.3540112856, 0.7818048025
0.1770056428, 0.3909024013
0.0885028214, 0.1954512006
0.5442514107, 0.0977256003
0.2721257054, 0.0488628002
0.1360628527, 0.0244314001
0.0680314263, 0.5122157000
0.5340157132, 0.2561078500
0.7670078566, 0.6280539250
0.3835039283, 0.3140269625
0.6917519641, 0.1570134813
0.8458759821, 0.0785067406
0.9229379910, 0.5392533703
0.9614689955, 0.7696266852
0.9807344978, 0.3848133426
0.4903672489, 0.6924066713
0.2451836244, 0.3462033356
0.6225918122, 0.6731016678
0.8112959061, 0.8365508339
0.4056479531, 0.4182754170
0.7028239765, 0.2091377085
0.3514119883, 0.1045688542
0.6757059941, 0.0522844271
0.3378529971, 0.0261422136
0.6689264985, 0.5130711068
0.3344632493, 0.7565355534
0.6672316246, 0.8782677767
0.8336158123, 0.9391338883
0.9168079062, 0.9695669442
0.4584039531, 0.4847834721
0.7292019765, 0.7423917360
0.8646009883, 0.3711958680
0.9323004941, 0.1855979340
0.9661502471, 0.0927989670
0.9830751235, 0.0463994835
0.9915375618, 0.5231997418
0.9957687809, 0.2615998709
0.4978843904, 0.6307999354
0.2489421952, 0.8153999677
0.1244710976, 0.4076999839
0.5622355488, 0.7038499919
0.2811177744, 0.8519249960
0.1405588872, 0.4259624980
0.5702794436, 0.2129812490
0.2851397218, 0.6064906245
0.1425698609, 0.8032453122
0.0712849305, 0.4016226561
0.5356424652, 0.7008113281
0.2678212326, 0.3504056640
0.1339106163, 0.1752028320
0.0669553082, 0.5876014160
0.5334776541, 0.2938007080
0.7667388270, 0.6469003540
0.3833694135, 0.3234501770
0.1916847068, 0.6617250885
0.0958423534, 0.3308625443
0.5479211767, 0.6654312721
0.7739605883, 0.8327156361
0.3869802942, 0.4163578180
0.6934901471, 0.2081789090
0.8467450735, 0.1040894545
0.4233725368, 0.0520447273
0.7116862684, 0.5260223636
0.3558431342, 0.2630111818
0.1779215671, 0.6315055909
0.5889607835, 0.3157527955
0.7944803918, 0.6578763977
0.3972401959, 0.8289381989
0.1986200979, 0.4144690994
0.5993100490, 0.2072345497
0.2996550245, 0.1036172749
0.1498275122, 0.0518086374
0.5749137561, 0.5259043187
0.2874568781, 0.2629521594
0.1437284390, 0.6314760797
0.0718642195, 0.8157380398
0.5359321098, 0.4078690199
0.7679660549, 0.2039345100
0.8839830274, 0.6019672550
0.4419915137, 0.8009836275
0.7209957569, 0.4004918137
0.8604978784, 0.2002459069
0.4302489392, 0.6001229534
0.7151244696, 0.3000614767
0.8575622348, 0.6500307384
0.9287811174, 0.8250153692
0.9643905587, 0.9125076846
0.9821952794, 0.4562538423
0.9910976397, 0.2281269211
0.9955488198, 0.6140634606
0.4977744099, 0.3070317303
0.7488872050, 0.6535158651
0.8744436025, 0.3267579326
0.9372218012, 0.1633789663
0.4686109006, 0.0816894831
0.2343054503, 0.0408447416
0.6171527252, 0.0204223708
0.3085763626, 0.5102111854
0.1542881813, 0.2551055927
0.5771440906, 0.6275527963
0.7885720453, 0.8137763982
0.8942860227, 0.9068881991
0.9471430113, 0.9534440995
0.9735715057, 0.9767220498
0.4867857528, 0.9883610249
0.7433928764, 0.9941805124
0.8716964382, 0.9970902562
0.4358482191, 0.9985451281
0.2179241096, 0.9992725641
0.1089620548, 0.4996362820
0.0544810274, 0.2498181410
0.0272405137, 0.1249090705
0.0136202568, 0.0624545353
0.5068101284, 0.5312272676
0.2534050642, 0.2656136338
0.1267025321, 0.1328068169
0.5633512661, 0.5664034085
0.7816756330, 0.7832017042
0.3908378165, 0.8916008521
0.1954189083, 0.4458004261
0.0977094541, 0.7229002130
0.0488547271, 0.3614501065
0.0244273635, 0.1807250533
0.5122136818, 0.0903625266
0.7561068409, 0.0451812633
0.8780534204, 0.0225906317
0.9390267102, 0.5112953158
0.9695133551, 0.7556476579
0.4847566776, 0.3778238290
0.2423783388, 0.6889119145
0.6211891694, 0.3444559572
0.3105945847, 0.1722279786
0.6552972923, 0.5861139893
0.8276486462, 0.2930569947
0.9138243231, 0.6465284973
0.9569121615, 0.8232642487
0.9784560808, 0.9116321243
0.4892280404, 0.4558160622
0.7446140202, 0.7279080311
0.3723070101, 0.8639540155
0.1861535050, 0.4319770078
0.5930767525, 0.7159885039
0.2965383763, 0.8579942519
0.1482691881, 0.4289971260
0.5741345941, 0.2144985630
0.2870672970, 0.1072492815
0.6435336485, 0.0536246407
0.3217668243, 0.5268123204
0.1608834121, 0.7634061602
0.5804417061, 0.3817030801
0.7902208530, 0.1908515400
0.8951104265, 0.0954257700
0.9475552133, 0.0477128850
0.9737776066, 0.5238564425
0.9868888033, 0.2619282213
0.9934444017, 0.6309641106
0.9967222008, 0.8154820553
0.9983611004, 0.4077410277
0.9991805502, 0.7038705138
0.9995902751, 0.3519352569
0.4997951376, 0.1759676285
0.7498975688, 0.5879838142
0.3749487844, 0.2939919071
0.6874743922, 0.1469959536
0.3437371961, 0.0734979768
0.6718685980, 0.5367489884
0.8359342990, 0.2683744942
0.9179671495, 0.6341872471
0.4589835748, 0.3170936235
0.2294917874, 0.6585468118
0.1147458937, 0.3292734059
0.0573729468, 0.6646367029
0.5286864734, 0.3323183515
0.7643432367, 0.6661591757
0.8821716184, 0.3330795879
0.9410858092, 0.6665397939
0.4705429046, 0.3332698970
0.7352714523, 0.6666349485
0.8676357261, 0.3333174742
0.9338178631, 0.1666587371
0.9669089315, 0.5833293686
0.9834544658, 0.7916646843
0.9917272329, 0.3958323421
0.4958636164, 0.6979161711
0.7479318082, 0.3489580855
0.8739659041, 0.1744790428
0.9369829521, 0.5872395214
0.9684914760, 0.7936197607
0.4842457380, 0.8968098803
0.2421228690, 0.9484049402
0.1210614345, 0.4742024701
0.5605307173, 0.7371012350
0.2802653586, 0.3685506175
0.1401326793, 0.6842753088
0.5700663397, 0.8421376544
0.7850331698, 0.9210688272
0.8925165849, 0.4605344136
0.9462582925, 0.7302672068
0.4731291462, 0.8651336034
0.7365645731, 0.4325668017
0.8682822866, 0.7162834008
0.4341411433, 0.3581417004
0.7170705716, 0.6790708502
0.8585352858, 0.3395354251
0.9292676429, 0.1697677126
0.9646338215, 0.5848838563
0.4823169107, 0.7924419281
0.2411584554, 0.8962209641
0.1205792277, 0.4481104820
0.5602896138, 0.2240552410
0.7801448069, 0.1120276205
0.3900724035, 0.5560138103
0.1950362017, 0.2780069051
0.0975181009, 0.6390034526
0.0487590504, 0.8195017263
0.0243795252, 0.4097508631
0.5121897626, 0.2048754316
0.7560948813, 0.1024377158
0.8780474407, 0.5512188579
0.4390237203, 0.2756094289
0.2195118602, 0.6378047145
0.1097559301, 0.3189023572
0.0548779650, 0.1594511786
0.5274389825, 0.5797255893
0.7637194913, 0.2898627947
0.3818597456, 0.1449313973
0.1909298728, 0.0724656987
