0.2500000000, 0.2500000000
0.6250000000, 0.1250000000
0.8125000000, 0.5625000000
0.4062500000, 0.2812500000
0.2031250000, 0.1406250000
0.6015625000, 0.0703125000
0.3007812500, 0.5351562500
0.1503906250, 0.7675781250
0.0751953125, 0.3837890625
0.0375976562, 0.1918945312
0.0187988281, 0.0959472656
0.5093994141, 0.0479736328
0.2546997070, 0.5239868164
0.1273498535, 0.2619934082
0.5636749268, 0.6309967041
0.2818374634, 0.3154983521
0.1409187317, 0.1577491760
0.5704593658, 0.5788745880
0.2852296829, 0.2894372940
0.6426148415, 0.1447186470
0.3213074207, 0.0723593235
0.1606537104, 0.0361796618
0.5803268552, 0.0180898309
0.2901634276, 0.0090449154
0.1450817138, 0.0045224577
0.0725408569, 0.5022612289
0.0362704284, 0.7511306144
0.0181352142, 0.3755653072
0.5090676071, 0.1877826536
0.2545338036, 0.5938913268
0.6272669018, 0.7969456634
0.8136334509, 0.8984728317
0.4068167254, 0.4492364159
0.7034083627, 0.2246182079
0.3517041814, 0.6123091040
0.1758520907, 0.3061545520
0.0879260453, 0.1530772760
0.5439630227, 0.0765386380
0.2719815113, 0.5382693190
0.6359907557, 0.2691346595
0.8179953778, 0.6345673297
0.9089976889, 0.3172836649
0.4544988445, 0.1586418324
0.7272494222, 0.0793209162
0.8636247111, 0.5396604581
0.9318123556, 0.7698302291
0.9659061778, 0.3849151145
0.4829530889, 0.1924575573
0.2414765444, 0.0962287786
0.6207382722, 0.0481143893
0.8103691361, 0.0240571947
0.9051845681, 0.5120285973
0.9525922840, 0.7560142987
0.4762961420, 0.3780071493
0.2381480710, 0.1890035747
0.6190740355, 0.0945017873
0.3095370178, 0.0472508937
0.6547685089, 0.5236254468
0.8273842544, 0.2618127234
0.9136921272, 0.1309063617
0.4568460636, 0.0654531809
0.7284230318, 0.5327265904
0.3642115159, 0.7663632952
0.6821057580, 0.3831816476
0.8410528790, 0.1915908238
0.4205264395, 0.0957954119
0.2102632197, 0.0478977060
0.6051316099, 0.0239488530
0.8025658049, 0.5119744265
0.9012829025, 0.2559872132
0.9506414512, 0.1279936066
0.4753207256, 0.0639968033
0.2376603628, 0.5319984017
0.1188301814, 0.2659992008
0.0594150907, 0.1329996004
0.5297075454, 0.5664998002
0.7648537727, 0.2832499001
0.8824268863, 0.1416249501
0.9412134432, 0.5708124750
0.9706067216, 0.7854062375
0.9853033608, 0.8927031188
0.4926516804, 0.4463515594
0.2463258402, 0.2231757797
0.1231629201, 0.6115878898
0.0615814600, 0.3057939449
0.5307907300, 0.1528969725
0.7653953650, 0.5764484862
0.3826976825, 0.2882242431
0.6913488413, 0.1441121216
0.3456744206, 0.5720560608
0.6728372103, 0.2860280304
0.3364186052, 0.6430140152
0.1682093026, 0.3215070076
0.0841046513, 0.1607535038
0.5420523256, 0.0803767519
0.2710261628, 0.0401883759
0.6355130814, 0.0200941880
0.8177565407, 0.5100470940
0.9088782704, 0.7550235470
0.9544391352, 0.8775117735
0.9772195676, 0.4387558867
0.4886097838, 0.7193779434
0.2443048919, 0.3596889717
0.6221524459, 0.6798444858
0.8110762230, 0.3399222429
0.4055381115, 0.6699611215
0.2027690557, 0.3349805607
0.6013845279, 0.1674902804
0.8006922639, 0.0837451402
0.4003461320, 0.5418725701
0.2001730660, 0.2709362850
0.1000865330, 0.1354681425
0.5500432665, 0.0677340713
0.7750216332, 0.0338670356
0.3875108166, 0.5169335178
0.1937554083, 0.2584667589
0.5968777042, 0.6292333795
0.2984388521, 0.3146166897
0.1492194260, 0.6573083449
0.0746097130, 0.3286541724
0.5373048565, 0.6643270862
0.7686524283, 0.8321635431
0.8843262141, 0.9160817716
0.4421631071, 0.4580408858
0.2210815535, 0.2290204429
0.6105407768, 0.1145102214
0.3052703884, 0.5572551107
0.1526351942, 0.2786275554
0.0763175971, 0.1393137777
0.0381587985, 0.5696568888
0.5190793993, 0.7848284444
0.2595396996, 0.8924142222
0.1297698498, 0.4462071111
0.0648849249, 0.2231035556
0.0324424625, 0.1115517778
0.5162212312, 0.5557758889
0.2581106156, 0.7778879444
0.6290553078, 0.3889439722
0.8145276539, 0.6944719861
0.4072638270, 0.3472359931
0.2036319135, 0.1736179965
0.1018159567, 0.5868089983
0.0509079784, 0.7934044991
0.0254539892, 0.3967022496
0.0127269946, 0.1983511248
0.5063634973, 0.0991755624
0.2531817486, 0.5495877812
0.1265908743, 0.2747938906
0.5632954372, 0.6373969453
0.2816477186, 0.8186984726
0.1408238593, 0.4093492363
0.0704119296, 0.2046746182
0.5352059648, 0.1023373091
0.2676029824, 0.0511686545
0.1338014912, 0.5255843273
0.5669007456, 0.2627921636
0.2834503728, 0.1313960818
0.1417251864, 0.0656980409
0.0708625932, 0.0328490205
0.5354312966, 0.0164245102
0.7677156483, 0.0082122551
0.8838578242, 0.0041061276
0.4419289121, 0.5020530638
0.7209644560, 0.2510265319
0.8604822280, 0.1255132659
0.4302411140, 0.0627566330
0.2151205570, 0.5313783165
0.6075602785, 0.2656891582
0.8037801393, 0.6328445791
0.4018900696, 0.3164222896
0.7009450348, 0.6582111448
0.3504725174, 0.3291055724
0.1752362587, 0.1645527862
0.0876181294, 0.0822763931
0.5438090647, 0.5411381965
0.2719045323, 0.7705690983
0.6359522662, 0.3852845491
0.8179761331, 0.6926422746
0.9089880665, 0.3463211373
0.9544940333, 0.6731605686
0.4772470166, 0.3365802843
0.2386235083, 0.6682901422
0.6193117542, 0.3341450711
0.8096558771, 0.1670725355
0.4048279385, 0.5835362678
0.2024139693, 0.2917681339
0.6012069846, 0.6458840669
0.8006034923, 0.3229420335
0.4003017462, 0.1614710167
0.2001508731, 0.0807355084
0.1000754365, 0.5403677542
0.0500377183, 0.2701838771
0.5250188591, 0.1350919385
0.7625094296, 0.0675459693
0.3812547148, 0.0337729846
0.6906273574, 0.5168864923
0.3453136787, 0.7584432462
0.6726568393, 0.8792216231
0.8363284197, 0.9396108115
0.9181642098, 0.9698054058
0.4590821049, 0.9849027029
0.2295410525, 0.4924513514
0.1147705262, 0.2462256757
0.5573852631, 0.1231128379
0.7786926316, 0.0615564189
0.3893463158, 0.5307782095
0.1946731579, 0.2653891047
0.5973365789, 0.1326945524
0.2986682895, 0.5663472762
0.6493341447, 0.2831736381
0.3246670724, 0.6415868190
0.6623335362, 0.3207934095
0.8311667681, 0.1603967048
0.9155833840, 0.0801983524
0.9577916920, 0.5400991762
0.4788958460, 0.7700495881
0.2394479230, 0.8850247940
0.1197239615, 0.9425123970
0.0598619808, 0.9712561985
0.0299309904, 0.4856280993
0.5149654952, 0.2428140496
0.7574827476, 0.1214070248
0.3787413738, 0.0607035124
0.6893706869, 0.5303517562
0.3446853434, 0.7651758781
0.6723426717, 0.8825879391
0.8361713359, 0.9412939695
0.4180856679, 0.4706469848
0.7090428340, 0.2353234924
0.8545214170, 0.6176617462
0.9272607085, 0.8088308731
0.9636303542, 0.9044154365
0.4818151771, 0.9522077183
0.7409075886, 0.4761038591
0.8704537943, 0.7380519296
0.9352268971, 0.3690259648
0.4676134486, 0.1845129824
0.2338067243, 0.5922564912
0.1169033621, 0.2961282456
0.0584516811, 0.6480641228
0.0292258405, 0.3240320614
0.5146129203, 0.6620160307
0.7573064601, 0.3310080153
0.3786532301, 0.1655040077
0.1893266150, 0.0827520038
0.5946633075, 0.5413760019
0.7973316538, 0.7706880010
0.3986658269, 0.3853440005
0.1993329134, 0.6926720002
0.0996664567, 0.3463360001
0.0498332284, 0.1731680001
0.0249166142, 0.5865840000
0.0124583071, 0.2932920000
0.5062291535, 0.6466460000
0.7531145768, 0.3233230000
0.3765572884, 0.1616615000
0.6882786442, 0.0808307500
0.3441393221, 0.0404153750
0.1720696610, 0.0202076875
0.5860348305, 0.5101038438
0.7930174153, 0.7550519219
0.3965087076, 0.3775259609
0.6982543538, 0.1887629805
0.3491271769, 0.5943814902
0.6745635885, 0.7971907451
0.8372817942, 0.8985953726
0.9186408971, 0.4492976863
0.9593204486, 0.2246488431
0.4796602243, 0.6123244216
0.2398301121, 0.8061622108
0.1199150561, 0.4030811054
0.0599575280, 0.2015405527
0.5299787640, 0.6007702763
0.7649893820, 0.8003851382
0.8824946910, 0.9001925691
0.9412473455, 0.9500962845
0.9706236728, 0.9750481423
0.4853118364, 0.4875240711
0.7426559182, 0.2437620356
0.8713279591, 0.6218810178
0.9356639795, 0.3109405089
0.9678319898, 0.6554702544
0.9839159949, 0.3277351272
0.9919579974, 0.1638675636
0.9959789987, 0.0819337818
0.9979894994, 0.5409668909
0.9989947497, 0.2704834455
0.9994973748, 0.1352417227
0.4997486874, 0.0676208614
0.7498743437, 0.0338104307
0.3749371719, 0.0169052153
0.1874685859, 0.0084526077
0.5937342930, 0.5042263038
0.2968671465, 0.2521131519
0.6484335732, 0.6260565760
0.3242167866, 0.3130282880
0.6621083933, 0.6565141440
0.3310541967, 0.8282570720
0.1655270983, 0.9141285360
0.5827635492, 0.9570642680
0.7913817746, 0.4785321340
0.8956908873, 0.2392660670
0.4478454436, 0.6196330335
0.2239227218, 0.3098165167
0.6119613609, 0.1549082584
0.3059806805, 0.5774541292
0.6529903402, 0.2887270646
0.3264951701, 0.6443635323
0.1632475851, 0.3221817661
0.5816237925, 0.1610908831
0.7908118963, 0.5805454415
0.3954059481, 0.7902727208
0.6977029741, 0.3951363604
0.3488514870, 0.6975681802
0.1744257435, 0.8487840901
0.0872128718, 0.9243920450
0.0436064359, 0.4621960225
0.0218032179, 0.7310980113
0.5109016090, 0.3655490056
0.7554508045, 0.1827745028
0.8777254022, 0.5913872514
0.9388627011, 0.7956936257
0.4694313506, 0.3978468129
0.2347156753, 0.1989234064
0.6173578376, 0.0994617032
0.8086789188, 0.5497308516
0.4043394594, 0.7748654258
0.2021697297, 0.3874327129
0.6010848649, 0.6937163565
0.3005424324, 0.3468581782
0.1502712162, 0.1734290891
0.0751356081, 0.5867145446
0.5375678041, 0.2933572723
0.7687839020, 0.1466786361
0.8843919510, 0.0733393181
0.4421959755, 0.5366696590
0.7210979878, 0.2683348295
0.8605489939, 0.1341674148
0.9302744969, 0.0670837074
0.9651372485, 0.0335418537
0.9825686242, 0.0167709268
0.9912843121, 0.5083854634
0.4956421561, 0.2541927317
0.2478210780, 0.6270963659
0.6239105390, 0.3135481829
0.3119552695, 0.6567740915
0.1559776348, 0.3283870457
0.5779888174, 0.6641935229
0.7889944087, 0.8320967614
0.8944972043, 0.9160483807
0.4472486022, 0.4580241904
0.7236243011, 0.7290120952
0.3618121505, 0.8645060476
0.1809060753, 0.9322530238
0.5904530376, 0.4661265119
0.7952265188, 0.2330632559
0.8976132594, 0.6165316280
0.4488066297, 0.8082658140
0.7244033149, 0.4041329070
0.8622016574, 0.7020664535
0.4311008287, 0.3510332267
0.2155504144, 0.1755166134
0.6077752072, 0.0877583067
0.8038876036, 0.5438791533
0.4019438018, 0.2719395767
0.2009719009, 0.6359697883
0.1004859504, 0.3179848942
0.0502429752, 0.1589924471
0.5251214876, 0.5794962235
0.2625607438, 0.7897481118
0.1312803719, 0.3948740559
0.0656401860, 0.6974370279
0.5328200930, 0.3487185140
0.2664100465, 0.6743592570
0.1332050232, 0.8371796285
0.0666025116, 0.4185898142
0.0333012558, 0.2092949071
0.5166506279, 0.1046474536
0.7583253140, 0.5523237268
0.8791626570, 0.7761618634
0.9395813285, 0.8880809317
0.4697906642, 0.4440404658
0.2348953321, 0.7220202329
0.6174476661, 0.3610101165
0.8087238330, 0.6805050582
0.9043619165, 0.3402525291
0.4521809583, 0.6701262646
0.2260904791, 0.3350631323
0.1130452396, 0.1675315661
0.0565226198, 0.0837657831
0.5282613099, 0.5418828915
0.2641306549, 0.2709414458
0.1320653275, 0.6354707229
0.0660326637, 0.3177353614
0.5330163319, 0.6588676807
0.2665081659, 0.3294338404
0.1332540830, 0.1647169202
0.5666270415, 0.5823584601
0.2833135207, 0.7911792300
0.1416567604, 0.8955896150
0.0708283802, 0.9477948075
0.5354141901, 0.4738974038
0.2677070950, 0.7369487019
0.1338535475, 0.3684743509
0.0669267738, 0.6842371755
0.0334633869, 0.3421185877
0.5167316934, 0.6710592939
0.2583658467, 0.3355296469
0.1291829234, 0.1677648235
0.0645914617, 0.5838824117
0.0322957308, 0.2919412059
0.5161478654, 0.1459706029
0.7580739327, 0.0729853015
0.3790369664, 0.0364926507
0.1895184832, 0.0182463254
0.5947592416, 0.0091231627
0.7973796208, 0.5045615813
0.3986898104, 0.2522807907
0.6993449052, 0.6261403953
0.8496724526, 0.3130701977
0.9248362263, 0.1565350988
0.9624181131, 0.5782675494
0.9812090566, 0.2891337747
0.4906045283, 0.6445668874
0.2453022641, 0.8222834437
0.6226511321, 0.4111417218
0.8113255660, 0.7055708609
0.9056627830, 0.3527854305
0.9528313915, 0.6763927152
0.9764156958, 0.8381963576
0.9882078479, 0.9190981788
0.9941039239, 0.4595490894
0.9970519620, 0.7297745447
0.4985259810, 0.3648872724
0.7492629905, 0.6824436362
0.8746314952, 0.8412218181
0.4373157476, 0.9206109090
0.7186578738, 0.4603054545
0.3593289369, 0.7301527273
0.1796644685, 0.8650763636
0.0898322342, 0.9325381818
0.5449161171, 0.4662690909
0.2724580586, 0.7331345455
0.1362290293, 0.8665672727
0.0681145146, 0.9332836364
0.0340572573, 0.9666418182
0.0170286287, 0.4833209091
0.5085143143, 0.2416604545
0.2542571572, 0.1208302273
0.6271285786, 0.0604151136
0.3135642893, 0.0302075568
0.1567821446, 0.0151037784
0.0783910723, 0.5075518892
0.5391955362, 0.2537759446
0.2695977681, 0.6268879723
0.1347988840, 0.3134439862
0.0673994420, 0.1567219931
0.5336997210, 0.5783609965
0.7668498605, 0.7891804983
0.8834249303, 0.3945902491
0.9417124651, 0.1972951246
0.9708562326, 0.0986475623
0.9854281163, 0.5493237811
0.4927140581, 0.2746618906
0.7463570291, 0.6373309453
0.8731785145, 0.3186654726
0.4365892573, 0.6593327363
0.7182946286, 0.3296663682
0.8591473143, 0.6648331841
0.9295736572, 0.3324165920
0.9647868286, 0.1662082960
0.9823934143, 0.5831041480
0.4911967071, 0.7915520740
0.7455983536, 0.3957760370
0.8727991768, 0.1978880185
0.9363995884, 0.5989440093
0.9681997942, 0.7994720046
0.9840998971, 0.3997360023
0.4920499485, 0.6998680012
0.2460249743, 0.3499340006
0.6230124871, 0.6749670003
0.3115062436, 0.8374835001
0.1557531218, 0.4187417501
0.0778765609, 0.2093708750
0.5389382804, 0.6046854375
0.7694691402, 0.3023427188
0.8847345701, 0.6511713594
0.4423672851, 0.8255856797
0.7211836425, 0.4127928398
0.8605918213, 0.2063964199
0.9302959106, 0.6031982100
0.4651479553, 0.8015991050
0.2325739777, 0.9007995525
0.1162869888, 0.4503997762
0.5581434944, 0.2251998881
0.7790717472, 0.6125999441
0.3895358736, 0.3062999720
0.6947679368, 0.1531499860
0.8473839684, 0.5765749930
0.9236919842, 0.7882874965
0.4618459921, 0.8941437483
0.2309229961, 0.4470718741
0.1154614980, 0.7235359371
0.0577307490, 0.8617679685
0.0288653745, 0.4308839843
0.5144326873, 0.7154419921
0.7572163436, 0.3577209961
0.8786081718, 0.1788604980
0.9393040859, 0.5894302490
0.9696520430, 0.7947151245
0.9848260215, 0.3973575623
0.9924130107, 0.1986787811
0.9962065054, 0.5993393906
0.4981032527, 0.2996696953
0.2490516263, 0.6498348476
0.1245258132, 0.3249174238
0.0622629066, 0.1624587119
0.5311314533, 0.0812293560
0.7655657266, 0.0406146780
0.8827828633, 0.5203073390
0.9413914317, 0.7601536695
0.4706957158, 0.3800768347
0.2353478579, 0.1900384174
0.6176739290, 0.0950192087
0.8088369645, 0.0475096043
0.9044184822, 0.0237548022
0.4522092411, 0.5118774011
0.7261046206, 0.2559387005
0.8630523103, 0.6279693503
0.9315261551, 0.8139846751
0.4657630776, 0.9069923376
0.2328815388, 0.9534961688
0.1164407694, 0.9767480844
0.0582203847, 0.4883740422
0.5291101923, 0.7441870211
0.2645550962, 0.3720935105
0.1322775481, 0.6860467553
0.0661387740, 0.3430233776
0.0330693870, 0.1715116888
0.5165346935, 0.0857558444
0.7582673468, 0.5428779222
0.8791336734, 0.7714389611
0.9395668367, 0.8857194806
0.9697834183, 0.9428597403
0.4848917092, 0.9714298701
0.7424458546, 0.4857149351
0.8712229273, 0.7428574675
0.9356114636, 0.3714287338
0.9678057318, 0.6857143669
0.9839028659, 0.8428571834
0.4919514330, 0.9214285917
0.7459757165, 0.4607142959
0.8729878582, 0.7303571479
0.9364939291, 0.3651785740
0.4682469646, 0.1825892870
0.7341234823, 0.0912946435
0.8670617411, 0.0456473217
0.9335308706, 0.5228236609
0.4667654353, 0.2614118304
0.2333827176, 0.1307059152
0.1166913588, 0.0653529576
0.5583456794, 0.0326764788
0.2791728397, 0.0163382394
0.1395864199, 0.5081691197
0.0697932099, 0.2540845599
0.0348966050, 0.1270422799
0.5174483025, 0.0635211400
0.7587241512, 0.5317605700
0.8793620756, 0.7658802850
0.4396810378, 0.8829401425
0.2198405189, 0.4414700712
0.6099202595, 0.2207350356
0.3049601297, 0.1103675178
0.1524800649, 0.0551837589
0.5762400324, 0.0275918795
0.2881200162, 0.0137959397
0.1440600081, 0.0068979699
0.0720300041, 0.5034489849
0.0360150020, 0.2517244925
0.5180075010, 0.6258622462
0.2590037505, 0.3129311231
0.1295018753, 0.6564655616
0.0647509376, 0.3282327808
0.0323754688, 0.6641163904
0.5161877344, 0.3320581952
0.2580938672, 0.1660290976
0.6290469336, 0.0830145488
0.3145234668, 0.5415072744
0.1572617334, 0.2707536372
0.0786308667, 0.1353768186
0.5393154334, 0.5676884093
0.2696577167, 0.2838442046
0.6348288583, 0.6419221023
0.8174144292, 0.3209610512
0.9087072146, 0.1604805256
0.9543536073, 0.5802402628
0.9771768036, 0.7901201314
0.4885884018, 0.3950600657
0.7442942009, 0.6975300328
0.8721471005, 0.8487650164
0.4360735502, 0.4243825082
0.2180367751, 0.2121912541
0.1090183876, 0.6060956271
0.0545091938, 0.3030478135
0.0272545969, 0.1515239068
0.0136272984, 0.5757619534
0.0068136492, 0.2878809767
0.5034068246, 0.1439404883
0.2517034123, 0.0719702442
0.1258517062, 0.5359851221
0.5629258531, 0.2679925610
0.7814629265, 0.6339962805
0.3907314633, 0.3169981403
0.6953657316, 0.6584990701
0.3476828658, 0.3292495351
0.1738414329, 0.1646247675
0.0869207165, 0.5823123838
0.5434603582, 0.2911561919
0.2717301791, 0.6455780959
0.1358650896, 0.3227890480
0.0679325448, 0.1613945240
0.5339662724, 0.5806972620
0.2669831362, 0.2903486310
0.6334915681, 0.6451743155
0.8167457840, 0.3225871577
0.4083728920, 0.6612935789
0.7041864460, 0.3306467894
0.8520932230, 0.6653233947
0.4260466115, 0.3326616974
0.2130233058, 0.1663308487
0.6065116529, 0.0831654243
0.8032558264, 0.5415827122
0.9016279132, 0.2707913561
0.9508139566, 0.6353956780
0.4754069783, 0.8176978390
0.2377034892, 0.4088489195
0.6188517446, 0.2044244598
0.8094258723, 0.6022122299
0.4047129361, 0.8011061149
0.7023564681, 0.9005530575
0.8511782340, 0.4502765287
0.4255891170, 0.2251382644
0.2127945585, 0.1125691322
0.1063972793, 0.0562845661
0.5531986396, 0.0281422830
0.7765993198, 0.5140711415
0.8882996599, 0.7570355708
0.4441498300, 0.8785177854
0.7220749150, 0.4392588927
0.3610374575, 0.7196294463
0.6805187287, 0.3598147232
0.8402593644, 0.1799073616
0.9201296822, 0.5899536808
0.4600648411, 0.7949768404
0.7300324205, 0.3974884202
0.8650162103, 0.1987442101
0.9325081051, 0.0993721050
0.4662540526, 0.0496860525
0.2331270263, 0.5248430263
0.6165635131, 0.2624215131
0.8082817566, 0.6312107566
0.9041408783, 0.3156053783
0.4520704391, 0.1578026891
0.2260352196, 0.0789013446
0.6130176098, 0.0394506723
0.8065088049, 0.5197253361
0.4032544024, 0.2598626681
0.2016272012, 0.6299313340
0.6008136006, 0.3149656670
0.8004068003, 0.6574828335
0.4002034002, 0.3287414168
0.7001017001, 0.1643707084
0.8500508500, 0.5821853542
0.9250254250, 0.7910926771
0.4625127125, 0.3955463385
0.2312563563, 0.6977731693
0.1156281781, 0.8488865846
0.0578140891, 0.4244432923
0.0289070445, 0.2122216462
0.5144535223, 0.6061108231
0.7572267611, 0.3030554115
0.3786133806, 0.1515277058
0.1893066903, 0.0757638529
0.5946533451, 0.0378819264
0.7973266726, 0.5189409632
0.8986633363, 0.7594704816
0.9493316681, 0.8797352408
0.4746658341, 0.9398676204
0.2373329170, 0.4699338102
0.6186664585, 0.7349669051
0.8093332293, 0.8674834526
0.4046666146, 0.9337417263
0.2023333073, 0.4668708631
0.6011666537, 0.2334354316
0.3005833268, 0.6167177158
0.1502916634, 0.3083588579
0.5751458317, 0.1541794289
0.2875729159, 0.0770897145
0.6437864579, 0.0385448572
0.3218932290, 0.0192724286
0.1609466145, 0.0096362143
0.5804733072, 0.5048181072
0.2902366536, 0.2524090536
0.6451183268, 0.1262045268
0.3225591634, 0.5631022634
0.6612795817, 0.2815511317
0.8306397909, 0.1407755658
0.4153198954, 0.5703877829
0.2076599477, 0.2851938915
0.1038299739, 0.1425969457
0.0519149869, 0.0712984729
0.0259574935, 0.0356492364
0.5129787467, 0.0178246182
0.7564893734, 0.5089123091
0.8782446867, 0.7544561546
0.4391223433, 0.3772280773
0.2195611717, 0.1886140386
0.1097805858, 0.0943070193
0.0548902929, 0.0471535097
0.0274451465, 0.0235767548
0.5137225732, 0.5117883774
0.7568612866, 0.7558941887
0.3784306433, 0.3779470944
0.1892153217, 0.1889735472
0.0946076608, 0.0944867736
0.0473038304, 0.0472433868
0.5236519152, 0.5236216934
0.7618259576, 0.2618108467
0.8809129788, 0.6309054233
0.9404564894, 0.8154527117
0.9702282447, 0.4077263558
0.9851141224, 0.2038631779
0.4925570612, 0.1019315890
0.2462785306, 0.0509657945
0.1231392653, 0.0254828972
0.5615696326, 0.0127414486
0.2807848163, 0.5063707243
0.1403924082, 0.2531853622
0.5701962041, 0.6265926811
0.7850981020, 0.3132963405
0.3925490510, 0.6566481703
0.6962745255, 0.8283240851
0.3481372628, 0.4141620426
0.1740686314, 0.2070810213
0.5870343157, 0.1035405106
0.7935171578, 0.0517702553
0.8967585789, 0.5258851277
0.9483792895, 0.7629425638
0.4741896447, 0.3814712819
0.7370948224, 0.1907356410
0.8685474112, 0.5953678205
0.4342737056, 0.7976839102
0.7171368528, 0.3988419551
0.3585684264, 0.6994209776
0.1792842132, 0.8497104888
0.5896421066, 0.4248552444
0.2948210533, 0.2124276222
0.1474105266, 0.1062138111
0.5737052633, 0.0531069055
0.7868526317, 0.0265534528
0.3934263158, 0.0132767264
0.6967131579, 0.0066383632
0.3483565790, 0.5033191816
0.1741782895, 0.2516595908
0.0870891447, 0.6258297954
0.5435445724, 0.3129148977
0.2717722862, 0.1564574488
0.6358861431, 0.0782287244
0.8179430715, 0.5391143622
0.4089715358, 0.2695571811
0.7044857679, 0.6347785906
0.8522428839, 0.8173892953
0.4261214420, 0.4086946476
0.2130607210, 0.2043473238
0.6065303605, 0.1021736619
0.8032651802, 0.5510868310
0.4016325901, 0.7755434155
0.7008162951, 0.3877717077
0.3504081475, 0.6938858539
0.1752040738, 0.8469429269
0.5876020369, 0.4234714635
0.7938010184, 0.7117357317
0.8969005092, 0.3558678659
0.9484502546, 0.1779339329
0.4742251273, 0.0889669665
0.7371125637, 0.0444834832
0.3685562818, 0.5222417416
0.1842781409, 0.7611208708
0.5921390705, 0.3805604354
0.7960695352, 0.6902802177
0.3980347676, 0.3451401089
0.6990173838, 0.1725700544
0.8495086919, 0.5862850272
0.4247543460, 0.7931425136
0.2123771730, 0.8965712568
0.6061885865, 0.9482856284
0.8030942932, 0.9741428142
0.4015471466, 0.9870714071
0.7007735733, 0.9935357036
0.3503867867, 0.4967678518
0.1751933933, 0.2483839259
0.0875966967, 0.1241919629
0.5437983483, 0.0620959815
0.2718991742, 0.5310479907
0.1359495871, 0.2655239954
0.0679747935, 0.6327619977
0.0339873968, 0.3163809988
0.5169936984, 0.1581904994
0.7584968492, 0.5790952497
0.8792484246, 0.2895476249
0.9396242123, 0.6447738124
0.9698121061, 0.3223869062
0.9849060531, 0.6611934531
0.9924530265, 0.3305967266
0.9962265133, 0.6652983633
0.4981132566, 0.8326491816
0.2490566283, 0.4163245908
0.6245283142, 0.7081622954
0.8122641571, 0.8540811477
0.9061320785, 0.9270405739
0.4530660393, 0.4635202869
0.7265330196, 0.2317601435
0.3632665098, 0.1158800717
0.1816332549, 0.0579400359
0.5908166275, 0.0289700179
0.7954083137, 0.0144850090
0.8977041569, 0.5072425045
0.9488520784, 0.7536212522
0.4744260392, 0.8768106261
0.2372130196, 0.4384053131
0.6186065098, 0.2192026565
0.8093032549, 0.6096013283
0.9046516275, 0.8048006641
0.4523258137, 0.9024003321
0.7261629069, 0.4512001660
0.3630814534, 0.7256000830
0.1815407267, 0.3628000415
0.0907703634, 0.1814000208
0.0453851817, 0.0907000104
0.5226925908, 0.0453500052
0.2613462954, 0.0226750026
0.6306731477, 0.5113375013
0.8153365739, 0.7556687506
0.4076682869, 0.8778343753
0.2038341435, 0.9389171877
0.1019170717, 0.4694585938
0.5509585359, 0.2347292969
0.7754792679, 0.6173646485
0.8877396340, 0.8086823242
0.9438698170, 0.9043411621
0.9719349085, 0.4521705811
0.4859674542, 0.2260852905
0.7429837271, 0.1130426453
0.3714918636, 0.5565213226
0.6857459318, 0.2782606613
0.8428729659, 0.1391303307
0.9214364829, 0.0695651653
0.4607182415, 0.5347825827
0.2303591207, 0.2673912913
0.1151795604, 0.1336956457
0.5575897802, 0.0668478228
0.2787948901, 0.5334239114
0.1393974450, 0.2667119557
0.0696987225, 0.1333559779
0.0348493613, 0.0666779889
0.0174246806, 0.0333389945
0.5087123403, 0.0166694972
0.7543561702, 0.0083347486
0.8771780851, 0.0041673743
0.9385890425, 0.5020836872
0.9692945213, 0.7510418436
0.4846472606, 0.3755209218
0.7423236303, 0.6877604609
0.8711618152, 0.3438802304
0.4355809076, 0.1719401152
0.7177904538, 0.0859700576
0.3588952269, 0.5429850288
0.1794476134, 0.2714925144
0.0897238067, 0.1357462572
0.0448619034, 0.0678731286
0.5224309517, 0.0339365643
0.2612154758, 0.0169682822
0.6306077379, 0.5084841411
0.8153038690, 0.7542420705
0.4076519345, 0.3771210353
0.7038259672, 0.1885605176
0.3519129836, 0.0942802588
0.6759564918, 0.0471401294
0.3379782459, 0.0235700647
0.6689891230, 0.0117850324
0.3344945615, 0.0058925162
0.6672472807, 0.0029462581
0.8336236404, 0.5014731290
0.4168118202, 0.7507365645
0.2084059101, 0.3753682823
0.6042029550, 0.6876841411
0.8021014775, 0.3438420706
0.9010507388, 0.6719210353
0.9505253694, 0.8359605176
0.9752626847, 0.9179802588
0.9876313423, 0.9589901294
0.9938156712, 0.4794950647
0.9969078356, 0.2397475324
0.9984539178, 0.1198737662
0.9992269589, 0.0599368831
0.4996134794, 0.5299684415
0.7498067397, 0.7649842208
0.8749033699, 0.8824921104
0.4374516849, 0.4412460552
0.7187258425, 0.7206230276
0.3593629212, 0.3603115138
0.1796814606, 0.6801557569
0.0898407303, 0.3400778784
0.0449203652, 0.1700389392
0.5224601826, 0.0850194696
0.2612300913, 0.5425097348
0.1306150456, 0.7712548674
0.0653075228, 0.3856274337
0.0326537614, 0.6928137169
0.5163268807, 0.8464068584
0.2581634404, 0.9232034292
0.1290817202, 0.9616017146
0.0645408601, 0.9808008573
0.0322704300, 0.9904004287
0.0161352150, 0.4952002143
0.0080676075, 0.2476001072
0.5040338038, 0.1238000536
0.7520169019, 0.5619000268
0.3760084509, 0.2809500134
0.6880042255, 0.1404750067
0.8440021127, 0.5702375033
0.9220010564, 0.7851187517
0.4610005282, 0.3925593758
0.2305002641, 0.1962796879
0.1152501320, 0.5981398440
0.0576250660, 0.2990699220
0.5288125330, 0.6495349610
0.7644062665, 0.8247674805
0.8822031333, 0.4123837402
0.4411015666, 0.2061918701
0.7205507833, 0.6030959351
0.8602753917, 0.3015479675
0.9301376958, 0.1507739838
0.9650688479, 0.5753869919
0.9825344240, 0.2876934959
0.9912672120, 0.6438467480
0.9956336060, 0.8219233740
0.9978168030, 0.4109616870
0.4989084015, 0.7054808435
0.2494542007, 0.8527404217
0.6247271004, 0.9263702109
0.8123635502, 0.9631851054
0.9061817751, 0.4815925527
0.9530908875, 0.7407962764
0.9765454438, 0.3703981382
0.4882727219, 0.6851990691
0.2441363609, 0.8425995345
0.1220681805, 0.9212997673
0.0610340902, 0.9606498836
0.5305170451, 0.4803249418
0.2652585226, 0.2401624709
0.1326292613, 0.1200812355
0.0663146306, 0.5600406177
0.5331573153, 0.7800203089
0.7665786577, 0.8900101544
0.8832893288, 0.9450050772
0.9416446644, 0.9725025386
0.4708223322, 0.9862512693
0.2354111661, 0.4931256347
0.6177055831, 0.2465628173
0.3088527915, 0.1232814087
0.6544263958, 0.0616407043
0.8272131979, 0.5308203522
0.9136065989, 0.7654101761
0.9568032995, 0.8827050880
0.9784016497, 0.9413525440
0.9892008249, 0.4706762720
0.4946004124, 0.2353381360
0.2473002062, 0.1176690680
0.1236501031, 0.0588345340
0.0618250516, 0.0294172670
0.5309125258, 0.5147086335
0.7654562629, 0.7573543168
0.8827281314, 0.8786771584
0.9413640657, 0.4393385792
0.9706820329, 0.2196692896
0.9853410164, 0.1098346448
0.9926705082, 0.0549173224
0.4963352541, 0.5274586612
0.2481676271, 0.2637293306
0.6240838135, 0.1318646653
0.8120419068, 0.0659323326
0.9060209534, 0.0329661663
0.4530104767, 0.0164830832
0.2265052383, 0.0082415416
0.1132526192, 0.0041207708
0.5566263096, 0.0020603854
0.2783131548, 0.0010301927
0.1391565774, 0.5005150963
0.5695782887, 0.7502575482
0.7847891443, 0.8751287741
0.3923945722, 0.9375643870
0.1961972861, 0.4687821935
0.0980986430, 0.2343910968
0.5490493215, 0.1171955484
0.7745246608, 0.5585977742
0.8872623304, 0.7792988871
0.9436311652, 0.3896494435
0.9718155826, 0.6948247218
0.9859077913, 0.3474123609
0.9929538956, 0.1737061804
0.9964769478, 0.0868530902
0.9982384739, 0.5434265451
0.9991192370, 0.7717132726
0.4995596185, 0.3858566363
0.7497798092, 0.1929283181
0.3748899046, 0.5964641591
0.6874449523, 0.7982320795
0.8437224762, 0.8991160398
0.9218612381, 0.9495580199
0.4609306190, 0.4747790099
0.7304653095, 0.7373895050
0.3652326548, 0.3686947525
0.1826163274, 0.1843473762
0.0913081637, 0.5921736881
0.0456540818, 0.7960868441
0.0228270409, 0.3980434220
0.0114135205, 0.1990217110
0.0057067602, 0.0995108555
0.0028533801, 0.0497554278
0.5014266901, 0.5248777139
0.2507133450, 0.7624388569
0.1253566725, 0.3812194285
0.0626783363, 0.6906097142
0.5313391681, 0.3453048571
0.2656695841, 0.1726524286
0.1328347920, 0.0863262143
0.5664173960, 0.0431631071
0.7832086980, 0.0215815536
0.3916043490, 0.5107907768
0.1958021745, 0.7553953884
0.0979010873, 0.3776976942
0.5489505436, 0.6888488471
0.7744752718, 0.8444244235
0.3872376359, 0.4222122118
0.6936188180, 0.7111061059
0.3468094090, 0.8555530529
0.6734047045, 0.9277765265
0.8367023522, 0.9638882632
0.4183511761, 0.9819441316
0.7091755881, 0.4909720658
0.8545877940, 0.2454860329
0.9272938970, 0.1227430165
0.9636469485, 0.5613715082
0.4818234743, 0.2806857541
0.2409117371, 0.1403428771
0.1204558686, 0.0701714385
0.5602279343, 0.0350857193
0.7801139671, 0.5175428596
0.3900569836, 0.2587714298
0.6950284918, 0.1293857149
0.8475142459, 0.0646928575
0.9237571229, 0.0323464287
0.9618785615, 0.5161732144
0.9809392807, 0.7580866072
0.9904696404, 0.8790433036
0.4952348202, 0.4395216518
0.7476174101, 0.2197608259
0.3738087050, 0.6098804129
0.1869043525, 0.8049402065
0.0934521763, 0.4024701032
0.0467260881, 0.2012350516
0.0233630441, 0.1006175258
0.5116815220, 0.0503087629
0.7558407610, 0.5251543815
0.8779203805, 0.7625771907
0.9389601903, 0.8812885954
0.9694800951, 0.4406442977
0.9847400476, 0.7203221488
0.9923700238, 0.8601610744
0.4961850119, 0.4300805372
0.2480925059, 0.7150402686
0.6240462530, 0.3575201343
0.8120231265, 0.6787600672
0.9060115632, 0.8393800336
0.4530057816, 0.4196900168
0.2265028908, 0.2098450084
0.1132514454, 0.6049225042
0.5566257227, 0.8024612521
0.7783128614, 0.9012306260
0.3891564307, 0.4506153130
0.1945782153, 0.7253076565
0.0972891077, 0.3626538283
0.5486445538, 0.6813269141
0.7743222769, 0.3406634571
0.3871611385, 0.1703317285
0.6935805692, 0.5851658643
0.3467902846, 0.7925829321
0.6733951423, 0.3962914661
0.8366975712, 0.1981457330
0.9183487856, 0.0990728665
0.9591743928, 0.0495364333
0.4795871964, 0.5247682166
0.7397935982, 0.7623841083
0.8698967991, 0.8811920542
0.9349483995, 0.4405960271
0.9674741998, 0.7202980135
0.4837370999, 0.3601490068
0.2418685499, 0.1800745034
0.6209342750, 0.5900372517
0.3104671375, 0.7950186258
0.1552335687, 0.3975093129
0.0776167844, 0.1987546565
0.5388083922, 0.5993773282
0.2694041961, 0.2996886641
0.6347020980, 0.1498443321
0.3173510490, 0.0749221660
0.6586755245, 0.0374610830
0.3293377623, 0.5187305415
0.6646688811, 0.7593652708
0.8323344406, 0.3796826354
0.4161672203, 0.1898413177
0.7080836101, 0.5949206588
0.3540418051, 0.7974603294
0.1770209025, 0.3987301647
0.0885104513, 0.1993650824
0.5442552256, 0.0996825412
0.2721276128, 0.0498412706
0.1360638064, 0.0249206353
0.0680319032, 0.5124603176
0.5340159516, 0.2562301588
0.7670079758, 0.6281150794
0.3835039879, 0.3140575397
0.6917519940, 0.1570287699
0.8458759970, 0.0785143849
0.9229379985, 0.5392571925
0.9614689992, 0.7696285962
0.9807344996, 0.3848142981
0.4903672498, 0.6924071491
0.2451836249, 0.3462035745
0.6225918125, 0.6731017873
0.8112959062, 0.8365508936
0.4056479531, 0.4182754468
0.7028239766, 0.2091377234
0.3514119883, 0.1045688617
0.6757059941, 0.0522844309
0.3378529971, 0.0261422154
0.6689264985, 0.5130711077
0.3344632493, 0.7565355539
0.6672316246, 0.8782677769
0.8336158123, 0.9391338885
0.9168079062, 0.9695669442
0.4584039531, 0.4847834721
0.7292019765, 0.7423917361
0.8646009883, 0.3711958680
0.9323004941, 0.1855979340
0.9661502471, 0.0927989670
0.9830751235, 0.0463994835
0.9915375618, 0.5231997418
0.9957687809, 0.2615998709
0.4978843904, 0.6307999354
0.2489421952, 0.8153999677
0.1244710976, 0.4076999839
0.5622355488, 0.7038499919
0.2811177744, 0.8519249960
0.1405588872, 0.4259624980
0.5702794436, 0.2129812490
0.2851397218, 0.6064906245
0.1425698609, 0.8032453122
0.0712849305, 0.4016226561
0.5356424652, 0.7008113281
0.2678212326, 0.3504056640
0.1339106163, 0.1752028320
0.0669553082, 0.5876014160
0.5334776541, 0.2938007080
0.7667388270, 0.6469003540
0.3833694135, 0.3234501770
0.1916847068, 0.6617250885
0.0958423534, 0.3308625443
0.5479211767, 0.6654312721
0.7739605883, 0.8327156361
0.3869802942, 0.4163578180
0.6934901471, 0.2081789090
0.8467450735, 0.1040894545
0.4233725368, 0.0520447273
0.7116862684, 0.5260223636
0.3558431342, 0.2630111818
0.6779215671, 0.1315055909
0.8389607835, 0.0657527955
0.9194803918, 0.5328763977
0.4597401959, 0.7664381989
0.2298700979, 0.3832190994
0.6149350490, 0.1916095497
0.3074675245, 0.0958047749
0.1537337622, 0.0479023874
0.5768668811, 0.5239511937
0.2884334406, 0.2619755969
0.1442167203, 0.6309877984
0.0721083601, 0.8154938992
0.5360541801, 0.4077469496
0.7680270900, 0.2038734748
0.8840135450, 0.6019367374
0.9420067725, 0.3009683687
0.9710033863, 0.1504841844
0.9855016931, 0.0752420922
0.4927508466, 0.5376210461
0.7463754233, 0.2688105230
0.8731877116, 0.6344052615
0.9365938558, 0.8172026308
0.9682969279, 0.9086013154
0.9841484640, 0.4543006577
0.9920742320, 0.2271503288
0.9960371160, 0.6135751644
0.4980185580, 0.3067875822
0.7490092790, 0.6533937911
0.8745046395, 0.3266968956
0.9372523197, 0.1633484478
0.4686261599, 0.0816742239
0.2343130799, 0.0408371119
0.6171565400, 0.0204185560
0.3085782700, 0.5102092780
0.1542891350, 0.2551046390
0.5771445675, 0.6275523195
0.2885722837, 0.3137761597
0.6442861419, 0.6568880799
0.8221430709, 0.8284440399
0.9110715355, 0.9142220200
0.4555357677, 0.9571110100
0.7277678839, 0.9785555050
0.8638839419, 0.9892777525
0.4319419710, 0.9946388762
0.2159709855, 0.9973194381
0.1079854927, 0.9986597191
0.0539927464, 0.4993298595
0.0269963732, 0.2496649298
0.5134981866, 0.6248324649
0.7567490933, 0.8124162324
0.3783745466, 0.4062081162
0.6891872733, 0.7031040581
0.3445936367, 0.3515520291
0.6722968183, 0.6757760145
0.3361484092, 0.8378880073
0.1680742046, 0.4189440036
0.0840371023, 0.7094720018
0.0420185511, 0.3547360009
0.0210092756, 0.1773680005
0.5105046378, 0.0886840002
0.7552523189, 0.0443420001
0.8776261594, 0.0221710001
0.9388130797, 0.5110855000
0.9694065399, 0.7555427500
0.4847032699, 0.3777713750
0.2423516350, 0.6888856875
0.6211758175, 0.3444428438
0.3105879087, 0.1722214219
0.6552939544, 0.5861107109
0.8276469772, 0.2930553555
0.9138234886, 0.6465276777
0.9569117443, 0.8232638389
0.9784558721, 0.9116319194
0.4892279361, 0.4558159597
0.7446139680, 0.7279079799
0.3723069840, 0.8639539899
0.1861534920, 0.4319769950
0.5930767460, 0.7159884975
0.2965383730, 0.8579942487
0.1482691865, 0.4289971244
0.5741345933, 0.2144985622
0.2870672966, 0.1072492811
0.6435336483, 0.0536246405
0.3217668242, 0.5268123203
0.1608834121, 0.7634061601
0.5804417060, 0.3817030801
0.7902208530, 0.1908515400
0.8951104265, 0.0954257700
0.9475552133, 0.0477128850
0.9737776066, 0.5238564425
0.9868888033, 0.2619282213
0.9934444017, 0.6309641106
0.9967222008, 0.8154820553
0.9983611004, 0.4077410277
0.9991805502, 0.7038705138
0.9995902751, 0.3519352569
0.4997951376, 0.1759676285
0.2498975688, 0.0879838142
0.1249487844, 0.0439919071
0.5624743922, 0.0219959536
0.2812371961, 0.0109979768
0.6406185980, 0.5054989884
0.8203092990, 0.2527494942
0.9101546495, 0.6263747471
0.4550773248, 0.3131873735
0.2275386624, 0.6565936868
0.1137693312, 0.3282968434
0.0568846656, 0.6641484217
0.5284423328, 0.3320742108
0.7642211664, 0.6660371054
0.8821105832, 0.3330185527
0.9410552916, 0.6665092764
0.9705276458, 0.8332546382
0.9852638229, 0.9166273191
0.9926319114, 0.4583136595
0.9963159557, 0.2291568298
0.9981579779, 0.6145784149
0.9990789889, 0.8072892074
0.9995394945, 0.4036446037
0.4997697472, 0.7018223019
0.7498848736, 0.3509111509
0.8749424368, 0.1754555755
0.9374712184, 0.5877277877
0.9687356092, 0.7938638939
0.4843678046, 0.8969319469
0.2421839023, 0.9484659735
0.1210919512, 0.4742329867
0.5605459756, 0.7371164934
0.2802729878, 0.3685582467
0.1401364939, 0.6842791233
0.5700682469, 0.8421395617
0.7850341235, 0.9210697808
0.8925170617, 0.4605348904
0.9462585309, 0.7302674452
0.4731292654, 0.8651337226
0.7365646327, 0.4325668613
0.8682823164, 0.7162834307
0.4341411582, 0.3581417153
0.7170705791, 0.6790708577
0.8585352895, 0.3395354288
0.9292676448, 0.1697677144
0.9646338224, 0.5848838572
0.4823169112, 0.7924419286
0.2411584556, 0.8962209643
0.1205792278, 0.4481104822
0.5602896139, 0.2240552411
0.7801448069, 0.1120276205
0.3900724035, 0.5560138103
0.1950362017, 0.2780069051
0.0975181009, 0.6390034526
0.0487590504, 0.8195017263
0.0243795252, 0.4097508631
0.5121897626, 0.2048754316
0.7560948813, 0.1024377158
0.8780474407, 0.5512188579
0.4390237203, 0.2756094289
0.2195118602, 0.6378047145
0.1097559301, 0.3189023572
0.0548779650, 0.1594511786
0.5274389825, 0.5797255893
0.7637194913, 0.2898627947
0.3818597456, 0.1449313973
0.6909298728, 0.5724656987
