0.2500000000, 0.2500000000
0.6250000000, 0.6250000000
0.8125000000, 0.3125000000
0.9062500000, 0.1562500000
0.4531250000, 0.5781250000
0.2265625000, 0.2890625000
0.1132812500, 0.1445312500
0.0566406250, 0.0722656250
0.0283203125, 0.0361328125
0.5141601562, 0.0180664062
0.7570800781, 0.5090332031
0.3785400391, 0.2545166016
0.1892700195, 0.1272583008
0.5946350098, 0.0636291504
0.2973175049, 0.5318145752
0.1486587524, 0.7659072876
0.0743293762, 0.3829536438
0.0371646881, 0.1914768219
0.0185823441, 0.0957384109
0.5092911720, 0.0478692055
0.2546455860, 0.5239346027
0.1273227930, 0.2619673014
0.0636613965, 0.1309836507
0.0318306983, 0.0654918253
0.0159153491, 0.0327459127
0.5079576746, 0.5163729563
0.2539788373, 0.2581864782
0.6269894186, 0.1290932391
0.3134947093, 0.0645466195
0.1567473547, 0.0322733098
0.5783736773, 0.0161366549
0.2891868387, 0.0080683274
0.1445934193, 0.0040341637
0.0722967097, 0.5020170819
0.5361483548, 0.2510085409
0.2680741774, 0.1255042705
0.6340370887, 0.0627521352
0.8170185444, 0.0313760676
0.9085092722, 0.5156880338
0.9542546361, 0.7578440169
0.9771273180, 0.8789220085
0.9885636590, 0.4394610042
0.4942818295, 0.7197305021
0.2471409148, 0.3598652511
0.1235704574, 0.1799326255
0.5617852287, 0.0899663128
0.2808926143, 0.5449831564
0.6404463072, 0.2724915782
0.8202231536, 0.6362457891
0.4101115768, 0.8181228945
0.2050557884, 0.4090614473
0.6025278942, 0.2045307236
0.8012639471, 0.6022653618
0.9006319735, 0.8011326809
0.9503159868, 0.4005663405
0.4751579934, 0.2002831702
0.2375789967, 0.1001415851
0.6187894983, 0.0500707926
0.8093947492, 0.0250353963
0.9046973746, 0.5125176981
0.9523486873, 0.7562588491
0.4761743436, 0.3781294245
0.2380871718, 0.1890647123
0.6190435859, 0.0945323561
0.3095217930, 0.0472661781
0.1547608965, 0.0236330890
0.5773804482, 0.0118165445
0.2886902241, 0.0059082723
0.1443451121, 0.0029541361
0.5721725560, 0.5014770681
0.7860862780, 0.2507385340
0.3930431390, 0.6253692670
0.6965215695, 0.3126846335
0.8482607848, 0.6563423168
0.9241303924, 0.8281711584
0.9620651962, 0.4140855792
0.9810325981, 0.7070427896
0.4905162990, 0.8535213948
0.7452581495, 0.4267606974
0.3726290748, 0.2133803487
0.1863145374, 0.6066901743
0.0931572687, 0.3033450872
0.0465786343, 0.1516725436
0.0232893172, 0.0758362718
0.5116446586, 0.0379181359
0.7558223293, 0.0189590679
0.8779111646, 0.5094795340
0.9389555823, 0.7547397670
0.4694777912, 0.3773698835
0.2347388956, 0.1886849417
0.1173694478, 0.0943424709
0.5586847239, 0.0471712354
0.2793423619, 0.0235856177
0.6396711810, 0.0117928089
0.3198355905, 0.0058964044
0.1599177952, 0.0029482022
0.5799588976, 0.0014741011
0.7899794488, 0.0007370506
0.8949897244, 0.0003685253
0.4474948622, 0.5001842626
0.2237474311, 0.2500921313
0.1118737156, 0.1250460657
0.5559368578, 0.0625230328
0.2779684289, 0.0312615164
0.6389842144, 0.0156307582
0.8194921072, 0.5078153791
0.9097460536, 0.7539076896
0.9548730268, 0.8769538448
0.9774365134, 0.4384769224
0.9887182567, 0.2192384612
0.4943591284, 0.1096192306
0.7471795642, 0.5548096153
0.3735897821, 0.7774048076
0.1867948910, 0.8887024038
0.0933974455, 0.4443512019
0.5466987228, 0.2221756010
0.7733493614, 0.1110878005
0.3866746807, 0.5555439002
0.1933373403, 0.2777719501
0.0966686702, 0.1388859751
0.5483343351, 0.0694429875
0.2741671675, 0.5347214938
0.1370835838, 0.7673607469
0.0685417919, 0.3836803734
0.0342708959, 0.1918401867
0.0171354480, 0.0959200934
0.0085677240, 0.5479600467
0.5042838620, 0.2739800233
0.7521419310, 0.6369900117
0.8760709655, 0.8184950058
0.4380354827, 0.4092475029
0.2190177414, 0.2046237515
0.6095088707, 0.6023118757
0.8047544353, 0.3011559379
0.4023772177, 0.6505779689
0.2011886088, 0.3252889845
0.6005943044, 0.6626444922
0.3002971522, 0.3313222461
0.1501485761, 0.1656611231
0.0750742881, 0.5828305615
0.5375371440, 0.2914152808
0.2687685720, 0.1457076404
0.1343842860, 0.5728538202
0.0671921430, 0.7864269101
0.0335960715, 0.8932134550
0.0167980358, 0.9466067275
0.5083990179, 0.9733033638
0.2541995089, 0.4866516819
0.1270997545, 0.2433258409
0.0635498772, 0.1216629205
0.0317749386, 0.5608314602
0.0158874693, 0.2804157301
0.5079437347, 0.1402078651
0.7539718673, 0.5701039325
0.3769859337, 0.7850519663
0.1884929668, 0.3925259831
0.0942464834, 0.1962629916
0.5471232417, 0.0981314958
0.2735616209, 0.5490657479
0.1367808104, 0.2745328739
0.0683904052, 0.1372664370
0.0341952026, 0.0686332185
0.5170976013, 0.5343166092
0.7585488007, 0.2671583046
0.8792744003, 0.6335791523
0.9396372002, 0.3167895762
0.4698186001, 0.1583947881
0.7349093000, 0.5791973940
0.8674546500, 0.2895986970
0.9337273250, 0.1447993485
0.9668636625, 0.5723996743
0.4834318313, 0.7861998371
0.2417159156, 0.3930999186
0.6208579578, 0.6965499593
0.8104289789, 0.8482749796
0.4052144895, 0.4241374898
0.2026072447, 0.7120687449
0.1013036224, 0.3560343725
0.5506518112, 0.6780171862
0.7753259056, 0.8390085931
0.3876629528, 0.9195042966
0.6938314764, 0.4597521483
0.8469157382, 0.7298760741
0.9234578691, 0.3649380371
0.4617289345, 0.1824690185
0.7308644673, 0.5912345093
0.3654322336, 0.7956172546
0.6827161168, 0.3978086273
0.3413580584, 0.6989043137
0.1706790292, 0.8494521568
0.0853395146, 0.4247260784
0.5426697573, 0.7123630392
0.7713348787, 0.3561815196
0.3856674393, 0.1780907598
0.1928337197, 0.0890453799
0.0964168598, 0.5445226900
0.0482084299, 0.2722613450
0.0241042150, 0.6361306725
0.5120521075, 0.3180653362
0.2560260537, 0.1590326681
0.6280130269, 0.5795163341
0.3140065134, 0.7897581670
0.1570032567, 0.3948790835
0.5785016284, 0.6974395418
0.7892508142, 0.8487197709
0.3946254071, 0.9243598854
0.1973127035, 0.4621799427
0.0986563518, 0.2310899714
0.5493281759, 0.1155449857
0.7746640879, 0.0577724928
0.3873320440, 0.5288862464
0.1936660220, 0.7644431232
0.5968330110, 0.3822215616
0.2984165055, 0.6911107808
0.6492082527, 0.3455553904
0.3246041264, 0.6727776952
0.6623020632, 0.3363888476
0.3311510316, 0.6681944238
0.6655755158, 0.3340972119
0.8327877579, 0.6670486060
0.4163938789, 0.8335243030
0.2081969395, 0.9167621515
0.1040984697, 0.9583810757
0.0520492349, 0.9791905379
0.0260246174, 0.4895952689
0.5130123087, 0.2447976345
0.2565061544, 0.6223988172
0.1282530772, 0.3111994086
0.5641265386, 0.6555997043
0.7820632693, 0.3277998522
0.8910316346, 0.6638999261
0.9455158173, 0.8319499630
0.4727579087, 0.4159749815
0.7363789543, 0.2079874908
0.8681894772, 0.6039937454
0.9340947386, 0.8019968727
0.9670473693, 0.9009984363
0.4835236846, 0.9504992182
0.7417618423, 0.4752496091
0.3708809212, 0.2376248045
0.6854404606, 0.1188124023
0.3427202303, 0.0594062011
0.6713601151, 0.0297031006
0.3356800576, 0.0148515503
0.1678400288, 0.5074257751
0.0839200144, 0.2537128876
0.5419600072, 0.6268564438
0.2709800036, 0.8134282219
0.1354900018, 0.4067141109
0.0677450009, 0.2033570555
0.5338725004, 0.6016785277
0.7669362502, 0.8008392639
0.3834681251, 0.4004196319
0.1917340626, 0.7002098160
0.0958670313, 0.3501049080
0.0479335156, 0.1750524540
0.5239667578, 0.0875262270
0.7619833789, 0.5437631135
0.8809916895, 0.7718815567
0.9404958447, 0.3859407784
0.4702479224, 0.1929703892
0.7351239612, 0.0964851946
0.3675619806, 0.0482425973
0.1837809903, 0.0241212986
0.5918904951, 0.5120606493
0.2959452476, 0.2560303247
0.1479726238, 0.1280151623
0.5739863119, 0.0640075812
0.2869931559, 0.0320037906
0.6434965780, 0.5160018953
0.8217482890, 0.7580009476
0.9108741445, 0.3790004738
0.9554370722, 0.1895002369
0.4777185361, 0.5947501185
0.2388592681, 0.7973750592
0.1194296340, 0.3986875296
0.0597148170, 0.1993437648
0.5298574085, 0.5996718824
0.7649287043, 0.7998359412
0.8824643521, 0.8999179706
0.4412321761, 0.4499589853
0.7206160880, 0.7249794927
0.3603080440, 0.3624897463
0.6801540220, 0.1812448732
0.8400770110, 0.5906224366
0.9200385055, 0.2953112183
0.4600192528, 0.1476556091
0.7300096264, 0.0738278046
0.8650048132, 0.0369139023
0.9325024066, 0.0184569511
0.9662512033, 0.5092284756
0.9831256016, 0.2546142378
0.4915628008, 0.6273071189
0.2457814004, 0.3136535594
0.6228907002, 0.1568267797
0.3114453501, 0.5784133899
0.1557226751, 0.2892066949
0.5778613375, 0.6446033475
0.2889306688, 0.3223016737
0.6444653344, 0.6611508369
0.3222326672, 0.3305754184
0.6611163336, 0.6652877092
0.3305581668, 0.8326438546
0.1652790834, 0.9163219273
0.5826395417, 0.4581609637
0.7913197708, 0.2290804818
0.8956598854, 0.1145402409
0.9478299427, 0.0572701205
0.4739149714, 0.0286350602
0.7369574857, 0.0143175301
0.8684787428, 0.0071587651
0.9342393714, 0.0035793825
0.4671196857, 0.5017896913
0.2335598429, 0.2508948456
0.6167799214, 0.1254474228
0.8083899607, 0.5627237114
0.4041949804, 0.7813618557
0.7020974902, 0.3906809279
0.3510487451, 0.6953404639
0.6755243725, 0.3476702320
0.3377621863, 0.6738351160
0.1688810931, 0.3369175580
0.0844405466, 0.6684587790
0.5422202733, 0.3342293895
0.7711101366, 0.1671146947
0.8855550683, 0.5835573474
0.9427775342, 0.7917786737
0.4713887671, 0.3958893368
0.2356943835, 0.1979446684
0.6178471918, 0.0989723342
0.8089235959, 0.5494861671
0.4044617979, 0.7747430836
0.2022308990, 0.3873715418
0.6011154495, 0.6936857709
0.8005577247, 0.8468428854
0.4002788624, 0.4234214427
0.2001394312, 0.7117107214
0.1000697156, 0.8558553607
0.5500348578, 0.4279276803
0.7750174289, 0.2139638402
0.3875087144, 0.6069819201
0.6937543572, 0.3034909600
0.8468771786, 0.1517454800
0.9234385893, 0.0758727400
0.4617192947, 0.5379363700
0.7308596473, 0.2689681850
0.3654298237, 0.1344840925
0.1827149118, 0.0672420463
0.0913574559, 0.5336210231
0.5456787280, 0.2668105116
0.2728393640, 0.6334052558
0.1364196820, 0.3167026279
0.0682098410, 0.1583513139
0.5341049205, 0.5791756570
0.7670524602, 0.7895878285
0.8835262301, 0.8947939142
0.9417631151, 0.9473969571
0.4708815575, 0.9736984786
0.2354407788, 0.9868492393
0.6177203894, 0.4934246196
0.8088601947, 0.2467123098
0.9044300973, 0.6233561549
0.9522150487, 0.3116780775
0.9761075243, 0.1558390387
0.9880537622, 0.5779195194
0.4940268811, 0.2889597597
0.2470134405, 0.1444798798
0.6235067203, 0.0722399399
0.8117533601, 0.5361199700
0.4058766801, 0.2680599850
0.2029383400, 0.6340299925
0.1014691700, 0.3170149962
0.0507345850, 0.1585074981
0.5253672925, 0.5792537491
0.2626836463, 0.7896268745
0.1313418231, 0.3948134373
0.5656709116, 0.1974067186
0.7828354558, 0.0987033593
0.3914177279, 0.5493516797
0.1957088639, 0.7746758398
0.0978544320, 0.3873379199
0.0489272160, 0.1936689600
0.5244636080, 0.0968344800
0.7622318040, 0.5484172400
0.8811159020, 0.7742086200
0.4405579510, 0.3871043100
0.2202789755, 0.1935521550
0.1101394877, 0.5967760775
0.0550697439, 0.7983880387
0.5275348719, 0.8991940194
0.7637674360, 0.4495970097
0.8818837180, 0.2247985048
0.4409418590, 0.1123992524
0.2204709295, 0.0561996262
0.1102354647, 0.0280998131
0.5551177324, 0.5140499066
0.2775588662, 0.2570249533
0.1387794331, 0.6285124766
0.0693897165, 0.3142562383
0.5346948583, 0.6571281192
0.2673474291, 0.3285640596
0.1336737146, 0.1642820298
0.5668368573, 0.5821410149
0.2834184286, 0.7910705074
0.1417092143, 0.8955352537
0.0708546072, 0.9477676269
0.0354273036, 0.9738838134
0.5177136518, 0.4869419067
0.2588568259, 0.2434709534
0.6294284129, 0.1217354767
0.3147142065, 0.0608677383
0.6573571032, 0.5304338692
0.3286785516, 0.2652169346
0.1643392758, 0.1326084673
0.0821696379, 0.5663042336
0.0410848190, 0.7831521168
0.0205424095, 0.8915760584
0.5102712047, 0.4457880292
0.2551356024, 0.2228940146
0.1275678012, 0.1114470073
0.5637839006, 0.0557235037
0.7818919503, 0.5278617518
0.3909459751, 0.2639308759
0.6954729876, 0.6319654380
0.3477364938, 0.8159827190
0.6738682469, 0.4079913595
0.8369341234, 0.7039956797
0.4184670617, 0.8519978399
0.2092335309, 0.9259989199
0.1046167654, 0.9629994600
0.5523083827, 0.4814997300
0.7761541914, 0.7407498650
0.8880770957, 0.3703749325
0.9440385478, 0.1851874662
0.9720192739, 0.5925937331
0.9860096370, 0.7962968666
0.9930048185, 0.3981484333
0.9965024092, 0.6990742166
0.4982512046, 0.3495371083
0.2491256023, 0.1747685542
0.6245628012, 0.5873842771
0.3122814006, 0.7936921385
0.6561407003, 0.3968460693
0.3280703501, 0.6984230346
0.1640351751, 0.8492115173
0.5820175875, 0.4246057587
0.7910087938, 0.2123028793
0.3955043969, 0.6061514397
0.6977521984, 0.3030757198
0.3488760992, 0.6515378599
0.1744380496, 0.8257689300
0.0872190248, 0.4128844650
0.5436095124, 0.2064422325
0.2718047562, 0.1032211162
0.1359023781, 0.5516105581
0.0679511891, 0.2758052791
0.0339755945, 0.1379026395
0.5169877973, 0.0689513198
0.7584938986, 0.0344756599
0.3792469493, 0.5172378299
0.1896234747, 0.2586189150
0.0948117373, 0.1293094575
0.5474058687, 0.5646547287
0.7737029343, 0.7823273644
0.8868514672, 0.3911636822
0.9434257336, 0.1955818411
0.9717128668, 0.0977909205
0.9858564334, 0.5488954603
0.4929282167, 0.2744477301
0.7464641083, 0.6372238651
0.8732320542, 0.3186119325
0.4366160271, 0.6593059663
0.7183080135, 0.3296529831
0.8591540068, 0.6648264916
0.9295770034, 0.3324132458
0.9647885017, 0.1662066229
0.9823942508, 0.5831033114
0.4911971254, 0.7915516557
0.7455985627, 0.3957758279
0.8727992814, 0.1978879139
0.9363996407, 0.5989439570
0.9681998203, 0.7994719785
0.9840999102, 0.3997359892
0.4920499551, 0.6998679946
0.2460249775, 0.3499339973
0.6230124888, 0.6749669987
0.3115062444, 0.8374834993
0.1557531222, 0.4187417497
0.0778765611, 0.2093708748
0.5389382805, 0.6046854374
0.7694691403, 0.3023427187
0.8847345701, 0.6511713594
0.4423672851, 0.8255856797
0.7211836425, 0.4127928398
0.8605918213, 0.2063964199
0.9302959106, 0.6031982100
0.9651479553, 0.3015991050
0.4825739777, 0.6507995525
0.2412869888, 0.3253997762
0.6206434944, 0.1626998881
0.8103217472, 0.5813499441
0.4051608736, 0.2906749720
0.2025804368, 0.6453374860
0.6012902184, 0.8226687430
0.8006451092, 0.9113343715
0.4003225546, 0.9556671858
0.2001612773, 0.4778335929
0.6000806387, 0.2389167964
0.8000403193, 0.1194583982
0.4000201597, 0.0597291991
0.7000100798, 0.5298645996
0.8500050399, 0.2649322998
0.9250025200, 0.1324661499
0.9625012600, 0.5662330749
0.9812506300, 0.7831165375
0.9906253150, 0.3915582687
0.9953126575, 0.1957791344
0.9976563287, 0.5978895672
0.4988281644, 0.2989447836
0.2494140822, 0.6494723918
0.1247070411, 0.3247361959
0.0623535205, 0.1623680979
0.5311767603, 0.0811840490
0.7655883801, 0.0405920245
0.8827941901, 0.5202960122
0.9413970950, 0.7601480061
0.9706985475, 0.3800740031
0.4853492738, 0.1900370015
0.7426746369, 0.0950185008
0.8713373184, 0.0475092504
0.9356686592, 0.0237546252
0.4678343296, 0.5118773126
0.2339171648, 0.7559386563
0.6169585824, 0.8779693281
0.8084792912, 0.9389846641
0.9042396456, 0.4694923320
0.4521198228, 0.7347461660
0.2260599114, 0.8673730830
0.6130299557, 0.4336865415
0.8065149779, 0.7168432708
0.4032574889, 0.3584216354
0.2016287445, 0.6792108177
0.1008143722, 0.3396054088
0.0504071861, 0.1698027044
0.5252035931, 0.0849013522
0.7626017965, 0.5424506761
0.8813008983, 0.7712253381
0.9406504491, 0.8856126690
0.9703252246, 0.9428063345
0.4851626123, 0.9714031673
0.7425813061, 0.9857015836
0.8712906531, 0.9928507918
0.9356453265, 0.4964253959
0.9678226633, 0.7482126980
0.9839113316, 0.8741063490
0.4919556658, 0.9370531745
0.7459778329, 0.4685265872
0.8729889165, 0.7342632936
0.9364944582, 0.3671316468
0.4682472291, 0.1835658234
0.7341236146, 0.0917829117
0.8670618073, 0.0458914559
0.9335309036, 0.5229457279
0.4667654518, 0.2614728640
0.2333827259, 0.1307364320
0.1166913630, 0.0653682160
0.5583456815, 0.0326841080
0.2791728407, 0.0163420540
0.1395864204, 0.5081710270
0.0697932102, 0.2540855135
0.0348966051, 0.1270427567
0.5174483025, 0.0635213784
0.7587241513, 0.5317606892
0.8793620756, 0.7658803446
0.4396810378, 0.8829401723
0.2198405189, 0.4414700861
0.6099202595, 0.2207350431
0.3049601297, 0.1103675215
0.1524800649, 0.0551837608
0.5762400324, 0.0275918804
0.2881200162, 0.0137959402
0.1440600081, 0.0068979701
0.0720300041, 0.5034489850
0.0360150020, 0.2517244925
0.5180075010, 0.6258622463
0.2590037505, 0.3129311231
0.6295018753, 0.1564655616
0.3147509376, 0.0782327808
0.1573754688, 0.5391163904
0.5786877344, 0.2695581952
0.2893438672, 0.1347790976
0.6446719336, 0.0673895488
0.3223359668, 0.5336947744
0.1611679834, 0.2668473872
0.0805839917, 0.1334236936
0.5402919959, 0.5667118468
0.2701459979, 0.2833559234
0.6350729990, 0.6416779617
0.8175364995, 0.3208389808
0.9087682497, 0.1604194904
0.9543841249, 0.5802097452
0.9771920624, 0.7901048726
0.4885960312, 0.3950524363
0.7442980156, 0.6975262182
0.3721490078, 0.3487631091
0.6860745039, 0.6743815545
0.3430372520, 0.3371907773
0.1715186260, 0.6685953886
0.0857593130, 0.3342976943
0.0428796565, 0.1671488472
0.0214398282, 0.5835744236
0.0107199141, 0.2917872118
0.5053599571, 0.1458936059
0.2526799785, 0.0729468029
0.6263399893, 0.0364734015
0.8131699946, 0.0182367007
0.9065849973, 0.5091183504
0.4532924987, 0.2545591752
0.7266462493, 0.6272795876
0.3633231247, 0.3136397938
0.1816615623, 0.1568198969
0.0908307812, 0.5784099484
0.0454153906, 0.2892049742
0.0227076953, 0.6446024871
0.0113538476, 0.3223012436
0.0056769238, 0.1611506218
0.5028384619, 0.5805753109
0.2514192310, 0.2902876554
0.6257096155, 0.6451438277
0.8128548077, 0.3225719139
0.4064274039, 0.6612859569
0.7032137019, 0.3306429785
0.8516068510, 0.6653214892
0.4258034255, 0.3326607446
0.2129017127, 0.1663303723
0.6064508564, 0.0831651862
0.8032254282, 0.5415825931
0.9016127141, 0.2707912965
0.9508063570, 0.6353956483
0.4754031785, 0.8176978241
0.2377015893, 0.9088489121
0.6188507946, 0.4544244560
0.8094253973, 0.7272122280
0.9047126987, 0.3636061140
0.4523563493, 0.1818030570
0.7261781747, 0.0909015285
0.8630890873, 0.0454507643
0.4315445437, 0.0227253821
0.2157722718, 0.0113626911
0.6078861359, 0.0056813455
0.8039430680, 0.5028406728
0.9019715340, 0.7514203364
0.9509857670, 0.3757101682
0.9754928835, 0.1878550841
0.4877464417, 0.5939275420
0.7438732209, 0.2969637710
0.8719366104, 0.1484818855
0.9359683052, 0.5742409428
0.4679841526, 0.7871204714
0.7339920763, 0.3935602357
0.8669960382, 0.1967801178
0.9334980191, 0.0983900589
0.4667490095, 0.0491950295
0.2333745048, 0.5245975147
0.1166872524, 0.7622987574
0.0583436262, 0.3811493787
0.5291718131, 0.1905746893
0.2645859065, 0.0952873447
0.1322929533, 0.0476436723
0.5661464766, 0.0238218362
0.7830732383, 0.5119109181
0.3915366192, 0.2559554590
0.1957683096, 0.6279777295
0.5978841548, 0.3139888648
0.7989420774, 0.6569944324
0.3994710387, 0.3284972162
0.6997355193, 0.1642486081
0.8498677597, 0.5821243040
0.9249338798, 0.7910621520
0.4624669399, 0.3955310760
0.2312334700, 0.6977655380
0.1156167350, 0.8488827690
0.0578083675, 0.4244413845
0.0289041837, 0.2122206923
0.5144520919, 0.6061103461
0.7572260459, 0.3030551731
0.8786130230, 0.6515275865
0.4393065115, 0.3257637933
0.7196532557, 0.1628818966
0.8598266279, 0.5814409483
0.9299133139, 0.7907204742
0.4649566570, 0.8953602371
0.2324783285, 0.9476801185
0.1162391642, 0.4738400593
0.0581195821, 0.2369200296
0.5290597911, 0.6184600148
0.2645298955, 0.8092300074
0.1322649478, 0.9046150037
0.5661324739, 0.4523075019
0.2830662369, 0.7261537509
0.1415331185, 0.3630768755
0.5707665592, 0.1815384377
0.2853832796, 0.0907692189
0.1426916398, 0.5453846094
0.0713458199, 0.2726923047
0.0356729100, 0.1363461524
0.5178364550, 0.5681730762
0.2589182275, 0.2840865381
0.6294591137, 0.1420432690
0.3147295569, 0.5710216345
0.6573647784, 0.2855108173
0.8286823892, 0.1427554086
0.4143411946, 0.5713777043
0.2071705973, 0.2856888522
0.1035852987, 0.1428444261
0.5517926493, 0.5714222130
0.2758963247, 0.2857111065
0.6379481623, 0.1428555533
0.3189740812, 0.0714277766
0.6594870406, 0.5357138883
0.3297435203, 0.2678569442
0.1648717601, 0.1339284721
0.0824358801, 0.0669642360
0.0412179400, 0.0334821180
0.5206089700, 0.5167410590
0.7603044850, 0.7583705295
0.8801522425, 0.8791852648
0.9400761213, 0.9395926324
0.4700380606, 0.4697963162
0.7350190303, 0.7348981581
0.8675095152, 0.8674490790
0.9337547576, 0.9337245395
0.9668773788, 0.4668622698
0.4834386894, 0.2334311349
0.7417193447, 0.6167155674
0.8708596723, 0.3083577837
0.4354298362, 0.6541788919
0.2177149181, 0.3270894459
0.1088574590, 0.1635447230
0.0544287295, 0.0817723615
0.5272143648, 0.0408861807
0.2636071824, 0.5204430904
0.1318035912, 0.2602215452
0.5659017956, 0.6301107726
0.7829508978, 0.3150553863
0.8914754489, 0.1575276931
0.9457377244, 0.5787638466
0.4728688622, 0.2893819233
0.7364344311, 0.6446909616
0.8682172156, 0.3223454808
0.9341086078, 0.1611727404
0.9670543039, 0.5805863702
0.4835271519, 0.2902931851
0.2417635760, 0.1451465926
0.6208817880, 0.0725732963
0.8104408940, 0.5362866481
0.4052204470, 0.7681433241
0.2026102235, 0.8840716620
0.1013051117, 0.9420358310
0.0506525559, 0.9710179155
0.5253262779, 0.4855089578
0.2626631390, 0.2427544789
0.1313315695, 0.1213772394
0.5656657847, 0.0606886197
0.7828328924, 0.0303443099
0.3914164462, 0.0151721549
0.1957082231, 0.5075860775
0.0978541115, 0.7537930387
0.0489270558, 0.3768965194
0.0244635279, 0.6884482597
0.5122317639, 0.3442241298
0.2561158820, 0.1721120649
0.6280579410, 0.0860560325
0.8140289705, 0.5430280162
0.4070144852, 0.2715140081
0.7035072426, 0.6357570041
0.8517536213, 0.8178785020
0.4258768107, 0.4089392510
0.7129384053, 0.7044696255
0.8564692027, 0.3522348128
0.9282346013, 0.6761174064
0.4641173007, 0.8380587032
0.7320586503, 0.4190293516
0.3660293252, 0.7095146758
0.1830146626, 0.8547573379
0.5915073313, 0.4273786689
0.7957536656, 0.7136893345
0.8978768328, 0.3568446672
0.9489384164, 0.1784223336
0.4744692082, 0.0892111668
0.7372346041, 0.0446055834
0.3686173021, 0.5223027917
0.1843086510, 0.7611513959
0.5921543255, 0.3805756979
0.7960771628, 0.6902878490
0.3980385814, 0.3451439245
0.6990192907, 0.1725719622
0.8495096453, 0.5862859811
0.4247548227, 0.7931429906
0.7123774113, 0.3965714953
0.3561887057, 0.1982857476
0.6780943528, 0.5991428738
0.8390471764, 0.2995714369
0.9195235882, 0.6497857185
0.4597617941, 0.3248928592
0.7298808971, 0.6624464296
0.8649404485, 0.8312232148
0.9324702243, 0.4156116074
0.4662351121, 0.2078058037
0.2331175561, 0.1039029019
0.6165587780, 0.0519514509
0.8082793890, 0.5259757255
0.9041396945, 0.2629878627
0.9520698473, 0.6314939314
0.9760349236, 0.3157469657
0.9880174618, 0.6578734828
0.9940087309, 0.3289367414
0.4970043655, 0.1644683707
0.7485021827, 0.0822341854
0.8742510914, 0.5411170927
0.4371255457, 0.7705585463
0.2185627728, 0.3852792732
0.6092813864, 0.6926396366
0.3046406932, 0.3463198183
0.6523203466, 0.6731599091
0.3261601733, 0.3365799546
0.1630800867, 0.6682899773
0.0815400433, 0.3341449886
0.0407700217, 0.1670724943
0.0203850108, 0.5835362472
0.5101925054, 0.2917681236
0.7550962527, 0.6458840618
0.8775481264, 0.8229420309
0.4387740632, 0.9114710154
0.2193870316, 0.4557355077
0.6096935158, 0.2278677539
0.8048467579, 0.6139338769
0.9024233789, 0.8069669385
0.9512116895, 0.4034834692
0.9756058447, 0.2017417346
0.4878029224, 0.6008708673
0.2439014612, 0.3004354337
0.1219507306, 0.1502177168
0.0609753653, 0.0751088584
0.5304876826, 0.0375544292
0.2652438413, 0.5187772146
0.6326219207, 0.7593886073
0.3163109603, 0.3796943037
0.1581554802, 0.6898471518
0.0790777401, 0.8449235759
0.0395388700, 0.4224617880
0.5197694350, 0.2112308940
0.7598847175, 0.6056154470
0.8799423588, 0.8028077235
0.9399711794, 0.9014038617
0.9699855897, 0.4507019309
0.9849927948, 0.7253509654
0.9924963974, 0.3626754827
0.4962481987, 0.6813377414
0.2481240994, 0.8406688707
0.6240620497, 0.4203344353
0.8120310248, 0.2101672177
0.4060155124, 0.6050836088
0.2030077562, 0.3025418044
0.1015038781, 0.1512709022
0.5507519391, 0.0756354511
0.2753759695, 0.5378177256
0.1376879848, 0.2689088628
0.5688439924, 0.6344544314
0.2844219962, 0.3172272157
0.1422109981, 0.1586136078
0.5711054990, 0.0793068039
0.2855527495, 0.5396534020
0.6427763748, 0.2698267010
0.3213881874, 0.1349133505
0.6606940937, 0.5674566752
0.3303470468, 0.2837283376
0.1651735234, 0.1418641688
0.5825867617, 0.0709320844
0.2912933809, 0.0354660422
0.6456466904, 0.0177330211
0.3228233452, 0.5088665106
0.1614116726, 0.2544332553
0.0807058363, 0.1272166276
0.0403529182, 0.0636083138
0.5201764591, 0.0318041569
0.2600882295, 0.0159020785
0.6300441148, 0.5079510392
0.8150220574, 0.7539755196
0.4075110287, 0.3769877598
0.7037555143, 0.1884938799
0.3518777572, 0.0942469400
0.6759388786, 0.0471234700
0.3379694393, 0.0235617350
0.6689847196, 0.0117808675
0.3344923598, 0.0058904337
0.6672461799, 0.0029452169
0.8336230900, 0.5014726084
0.4168115450, 0.7507363042
0.2084057725, 0.3753681521
0.6042028862, 0.6876840761
0.3021014431, 0.8438420380
0.6510507216, 0.9219210190
0.8255253608, 0.9609605095
0.4127626804, 0.4804802548
0.7063813402, 0.7402401274
0.8531906701, 0.3701200637
0.9265953350, 0.1850600318
0.9632976675, 0.0925300159
0.9816488338, 0.0462650080
0.9908244169, 0.0231325040
0.9954122084, 0.5115662520
0.9977061042, 0.7557831260
0.4988530521, 0.3778915630
0.7494265261, 0.6889457815
0.3747132630, 0.3444728907
0.1873566315, 0.6722364454
0.0936783158, 0.3361182227
0.0468391579, 0.1680591113
0.0234195789, 0.5840295557
0.0117097895, 0.7920147778
0.0058548947, 0.8960073889
0.5029274474, 0.9480036945
0.2514637237, 0.9740018472
0.6257318618, 0.9870009236
0.3128659309, 0.9935004618
0.1564329655, 0.9967502309
0.0782164827, 0.9983751155
0.0391082414, 0.9991875577
0.0195541207, 0.4995937789
0.0097770603, 0.2497968894
0.5048885302, 0.1248984447
0.7524442651, 0.5624492224
0.3762221325, 0.2812246112
0.6881110663, 0.1406123056
0.8440555331, 0.5703061528
0.9220277666, 0.7851530764
0.4610138833, 0.3925765382
0.2305069416, 0.1962882691
0.1152534708, 0.5981441345
0.0576267354, 0.2990720673
0.5288133677, 0.6495360336
0.7644066839, 0.8247680168
0.3822033419, 0.9123840084
0.1911016710, 0.4561920042
0.5955508355, 0.7280960021
0.7977754177, 0.3640480011
0.8988877089, 0.1820240005
0.9494438544, 0.5910120003
0.9747219272, 0.2955060001
0.9873609636, 0.6477530001
0.9936804818, 0.8238765000
0.9968402409, 0.4119382500
0.4984201205, 0.7059691250
0.2492100602, 0.8529845625
0.1246050301, 0.4264922813
0.5623025151, 0.7132461406
0.7811512575, 0.3566230703
0.8905756288, 0.6783115352
0.9452878144, 0.3391557676
0.4726439072, 0.6695778838
0.7363219536, 0.3347889419
0.8681609768, 0.1673944709
0.4340804884, 0.5836972355
0.7170402442, 0.2918486177
0.3585201221, 0.1459243089
0.1792600610, 0.0729621544
0.5896300305, 0.0364810772
0.7948150153, 0.5182405386
0.8974075076, 0.7591202693
0.9487037538, 0.8795601347
0.9743518769, 0.9397800673
0.4871759385, 0.9698900337
0.2435879692, 0.4849450168
0.6217939846, 0.2424725084
0.3108969923, 0.1212362542
0.6554484962, 0.0606181271
0.8277242481, 0.5303090636
0.9138621240, 0.7651545318
0.4569310620, 0.3825772659
0.7284655310, 0.6912886329
0.8642327655, 0.3456443165
0.4321163828, 0.1728221582
0.2160581914, 0.0864110791
0.1080290957, 0.0432055396
0.5540145478, 0.5216027698
0.7770072739, 0.7608013849
0.8885036370, 0.8804006924
0.9442518185, 0.9402003462
0.9721259092, 0.4701001731
0.9860629546, 0.2350500866
0.9930314773, 0.1175250433
0.9965157387, 0.0587625216
0.4982578693, 0.5293812608
0.2491289347, 0.2646906304
0.6245644673, 0.1323453152
0.8122822337, 0.0661726576
0.9061411168, 0.0330863288
0.4530705584, 0.0165431644
0.2265352792, 0.0082715822
0.1132676396, 0.0041357911
0.5566338198, 0.0020678956
0.2783169099, 0.0010339478
0.1391584550, 0.5005169739
0.5695792275, 0.7502584869
0.7847896137, 0.8751292435
0.8923948069, 0.4375646217
0.4461974034, 0.2187823109
0.2230987017, 0.1093911554
0.6115493509, 0.0546955777
0.8057746754, 0.5273477889
0.9028873377, 0.7636738944
0.9514436689, 0.3818369472
0.9757218344, 0.6909184736
0.9878609172, 0.3454592368
0.9939304586, 0.1727296184
0.9969652293, 0.0863648092
0.9984826147, 0.5431824046
0.9992413073, 0.7715912023
0.4996206537, 0.3857956012
0.7498103268, 0.1928978006
0.3749051634, 0.0964489003
0.6874525817, 0.5482244501
0.8437262909, 0.7741122251
0.4218631454, 0.3870561125
0.2109315727, 0.1935280563
0.6054657864, 0.5967640281
0.3027328932, 0.2983820141
0.1513664466, 0.1491910070
0.5756832233, 0.0745955035
0.7878416116, 0.0372977518
0.3939208058, 0.0186488759
0.1969604029, 0.0093244379
0.0984802015, 0.0046622190
0.0492401007, 0.0023311095
0.5246200504, 0.5011655547
0.7623100252, 0.2505827774
0.3811550126, 0.1252913887
0.1905775063, 0.5626456943
0.5952887531, 0.2813228472
0.2976443766, 0.1406614236
0.6488221883, 0.5703307118
0.3244110941, 0.7851653559
0.6622055471, 0.3925826779
0.3311027735, 0.6962913390
0.1655513868, 0.3481456695
0.0827756934, 0.1740728347
0.5413878467, 0.5870364174
0.7706939233, 0.7935182087
0.3853469617, 0.3967591043
0.6926734808, 0.6983795522
0.8463367404, 0.3491897761
0.9231683702, 0.6745948880
0.9615841851, 0.8372974440
0.9807920926, 0.9186487220
0.9903960463, 0.4593243610
0.9951980231, 0.2296621805
0.9975990116, 0.1148310903
0.9987995058, 0.5574155451
0.4993997529, 0.2787077726
0.7496998764, 0.6393538863
0.3748499382, 0.3196769431
0.6874249691, 0.1598384716
0.8437124846, 0.5799192358
0.4218562423, 0.2899596179
0.7109281211, 0.1449798089
0.8554640606, 0.0724899045
0.9277320303, 0.0362449522
0.9638660151, 0.5181224761
0.9819330076, 0.7590612381
0.9909665038, 0.8795306190
0.4954832519, 0.4397653095
0.7477416259, 0.2198826548
0.3738708130, 0.6099413274
0.1869354065, 0.8049706637
0.0934677032, 0.9024853318
0.0467338516, 0.4512426659
0.0233669258, 0.2256213330
0.5116834629, 0.1128106665
0.7558417315, 0.5564053332
0.8779208657, 0.7782026666
0.9389604329, 0.8891013333
0.9694802164, 0.4445506667
0.9847401082, 0.7222753333
0.9923700541, 0.8611376667
0.4961850271, 0.4305688333
0.2480925135, 0.7152844167
0.1240462568, 0.3576422083
0.5620231284, 0.6788211042
0.2810115642, 0.3394105521
0.6405057821, 0.6697052760
0.3202528910, 0.3348526380
0.1601264455, 0.6674263190
0.0800632228, 0.3337131595
0.5400316114, 0.6668565798
0.2700158057, 0.3334282899
0.1350079028, 0.6667141449
0.0675039514, 0.3333570725
0.5337519757, 0.6666785362
0.2668759879, 0.8333392681
0.1334379939, 0.4166696341
0.5667189970, 0.7083348170
0.7833594985, 0.3541674085
0.8916797492, 0.1770837043
0.9458398746, 0.0885418521
0.4729199373, 0.5442709261
0.7364599687, 0.2721354630
0.3682299843, 0.6360677315
0.6841149922, 0.3180338658
0.8420574961, 0.6590169329
0.9210287480, 0.3295084664
0.9605143740, 0.6647542332
0.4802571870, 0.3323771166
0.2401285935, 0.1661885583
0.1200642968, 0.0830942792
0.0600321484, 0.5415471396
0.0300160742, 0.2707735698
0.0150080371, 0.1353867849
0.5075040185, 0.5676933924
0.2537520093, 0.2838466962
0.6268760046, 0.1419233481
0.3134380023, 0.0709616741
0.6567190012, 0.0354808370
0.8283595006, 0.0177404185
0.9141797503, 0.5088702093
0.9570898751, 0.2544351046
0.4785449376, 0.1272175523
0.7392724688, 0.5636087762
0.3696362344, 0.7818043881
0.1848181172, 0.3909021940
0.0924090586, 0.1954510970
0.5462045293, 0.0977255485
0.2731022646, 0.0488627743
0.1365511323, 0.0244313871
0.0682755662, 0.5122156936
0.5341377831, 0.2561078468
0.7670688915, 0.6280539234
0.3835344458, 0.3140269617
0.6917672229, 0.1570134808
0.8458836114, 0.0785067404
0.9229418057, 0.5392533702
0.9614709029, 0.7696266851
0.9807354514, 0.3848133426
0.4903677257, 0.6924066713
0.2451838629, 0.3462033356
0.6225919314, 0.6731016678
0.8112959657, 0.8365508339
0.4056479829, 0.4182754170
0.7028239914, 0.2091377085
0.3514119957, 0.1045688542
0.6757059979, 0.0522844271
0.3378529989, 0.0261422136
0.6689264995, 0.5130711068
0.8344632497, 0.2565355534
0.9172316249, 0.6282677767
0.9586158124, 0.8141338883
0.4793079062, 0.4070669442
0.2396539531, 0.2035334721
0.6198269766, 0.6017667360
0.8099134883, 0.3008833680
0.9049567441, 0.1504416840
0.9524783721, 0.0752208420
0.9762391860, 0.0376104210
0.9881195930, 0.5188052105
0.9940597965, 0.2594026053
0.9970298983, 0.1297013026
0.4985149491, 0.5648506513
0.2492574746, 0.2824253257
0.6246287373, 0.6412126628
0.3123143686, 0.8206063314
0.1561571843, 0.4103031657
0.5780785922, 0.2051515829
0.2890392961, 0.6025757914
0.1445196480, 0.8012878957
0.0722598240, 0.4006439479
0.5361299120, 0.7003219739
0.2680649560, 0.3501609870
0.1340324780, 0.1750804935
0.0670162390, 0.5875402467
0.5335081195, 0.2937701234
0.7667540598, 0.6468850617
0.3833770299, 0.3234425308
0.1916885149, 0.6617212654
0.5958442575, 0.8308606327
0.7979221287, 0.9154303164
0.8989610644, 0.9577151582
0.9494805322, 0.9788575791
0.9747402661, 0.4894287895
0.9873701330, 0.2447143948
0.9936850665, 0.6223571974
0.9968425333, 0.8111785987
0.4984212666, 0.4055892993
0.7492106333, 0.2027946497
0.8746053167, 0.1013973248
0.9373026583, 0.5506986624
0.4686513292, 0.7753493312
0.2343256646, 0.3876746656
0.6171628323, 0.1938373328
0.8085814161, 0.5969186664
0.4042907081, 0.2984593332
0.7021453540, 0.6492296666
0.8510726770, 0.8246148333
0.4255363385, 0.9123074167
0.2127681693, 0.9561537083
0.6063840846, 0.4780768542
0.8031920423, 0.2390384271
0.9015960212, 0.6195192135
0.4507980106, 0.8097596068
0.7253990053, 0.4048798034
0.8626995026, 0.2024399017
0.4313497513, 0.6012199508
0.7156748757, 0.3006099754
0.8578374378, 0.6503049877
0.9289187189, 0.8251524939
0.9644593595, 0.9125762469
0.9822296797, 0.4562881235
0.9911148399, 0.2281440617
0.9955574199, 0.6140720309
0.4977787100, 0.3070360154
0.7488893550, 0.6535180077
0.3744446775, 0.8267590039
0.6872223387, 0.4133795019
0.8436111694, 0.7066897510
0.4218055847, 0.3533448755
0.7109027923, 0.1766724377
0.3554513962, 0.5883362189
0.1777256981, 0.2941681094
0.5888628490, 0.6470840547
0.2944314245, 0.3235420274
0.6472157123, 0.6617710137
0.8236078561, 0.8308855068
0.4118039281, 0.4154427534
0.2059019640, 0.2077213767
0.6029509820, 0.6038606884
0.3014754910, 0.3019303442
0.1507377455, 0.6509651721
0.0753688728, 0.8254825860
0.0376844364, 0.9127412930
0.0188422182, 0.4563706465
0.0094211091, 0.2281853233
0.5047105545, 0.6140926616
0.7523552773, 0.8070463308
0.3761776386, 0.4035231654
0.6880888193, 0.7017615827
0.3440444097, 0.3508807914
0.1720222048, 0.1754403957
0.5860111024, 0.0877201978
0.2930055512, 0.0438600989
0.1465027756, 0.5219300495
0.0732513878, 0.2609650247
0.0366256939, 0.1304825124
0.5183128470, 0.0652412562
0.2591564235, 0.5326206281
0.6295782117, 0.2663103140
0.8147891059, 0.6331551570
0.9073945529, 0.8165775785
0.4536972765, 0.4082887893
0.2268486382, 0.7041443946
0.1134243191, 0.8520721973
0.0567121596, 0.4260360987
0.5283560798, 0.7130180493
0.7641780399, 0.3565090247
0.8820890199, 0.6782545123
0.9410445100, 0.8391272562
0.9705222550, 0.9195636281
0.4852611275, 0.4597818140
0.7426305637, 0.7298909070
0.3713152819, 0.8649454535
0.1856576409, 0.4324727268
0.5928288205, 0.7162363634
0.2964144102, 0.8581181817
0.1482072051, 0.4290590908
0.5741036026, 0.2145295454
0.7870518013, 0.1072647727
0.8935259006, 0.0536323864
0.4467629503, 0.5268161932
0.2233814752, 0.7634080966
0.6116907376, 0.3817040483
0.8058453688, 0.1908520241
0.9029226844, 0.0954260121
0.9514613422, 0.0477130060
0.9757306711, 0.5238565030
0.9878653355, 0.2619282515
0.9939326678, 0.6309641258
0.9969663339, 0.8154820629
0.4984831669, 0.4077410314
0.7492415835, 0.7038705157
0.8746207917, 0.3519352579
0.4373103959, 0.1759676289
0.2186551979, 0.0879838145
0.1093275990, 0.0439919072
0.5546637995, 0.0219959536
0.2773318997, 0.0109979768
0.6386659499, 0.5054989884
0.8193329749, 0.2527494942
0.9096664875, 0.6263747471
0.4548332437, 0.3131873736
0.2274166219, 0.6565936868
0.1137083109, 0.3282968434
0.0568541555, 0.6641484217
0.5284270777, 0.3320742108
0.7642135389, 0.6660371054
0.8821067694, 0.3330185527
0.9410533847, 0.6665092764
0.9705266924, 0.8332546382
0.9852633462, 0.9166273191
0.9926316731, 0.4583136595
0.9963158365, 0.2291568298
0.9981579183, 0.6145784149
0.9990789591, 0.8072892074
0.9995394796, 0.4036446037
0.4997697398, 0.7018223019
0.7498848699, 0.3509111509
0.8749424349, 0.1754555755
0.9374712175, 0.5877277877
0.9687356087, 0.7938638939
0.4843678044, 0.8969319469
0.2421839022, 0.9484659735
0.1210919511, 0.4742329867
0.5605459755, 0.7371164934
0.2802729878, 0.3685582467
0.1401364939, 0.6842791233
0.5700682469, 0.8421395617
0.7850341235, 0.9210697808
0.8925170617, 0.4605348904
0.9462585309, 0.7302674452
0.4731292654, 0.8651337226
0.7365646327, 0.4325668613
0.8682823164, 0.7162834307
0.4341411582, 0.3581417153
0.7170705791, 0.6790708577
0.8585352895, 0.3395354288
0.9292676448, 0.1697677144
0.9646338224, 0.5848838572
0.4823169112, 0.7924419286
0.2411584556, 0.8962209643
0.1205792278, 0.4481104822
0.5602896139, 0.2240552411
0.7801448069, 0.1120276205
0.3900724035, 0.5560138103
0.1950362017, 0.2780069051
0.0975181009, 0.6390034526
0.0487590504, 0.8195017263
0.0243795252, 0.4097508631
0.5121897626, 0.2048754316
0.7560948813, 0.1024377158
0.8780474407, 0.5512188579
0.4390237203, 0.2756094289
0.2195118602, 0.6378047145
0.1097559301, 0.3189023572
0.0548779650, 0.1594511786
0.5274389825, 0.5797255893
0.7637194913, 0.2898627947
0.3818597456, 0.1449313973
0.6909298728, 0.5724656987
0.8454649364, 0.2862328493
0.9227324682, 0.1431164247
0.9613662341, 0.0715582123
0.9806831171, 0.5357791062
0.9903415585, 0.2678895531
0.9951707793, 0.1339447765
0.4975853896, 0.5669723883
0.2487926948, 0.2834861941
0.1243963474, 0.1417430971
0.0621981737, 0.0708715485
0.0310990869, 0.0354357743
0.0155495434, 0.0177178871
0.0077747717, 0.0088589436
0.0038873859, 0.5044294718
0.5019436929, 0.2522147359
