0.7500000000, 0.2500000000
0.8750000000, 0.6250000000
0.4375000000, 0.8125000000
0.7187500000, 0.9062500000
0.3593750000, 0.4531250000
0.6796875000, 0.7265625000
0.3398437500, 0.3632812500
0.6699218750, 0.1816406250
0.8349609375, 0.5908203125
0.4174804688, 0.2954101562
0.2087402344, 0.1477050781
0.6043701172, 0.0738525391
0.3021850586, 0.5369262695
0.1510925293, 0.7684631348
0.0755462646, 0.3842315674
0.0377731323, 0.1921157837
0.0188865662, 0.0960578918
0.5094432831, 0.0480289459
0.2547216415, 0.5240144730
0.1273608208, 0.2620072365
0.5636804104, 0.6310036182
0.2818402052, 0.3155018091
0.1409201026, 0.1577509046
0.5704600513, 0.5788754523
0.2852300256, 0.2894377261
0.6426150128, 0.1447188631
0.3213075064, 0.0723594315
0.1606537532, 0.0361797158
0.5803268766, 0.0180898579
0.2901634383, 0.0090449289
0.1450817192, 0.0045224645
0.0725408596, 0.5022612322
0.0362704298, 0.2511306161
0.0181352149, 0.1255653081
0.5090676074, 0.0627826540
0.2545338037, 0.5313913270
0.6272669019, 0.7656956635
0.8136334509, 0.8828478318
0.9068167255, 0.9414239159
0.9534083627, 0.9707119579
0.9767041814, 0.4853559790
0.4883520907, 0.2426779895
0.7441760453, 0.6213389947
0.8720880227, 0.3106694974
0.9360440113, 0.6553347487
0.4680220057, 0.3276673743
0.2340110028, 0.1638336872
0.6170055014, 0.0819168436
0.3085027507, 0.0409584218
0.1542513754, 0.5204792109
0.0771256877, 0.7602396054
0.0385628438, 0.3801198027
0.0192814219, 0.6900599014
0.5096407110, 0.3450299507
0.2548203555, 0.6725149753
0.6274101777, 0.3362574877
0.8137050889, 0.6681287438
0.9068525444, 0.3340643719
0.4534262722, 0.6670321860
0.2267131361, 0.3335160930
0.1133565681, 0.1667580465
0.0566782840, 0.5833790232
0.0283391420, 0.2916895116
0.0141695710, 0.1458447558
0.5070847855, 0.0729223779
0.2535423928, 0.0364611890
0.6267711964, 0.5182305945
0.3133855982, 0.7591152972
0.1566927991, 0.8795576486
0.0783463995, 0.9397788243
0.5391731998, 0.4698894122
0.7695865999, 0.2349447061
0.3847932999, 0.6174723530
0.6923966500, 0.3087361765
0.3461983250, 0.6543680883
0.1730991625, 0.3271840441
0.5865495812, 0.1635920221
0.7932747906, 0.0817960110
0.8966373953, 0.5408980055
0.9483186977, 0.7704490028
0.4741593488, 0.3852245014
0.7370796744, 0.6926122507
0.8685398372, 0.3463061253
0.9342699186, 0.6731530627
0.9671349593, 0.8365765313
0.9835674797, 0.9182882657
0.4917837398, 0.4591441328
0.2458918699, 0.2295720664
0.1229459350, 0.1147860332
0.0614729675, 0.5573930166
0.5307364837, 0.2786965083
0.7653682419, 0.1393482542
0.3826841209, 0.0696741271
0.6913420605, 0.5348370635
0.8456710302, 0.2674185318
0.4228355151, 0.6337092659
0.7114177576, 0.3168546329
0.8557088788, 0.1584273165
0.4278544394, 0.5792136582
0.2139272197, 0.2896068291
0.1069636098, 0.1448034146
0.0534818049, 0.5724017073
0.0267409025, 0.2862008536
0.0133704512, 0.6431004268
0.0066852256, 0.3215502134
0.5033426128, 0.6607751067
0.7516713064, 0.3303875534
0.3758356532, 0.6651937767
0.1879178266, 0.3325968883
0.5939589133, 0.1662984442
0.2969794567, 0.0831492221
0.1484897283, 0.5415746110
0.0742448642, 0.2707873055
0.5371224321, 0.1353936528
0.7685612160, 0.5676968264
0.3842806080, 0.2838484132
0.6921403040, 0.6419242066
0.3460701520, 0.3209621033
0.1730350760, 0.1604810516
0.0865175380, 0.0802405258
0.0432587690, 0.0401202629
0.5216293845, 0.0200601315
0.2608146923, 0.0100300657
0.6304073461, 0.5050150329
0.8152036731, 0.7525075164
0.4076018365, 0.3762537582
0.7038009183, 0.6881268791
0.3519004591, 0.3440634396
0.1759502296, 0.6720317198
0.0879751148, 0.8360158599
0.0439875574, 0.4180079299
0.5219937787, 0.2090039650
0.2609968893, 0.6045019825
0.1304984447, 0.3022509912
0.0652492223, 0.1511254956
0.0326246112, 0.0755627478
0.0163123056, 0.5377813739
0.0081561528, 0.2688906870
0.5040780764, 0.6344453435
0.7520390382, 0.3172226717
0.8760195191, 0.6586113359
0.4380097595, 0.3293056679
0.2190048798, 0.6646528340
0.1095024399, 0.8323264170
0.0547512199, 0.9161632085
0.0273756100, 0.4580816042
0.5136878050, 0.2290408021
0.2568439025, 0.6145204011
0.1284219512, 0.8072602005
0.0642109756, 0.4036301003
0.0321054878, 0.2018150501
0.0160527439, 0.6009075251
0.0080263720, 0.3004537625
0.0040131860, 0.1502268813
0.5020065930, 0.0751134406
0.2510032965, 0.0375567203
0.1255016482, 0.0187783602
0.0627508241, 0.5093891801
0.5313754121, 0.7546945900
0.2656877060, 0.3773472950
0.1328438530, 0.6886736475
0.0664219265, 0.8443368238
0.0332109633, 0.9221684119
0.0166054816, 0.9610842059
0.5083027408, 0.4805421030
0.7541513704, 0.7402710515
0.3770756852, 0.8701355257
0.6885378426, 0.9350677629
0.3442689213, 0.4675338814
0.1721344607, 0.7337669407
0.0860672303, 0.3668834704
0.0430336152, 0.6834417352
0.0215168076, 0.8417208676
0.5107584038, 0.9208604338
0.2553792019, 0.4604302169
0.1276896009, 0.2302151084
0.0638448005, 0.6151075542
0.5319224002, 0.3075537771
0.7659612001, 0.6537768886
0.3829806001, 0.8268884443
0.1914903000, 0.4134442221
0.5957451500, 0.7067221111
0.7978725750, 0.3533610555
0.8989362875, 0.6766805278
0.4494681438, 0.3383402639
0.2247340719, 0.6691701319
0.1123670359, 0.3345850660
0.0561835180, 0.6672925330
0.5280917590, 0.3336462665
0.2640458795, 0.1668231332
0.6320229397, 0.0834115666
0.3160114699, 0.0417057833
0.1580057349, 0.0208528917
0.5790028675, 0.0104264458
0.2895014337, 0.0052132229
0.1447507169, 0.0026066115
0.0723753584, 0.5013033057
0.0361876792, 0.2506516529
0.5180938396, 0.1253258264
0.2590469198, 0.0626629132
0.1295234599, 0.5313314566
0.0647617300, 0.2656657283
0.0323808650, 0.1328328642
0.5161904325, 0.0664164321
0.2580952162, 0.0332082160
0.1290476081, 0.0166041080
0.0645238041, 0.5083020540
0.0322619020, 0.2541510270
0.0161309510, 0.6270755135
0.5080654755, 0.3135377568
0.7540327378, 0.6567688784
0.8770163689, 0.3283844392
0.9385081844, 0.6641922196
0.4692540922, 0.3320961098
0.7346270461, 0.1660480549
0.3673135231, 0.0830240274
0.1836567615, 0.0415120137
0.0918283808, 0.0207560069
0.0459141904, 0.5103780034
0.0229570952, 0.2551890017
0.0114785476, 0.1275945009
0.0057392738, 0.5637972504
0.0028696369, 0.2818986252
0.5014348184, 0.1409493126
0.2507174092, 0.0704746563
0.1253587046, 0.0352373282
0.0626793523, 0.5176186641
0.0313396762, 0.2588093320
0.0156698381, 0.1294046660
0.0078349190, 0.5647023330
0.0039174595, 0.2823511665
0.0019587298, 0.1411755833
0.0009793649, 0.5705877916
0.0004896824, 0.2852938958
0.0002448412, 0.1426469479
0.5001224206, 0.0713234740
0.2500612103, 0.0356617370
0.1250306052, 0.0178308685
0.5625153026, 0.0089154342
0.2812576513, 0.0044577171
0.1406288256, 0.0022288586
0.0703144128, 0.5011144293
0.5351572064, 0.2505572146
0.7675786032, 0.6252786073
0.3837893016, 0.3126393037
0.1918946508, 0.1563196518
0.5959473254, 0.5781598259
0.2979736627, 0.7890799130
0.1489868314, 0.3945399565
0.5744934157, 0.6972699782
0.2872467078, 0.3486349891
0.6436233539, 0.1743174946
0.3218116770, 0.0871587473
0.6609058385, 0.5435793736
0.8304529192, 0.7717896868
0.4152264596, 0.8858948434
0.2076132298, 0.9429474217
0.6038066149, 0.4714737109
0.8019033075, 0.2357368554
0.9009516537, 0.1178684277
0.4504758269, 0.5589342139
0.2252379134, 0.2794671069
0.1126189567, 0.1397335535
0.5563094784, 0.5698667767
0.7781547392, 0.2849333884
0.3890773696, 0.6424666942
0.6945386848, 0.3212333471
0.3472693424, 0.6606166735
0.1736346712, 0.8303083368
0.0868173356, 0.4151541684
0.0434086678, 0.7075770842
0.5217043339, 0.3537885421
0.2608521669, 0.1768942710
0.1304260835, 0.5884471355
0.0652130417, 0.7942235678
0.5326065209, 0.8971117839
0.2663032604, 0.9485558919
0.6331516302, 0.4742779460
0.8165758151, 0.7371389730
0.9082879076, 0.3685694865
0.9541439538, 0.6842847432
0.9770719769, 0.3421423716
0.4885359884, 0.6710711858
0.2442679942, 0.8355355929
0.1221339971, 0.9177677965
0.5610669986, 0.4588838982
0.7805334993, 0.2294419491
0.3902667496, 0.6147209746
0.1951333748, 0.3073604873
0.5975666874, 0.6536802436
0.2987833437, 0.3268401218
0.6493916719, 0.6634200609
0.8246958359, 0.8317100305
0.4123479180, 0.4158550152
0.7061739590, 0.2079275076
0.8530869795, 0.1039637538
0.4265434897, 0.5519818769
0.7132717449, 0.2759909385
0.8566358724, 0.1379954692
0.4283179362, 0.5689977346
0.2141589681, 0.7844988673
0.1070794841, 0.8922494337
0.5535397420, 0.4461247168
0.7767698710, 0.2230623584
0.8883849355, 0.1115311792
0.9441924678, 0.0557655896
0.4720962339, 0.5278827948
0.2360481169, 0.2639413974
0.1180240585, 0.6319706987
0.0590120292, 0.3159853494
0.0295060146, 0.1579926747
0.5147530073, 0.5789963373
0.7573765037, 0.7894981687
0.3786882518, 0.3947490843
0.1893441259, 0.6973745422
0.0946720630, 0.3486872711
0.0473360315, 0.1743436355
0.5236680157, 0.0871718178
0.7618340079, 0.5435859089
0.3809170039, 0.7717929544
0.1904585020, 0.3858964772
0.0952292510, 0.1929482386
0.5476146255, 0.0964741193
0.2738073127, 0.0482370597
0.1369036564, 0.5241185298
0.5684518282, 0.7620592649
0.2842259141, 0.3810296325
0.1421129570, 0.6905148162
0.5710564785, 0.3452574081
0.7855282393, 0.6726287041
0.8927641196, 0.8363143520
0.9463820598, 0.9181571760
0.9731910299, 0.4590785880
0.9865955150, 0.7295392940
0.4932977575, 0.3647696470
0.7466488787, 0.6823848235
0.3733244394, 0.3411924118
0.1866622197, 0.1705962059
0.0933311098, 0.5852981029
0.0466655549, 0.2926490515
0.0233327775, 0.1463245257
0.0116663887, 0.0731622629
0.5058331944, 0.5365811314
0.2529165972, 0.2682905657
0.1264582986, 0.6341452829
0.5632291493, 0.8170726414
0.7816145746, 0.4085363207
0.8908072873, 0.2042681604
0.4454036437, 0.1021340802
0.7227018218, 0.0510670401
0.3613509109, 0.0255335200
0.6806754555, 0.5127667600
0.8403377277, 0.2563833800
0.4201688639, 0.6281916900
0.2100844319, 0.3140958450
0.1050422160, 0.6570479225
0.0525211080, 0.3285239613
0.0262605540, 0.1642619806
0.5131302770, 0.5821309903
0.7565651385, 0.7910654952
0.8782825692, 0.8955327476
0.4391412846, 0.4477663738
0.7195706423, 0.7238831869
0.3597853212, 0.8619415934
0.1798926606, 0.9309707967
0.5899463303, 0.4654853984
0.7949731651, 0.2327426992
0.3974865826, 0.1163713496
0.6987432913, 0.0581856748
0.8493716456, 0.5290928374
0.9246858228, 0.2645464187
0.9623429114, 0.1322732093
0.4811714557, 0.0661366047
0.7405857279, 0.5330683023
0.3702928639, 0.7665341512
0.6851464320, 0.3832670756
0.8425732160, 0.6916335378
0.9212866080, 0.3458167689
0.9606433040, 0.6729083844
0.4803216520, 0.3364541922
0.7401608260, 0.1682270961
0.3700804130, 0.0841135481
0.1850402065, 0.0420567740
0.5925201032, 0.0210283870
0.7962600516, 0.5105141935
0.3981300258, 0.2552570968
0.1990650129, 0.6276285484
0.0995325065, 0.3138142742
0.0497662532, 0.1569071371
0.0248831266, 0.5784535685
0.5124415633, 0.2892267843
0.7562207817, 0.6446133921
0.3781103908, 0.8223066961
0.6890551954, 0.4111533480
0.8445275977, 0.7055766740
0.9222637989, 0.8527883370
0.9611318994, 0.4263941685
0.4805659497, 0.7131970843
0.2402829749, 0.8565985421
0.6201414874, 0.4282992711
0.8100707437, 0.2141496355
0.9050353719, 0.1070748178
0.9525176859, 0.5535374089
0.4762588430, 0.7767687044
0.7381294215, 0.3883843522
0.3690647107, 0.6941921761
0.6845323554, 0.3470960881
0.8422661777, 0.1735480440
0.9211330888, 0.5867740220
0.4605665444, 0.7933870110
0.2302832722, 0.3966935055
0.1151416361, 0.6983467528
0.0575708181, 0.3491733764
0.0287854090, 0.1745866882
0.5143927045, 0.5872933441
0.7571963523, 0.7936466720
0.3785981761, 0.3968233360
0.6892990881, 0.6984116680
0.3446495440, 0.8492058340
0.1723247720, 0.4246029170
0.5861623860, 0.2123014585
0.7930811930, 0.1061507293
0.8965405965, 0.5530753646
0.4482702983, 0.7765376823
0.7241351491, 0.3882688412
0.3620675746, 0.1941344206
0.6810337873, 0.5970672103
0.8405168936, 0.7985336051
0.4202584468, 0.3992668026
0.2101292234, 0.1996334013
0.1050646117, 0.5998167006
0.5525323059, 0.2999083503
0.2762661529, 0.1499541752
0.1381330765, 0.0749770876
0.0690665382, 0.0374885438
0.0345332691, 0.5187442719
0.0172666346, 0.2593721359
0.5086333173, 0.1296860680
0.2543166586, 0.0648430340
0.6271583293, 0.5324215170
0.3135791647, 0.7662107585
0.1567895823, 0.3831053792
0.0783947912, 0.1915526896
0.5391973956, 0.0957763448
0.7695986978, 0.5478881724
0.8847993489, 0.7739440862
0.9423996744, 0.8869720431
0.4711998372, 0.4434860216
0.2355999186, 0.7217430108
0.1177999593, 0.8608715054
0.0588999797, 0.4304357527
0.5294499898, 0.2152178763
0.7647249949, 0.1076089382
0.3823624975, 0.0538044691
0.1911812487, 0.0269022345
0.0955906244, 0.0134511173
0.5477953122, 0.5067255586
0.2738976561, 0.2533627793
0.1369488280, 0.6266813897
0.0684744140, 0.3133406948
0.5342372070, 0.6566703474
0.2671186035, 0.3283351737
0.1335593018, 0.1641675869
0.0667796509, 0.5820837934
0.0333898254, 0.2910418967
0.0166949127, 0.6455209484
0.0083474564, 0.8227604742
0.0041737282, 0.4113802371
0.5020868641, 0.2056901185
0.2510434320, 0.1028450593
0.6255217160, 0.0514225296
0.3127608580, 0.0257112648
0.6563804290, 0.5128556324
0.8281902145, 0.7564278162
0.9140951073, 0.3782139081
0.4570475536, 0.6891069541
0.7285237768, 0.3445534770
0.3642618884, 0.6722767385
0.6821309442, 0.3361383693
0.3410654721, 0.1680691846
0.1705327361, 0.0840345923
0.5852663680, 0.0420172962
0.7926331840, 0.0210086481
0.3963165920, 0.5105043240
0.6981582960, 0.7552521620
0.8490791480, 0.3776260810
0.9245395740, 0.1888130405
0.9622697870, 0.0944065203
0.4811348935, 0.5472032601
0.2405674468, 0.7736016301
0.1202837234, 0.8868008150
0.0601418617, 0.4434004075
0.0300709308, 0.2217002038
0.5150354654, 0.1108501019
0.2575177327, 0.0554250509
0.6287588664, 0.5277125255
0.8143794332, 0.7638562627
0.4071897166, 0.3819281314
0.2035948583, 0.1909640657
0.1017974291, 0.5954820328
0.0508987146, 0.2977410164
0.5254493573, 0.6488705082
0.2627246786, 0.8244352541
0.6313623393, 0.4122176271
0.3156811697, 0.7061088135
0.1578405848, 0.8530544068
0.0789202924, 0.4265272034
0.5394601462, 0.7132636017
0.7697300731, 0.3566318008
0.3848650366, 0.1783159004
0.1924325183, 0.5891579502
0.5962162591, 0.2945789751
0.2981081296, 0.1472894876
0.6490540648, 0.5736447438
0.8245270324, 0.7868223719
0.4122635162, 0.3934111859
0.2061317581, 0.1967055930
0.1030658790, 0.0983527965
0.5515329395, 0.0491763982
0.7757664698, 0.0245881991
0.3878832349, 0.0122940996
0.1939416174, 0.5061470498
0.0969708087, 0.2530735249
0.0484854044, 0.1265367624
0.5242427022, 0.5632683812
0.7621213511, 0.7816341906
0.3810606755, 0.3908170953
0.6905303378, 0.6954085477
0.3452651689, 0.3477042738
0.6726325844, 0.1738521369
0.3363162922, 0.0869260685
0.6681581461, 0.0434630342
0.8340790731, 0.5217315171
0.4170395365, 0.7608657586
0.2085197683, 0.3804328793
0.6042598841, 0.1902164396
0.8021299421, 0.0951082198
0.9010649710, 0.5475541099
0.4505324855, 0.7737770550
0.7252662428, 0.3868885275
0.8626331214, 0.1934442637
0.9313165607, 0.5967221319
0.9656582803, 0.7983610659
0.9828291402, 0.3991805330
0.4914145701, 0.6995902665
0.7457072850, 0.8497951332
0.3728536425, 0.4248975666
0.6864268213, 0.7124487833
0.3432134106, 0.8562243917
0.1716067053, 0.4281121958
0.5858033527, 0.7140560979
0.2929016763, 0.8570280490
0.1464508382, 0.4285140245
0.5732254191, 0.7142570122
0.7866127095, 0.3571285061
0.8933063548, 0.1785642531
0.9466531774, 0.5892821265
0.4733265887, 0.7946410633
0.7366632943, 0.3973205316
0.8683316472, 0.1986602658
0.9341658236, 0.0993301329
0.9670829118, 0.5496650665
0.4835414559, 0.2748325332
0.7417707279, 0.1374162666
0.8708853640, 0.5687081333
0.9354426820, 0.7843540667
0.9677213410, 0.8921770333
0.4838606705, 0.4460885167
0.2419303352, 0.2230442583
0.1209651676, 0.1115221292
0.5604825838, 0.5557610646
0.2802412919, 0.2778805323
0.6401206460, 0.6389402661
0.8200603230, 0.3194701331
0.9100301615, 0.6597350665
0.9550150807, 0.8298675333
0.4775075404, 0.4149337666
0.7387537702, 0.2074668833
0.8693768851, 0.6037334417
0.4346884425, 0.8018667208
0.2173442213, 0.4009333604
0.6086721106, 0.2004666802
0.8043360553, 0.6002333401
0.9021680277, 0.3001166701
0.9510840138, 0.6500583350
0.9755420069, 0.3250291675
0.9877710035, 0.6625145838
0.4938855017, 0.8312572919
0.2469427509, 0.4156286459
0.6234713754, 0.2078143230
0.8117356877, 0.6039071615
0.4058678439, 0.3019535807
0.2029339219, 0.6509767904
0.1014669610, 0.3254883952
0.5507334805, 0.6627441976
0.7753667402, 0.8313720988
0.8876833701, 0.9156860494
0.4438416851, 0.4578430247
0.2219208425, 0.2289215123
0.1109604213, 0.6144607562
0.5554802106, 0.8072303781
0.2777401053, 0.4036151890
0.6388700527, 0.2018075945
0.3194350263, 0.1009037973
0.1597175132, 0.0504518986
0.5798587566, 0.0252259493
0.7899293783, 0.5126129747
0.3949646891, 0.2563064873
0.6974823446, 0.1281532437
0.8487411723, 0.5640766218
0.4243705861, 0.7820383109
0.2121852931, 0.3910191555
0.1060926465, 0.1955095777
0.5530463233, 0.5977547889
0.7765231616, 0.2988773944
0.8882615808, 0.6494386972
0.4441307904, 0.8247193486
0.2220653952, 0.9123596743
0.1110326976, 0.9561798372
0.0555163488, 0.4780899186
0.5277581744, 0.7390449593
0.2638790872, 0.3695224796
0.6319395436, 0.1847612398
0.3159697718, 0.0923806199
0.1579848859, 0.0461903100
0.5789924430, 0.0230951550
0.2894962215, 0.0115475775
0.6447481107, 0.0057737887
0.3223740554, 0.0028868944
0.6611870277, 0.0014434472
0.8305935138, 0.5007217236
0.4152967569, 0.7503608618
0.2076483785, 0.3751804309
0.6038241892, 0.6875902154
0.8019120946, 0.8437951077
0.9009560473, 0.9218975539
0.4504780237, 0.4609487769
0.7252390118, 0.7304743885
0.8626195059, 0.8652371942
0.4313097530, 0.4326185971
0.7156548765, 0.2163092986
0.8578274382, 0.6081546493
0.4289137191, 0.3040773246
0.2144568596, 0.6520386623
0.1072284298, 0.3260193312
0.5536142149, 0.6630096656
0.2768071074, 0.3315048328
0.1384035537, 0.6657524164
0.5692017769, 0.3328762082
0.2846008884, 0.6664381041
0.1423004442, 0.8332190520
0.0711502221, 0.4166095260
0.5355751111, 0.2083047630
0.7677875555, 0.1041523815
0.3838937778, 0.0520761908
0.1919468889, 0.0260380954
0.0959734444, 0.0130190477
0.5479867222, 0.0065095238
0.2739933611, 0.5032547619
0.1369966806, 0.2516273810
0.5684983403, 0.1258136905
0.7842491701, 0.5629068452
0.8921245851, 0.7814534226
0.4460622925, 0.3907267113
0.7230311463, 0.6953633557
0.3615155731, 0.3476816778
0.1807577866, 0.1738408389
0.0903788933, 0.0869204195
0.5451894466, 0.5434602097
0.7725947233, 0.7717301049
0.3862973617, 0.3858650524
0.1931486808, 0.6929325262
0.0965743404, 0.3464662631
0.5482871702, 0.1732331316
0.2741435851, 0.0866165658
0.6370717926, 0.0433082829
0.8185358963, 0.0216541414
0.9092679481, 0.5108270707
0.4546339741, 0.2554135354
0.7273169870, 0.6277067677
0.3636584935, 0.3138533838
0.1818292468, 0.1569266919
0.0909146234, 0.5784633460
0.0454573117, 0.7892316730
0.0227286558, 0.8946158365
0.0113643279, 0.4473079182
0.5056821640, 0.7236539591
0.7528410820, 0.8618269796
0.3764205410, 0.4309134898
0.6882102705, 0.7154567449
0.8441051352, 0.3577283724
0.4220525676, 0.6788641862
0.7110262838, 0.3394320931
0.8555131419, 0.6697160466
0.4277565710, 0.3348580233
0.2138782855, 0.1674290116
0.6069391427, 0.0837145058
0.8034695714, 0.5418572529
0.4017347857, 0.7709286265
0.2008673928, 0.8854643132
0.1004336964, 0.4427321566
0.0502168482, 0.2213660783
0.5251084241, 0.1106830392
0.7625542121, 0.5553415196
0.3812771060, 0.7776707598
0.1906385530, 0.3888353799
0.5953192765, 0.1944176899
0.7976596383, 0.0972088450
0.8988298191, 0.5486044225
0.4494149096, 0.2743022112
0.7247074548, 0.1371511056
0.8623537274, 0.5685755528
0.9311768637, 0.7842877764
0.9655884318, 0.8921438882
0.4827942159, 0.4460719441
0.2413971080, 0.7230359721
0.6206985540, 0.3615179860
0.8103492770, 0.1807589930
0.9051746385, 0.5903794965
0.9525873192, 0.2951897483
0.9762936596, 0.6475948741
0.9881468298, 0.3237974371
0.9940734149, 0.1618987185
0.9970367075, 0.5809493593
0.9985183537, 0.2904746796
0.9992591769, 0.1452373398
0.9996295884, 0.5726186699
0.4998147942, 0.7863093350
0.7499073971, 0.3931546675
0.8749536986, 0.6965773337
0.9374768493, 0.3482886669
0.4687384246, 0.6741443334
0.2343692123, 0.3370721667
0.1171846062, 0.6685360834
0.0585923031, 0.3342680417
0.5292961515, 0.6671340208
0.2646480758, 0.3335670104
0.6323240379, 0.1667835052
0.8161620189, 0.5833917526
0.9080810095, 0.7916958763
0.4540405047, 0.8958479382
0.2270202524, 0.9479239691
0.1135101262, 0.9739619845
0.5567550631, 0.4869809923
0.7783775315, 0.7434904961
0.3891887658, 0.8717452481
0.6945943829, 0.4358726240
0.8472971914, 0.7179363120
0.4236485957, 0.8589681560
0.2118242979, 0.9294840780
0.1059121489, 0.4647420390
0.0529560745, 0.2323710195
0.5264780372, 0.1161855098
0.2632390186, 0.0580927549
0.6316195093, 0.5290463774
0.8158097547, 0.2645231887
0.9079048773, 0.6322615944
0.4539524387, 0.8161307972
0.2269762193, 0.4080653986
0.6134881097, 0.7040326993
0.3067440548, 0.3520163496
0.6533720274, 0.1760081748
0.3266860137, 0.5880040874
0.1633430069, 0.2940020437
0.0816715034, 0.6470010219
0.0408357517, 0.3235005109
0.5204178759, 0.6617502555
0.7602089379, 0.8308751277
0.8801044690, 0.9154375639
0.9400522345, 0.4577187819
0.9700261172, 0.2288593910
0.9850130586, 0.1144296955
0.4925065293, 0.0572148477
0.2462532647, 0.5286074239
0.6231266323, 0.2643037119
0.8115633162, 0.6321518560
0.9057816581, 0.8160759280
0.4528908290, 0.4080379640
0.7264454145, 0.2040189820
0.3632227073, 0.1020094910
0.1816113536, 0.5510047455
0.5908056768, 0.7755023727
0.7954028384, 0.8877511864
0.8977014192, 0.9438755932
0.4488507096, 0.4719377966
0.7244253548, 0.7359688983
0.8622126774, 0.8679844491
0.9311063387, 0.9339922246
0.9655531694, 0.9669961123
0.4827765847, 0.4834980561
0.2413882923, 0.2417490281
0.1206941462, 0.1208745140
0.0603470731, 0.0604372570
0.5301735365, 0.0302186285
0.2650867683, 0.0151093143
0.1325433841, 0.0075546571
0.5662716921, 0.0037773286
0.2831358460, 0.0018886643
0.1415679230, 0.0009443321
0.0707839615, 0.0004721661
0.5353919808, 0.5002360830
0.7676959904, 0.2501180415
0.3838479952, 0.1250590208
0.6919239976, 0.0625295104
0.8459619988, 0.5312647552
0.4229809994, 0.2656323776
0.2114904997, 0.1328161888
0.1057452498, 0.0664080944
0.0528726249, 0.0332040472
0.5264363125, 0.0166020236
0.7632181562, 0.5083010118
0.8816090781, 0.2541505059
0.9408045391, 0.1270752529
0.4704022695, 0.5635376265
0.2352011348, 0.7817688132
0.1176005674, 0.8908844066
0.0588002837, 0.4454422033
0.0294001418, 0.2227211017
0.0147000709, 0.1113605508
0.0073500355, 0.0556802754
0.0036750177, 0.5278401377
0.0018375089, 0.2639200689
0.0009187544, 0.1319600344
0.0004593772, 0.0659800172
0.5002296886, 0.5329900086
0.2501148443, 0.2664950043
0.6250574222, 0.1332475022
0.3125287111, 0.0666237511
0.1562643555, 0.5333118755
0.0781321778, 0.2666559378
0.0390660889, 0.1333279689
0.0195330444, 0.5666639844
0.0097665222, 0.2833319922
0.0048832611, 0.6416659961
0.5024416306, 0.3208329981
0.7512208153, 0.1604164990
0.3756104076, 0.0802082495
0.6878052038, 0.5401041248
0.3439026019, 0.2700520624
0.1719513010, 0.1350260312
0.5859756505, 0.5675130156
0.2929878252, 0.2837565078
0.1464939126, 0.1418782539
0.5732469563, 0.0709391269
0.7866234782, 0.5354695635
0.8933117391, 0.2677347817
0.9466558695, 0.1338673909
0.4733279348, 0.5669336954
0.2366639674, 0.7834668477
0.6183319837, 0.3917334239
0.8091659918, 0.6958667119
0.4045829959, 0.8479333560
0.7022914980, 0.4239666780
0.3511457490, 0.2119833390
0.6755728745, 0.1059916695
0.8377864372, 0.5529958347
0.9188932186, 0.2764979174
0.9594466093, 0.6382489587
0.9797233047, 0.8191244793
0.4898616523, 0.4095622397
0.2449308262, 0.7047811198
0.1224654131, 0.3523905599
0.5612327065, 0.1761952800
0.7806163533, 0.0880976400
0.8903081766, 0.5440488200
0.4451540883, 0.2720244100
0.7225770442, 0.1360122050
0.8612885221, 0.5680061025
0.9306442610, 0.2840030512
0.9653221305, 0.1420015256
0.9826610653, 0.0710007628
0.4913305326, 0.0355003814
0.2456652663, 0.5177501907
0.6228326332, 0.2588750954
0.8114163166, 0.6294375477
0.9057081583, 0.3147187738
0.4528540791, 0.1573593869
0.7264270396, 0.0786796935
0.3632135198, 0.0393398467
0.6816067599, 0.0196699234
0.8408033799, 0.5098349617
0.9204016900, 0.2549174808
0.4602008450, 0.1274587404
0.7301004225, 0.5637293702
0.8650502112, 0.7818646851
0.9325251056, 0.8909323426
0.4662625528, 0.4454661713
0.2331312764, 0.7227330856
0.1165656382, 0.3613665428
0.0582828191, 0.1806832714
0.5291414096, 0.0903416357
0.7645707048, 0.0451708179
0.8822853524, 0.5225854089
0.9411426762, 0.7612927045
0.4705713381, 0.3806463522
0.2352856690, 0.1903231761
0.6176428345, 0.5951615881
0.8088214173, 0.7975807940
0.9044107086, 0.8987903970
0.9522053543, 0.4493951985
0.9761026772, 0.2246975993
0.4880513386, 0.6123487996
0.7440256693, 0.3061743998
0.3720128346, 0.1530871999
0.1860064173, 0.0765436000
0.5930032087, 0.0382718000
0.2965016043, 0.0191359000
0.6482508022, 0.5095679500
0.3241254011, 0.2547839750
0.1620627005, 0.6273919875
0.0810313503, 0.8136959937
0.5405156751, 0.4068479969
0.7702578376, 0.2034239984
0.8851289188, 0.6017119992
0.9425644594, 0.8008559996
0.4712822297, 0.4004279998
0.7356411148, 0.2002139999
0.8678205574, 0.6001070000
0.4339102787, 0.3000535000
0.7169551394, 0.6500267500
0.3584775697, 0.3250133750
0.1792387848, 0.1625066875
0.5896193924, 0.0812533437
0.2948096962, 0.5406266719
0.1474048481, 0.2703133359
0.0737024241, 0.1351566680
0.0368512120, 0.5675783340
0.0184256060, 0.2837891670
0.0092128030, 0.1418945835
0.0046064015, 0.5709472917
0.5023032008, 0.7854736459
0.2511516004, 0.3927368229
0.6255758002, 0.6963684115
0.3127879001, 0.3481842057
0.1563939500, 0.6740921029
0.5781969750, 0.3370460514
0.2890984875, 0.1685230257
0.6445492438, 0.0842615129
0.3222746219, 0.0421307564
0.1611373109, 0.5210653782
0.5805686555, 0.2605326891
0.7902843277, 0.6302663446
0.8951421639, 0.8151331723
0.4475710819, 0.4075665861
0.2237855410, 0.2037832931
0.1118927705, 0.1018916465
0.0559463852, 0.5509458233
0.0279731926, 0.2754729116
0.5139865963, 0.6377364558
0.7569932982, 0.8188682279
0.8784966491, 0.9094341140
0.9392483245, 0.4547170570
0.4696241623, 0.2273585285
0.7348120811, 0.1136792642
0.8674060406, 0.5568396321
0.9337030203, 0.2784198161
0.4668515101, 0.1392099080
0.7334257551, 0.0696049540
0.8667128775, 0.5348024770
0.4333564388, 0.7674012385
0.2166782194, 0.3837006193
0.6083391097, 0.6918503096
0.3041695548, 0.8459251548
0.1520847774, 0.4229625774
0.0760423887, 0.2114812887
0.0380211944, 0.1057406444
0.5190105972, 0.0528703222
0.7595052986, 0.0264351611
0.8797526493, 0.0132175805
0.4398763246, 0.5066087903
0.2199381623, 0.2533043951
0.1099690812, 0.6266521976
0.5549845406, 0.3133260988
0.2774922703, 0.6566630494
0.1387461351, 0.3283315247
0.5693730676, 0.6641657623
0.2846865338, 0.3320828812
0.1423432669, 0.6660414406
0.0711716334, 0.3330207203
0.0355858167, 0.6665103601
0.5177929084, 0.3332551801
0.2588964542, 0.6666275900
0.1294482271, 0.8333137950
0.0647241135, 0.9166568975
0.0323620568, 0.4583284488
0.5161810284, 0.7291642244
0.7580905142, 0.8645821122
0.3790452571, 0.9322910561
0.1895226285, 0.9661455280
0.0947613143, 0.4830727640
0.5473806571, 0.7415363820
0.2736903286, 0.8707681910
0.6368451643, 0.4353840955
0.8184225821, 0.7176920478
0.4092112911, 0.3588460239
0.2046056455, 0.6794230119
0.1023028228, 0.8397115060
0.0511514114, 0.9198557530
0.5255757057, 0.4599278765
0.7627878528, 0.2299639382
0.3813939264, 0.6149819691
0.1906969632, 0.3074909846
0.0953484816, 0.1537454923
0.5476742408, 0.0768727461
0.2738371204, 0.0384363731
0.1369185602, 0.0192181865
0.5684592801, 0.0096090933
0.7842296401, 0.5048045466
0.8921148200, 0.2524022733
0.4460574100, 0.6262011367
0.2230287050, 0.3131005683
0.6115143525, 0.1565502842
0.8057571763, 0.5782751421
0.9028785881, 0.2891375710
0.9514392941, 0.6445687855
0.4757196470, 0.3222843928
0.2378598235, 0.6611421964
0.6189299118, 0.3305710982
0.3094649559, 0.6652855491
0.1547324779, 0.8326427745
0.0773662390, 0.9163213873
0.0386831195, 0.9581606936
0.0193415597, 0.4790803468
0.0096707799, 0.2395401734
0.5048353899, 0.6197700867
0.2524176950, 0.8098850434
0.1262088475, 0.4049425217
0.0631044237, 0.2024712608
0.5315522119, 0.1012356304
0.7657761059, 0.5506178152
0.8828880530, 0.2753089076
0.4414440265, 0.6376544538
0.2207220132, 0.3188272269
0.1103610066, 0.1594136135
0.5551805033, 0.0797068067
0.7775902517, 0.5398534034
0.8887951258, 0.7699267017
0.4443975629, 0.3849633508
0.7221987815, 0.6924816754
0.8610993907, 0.8462408377
0.4305496954, 0.4231204189
0.2152748477, 0.7115602094
0.1076374238, 0.8557801047
0.0538187119, 0.4278900524
0.5269093560, 0.7139450262
0.7634546780, 0.8569725131
0.3817273390, 0.4284862565
0.6908636695, 0.7142431283
0.8454318347, 0.3571215641
0.9227159174, 0.6785607821
0.4613579587, 0.3392803910
0.2306789793, 0.1696401955
0.6153394897, 0.5848200978
0.8076697448, 0.7924100489
0.9038348724, 0.8962050244
0.9519174362, 0.9481025122
0.9759587181, 0.4740512561
0.9879793591, 0.2370256281
0.9939896795, 0.1185128140
0.9969948398, 0.5592564070
0.9984974199, 0.7796282035
0.4992487099, 0.3898141018
0.7496243550, 0.1949070509
0.8748121775, 0.0974535254
0.9374060887, 0.0487267627
0.4687030444, 0.0243633814
0.2343515222, 0.0121816907
0.1171757611, 0.0060908453
0.5585878805, 0.5030454227
0.7792939403, 0.2515227113
0.3896469701, 0.6257613557
0.6948234851, 0.8128806778
0.8474117425, 0.9064403389
0.4237058713, 0.9532201695
0.7118529356, 0.9766100847
0.3559264678, 0.4883050424
0.6779632339, 0.2441525212
0.8389816170, 0.6220762606
0.4194908085, 0.3110381303
0.7097454042, 0.1555190651
0.8548727021, 0.5777595326
0.9274363511, 0.2888797663
0.4637181755, 0.1444398831
0.7318590878, 0.0722199416
0.8659295439, 0.5361099708
0.9329647719, 0.7680549854
0.9664823860, 0.3840274927
0.9832411930, 0.1920137463
0.4916205965, 0.0960068732
0.7458102982, 0.5480034366
0.8729051491, 0.7740017183
0.9364525746, 0.3870008591
0.4682262873, 0.1935004296
0.7341131436, 0.5967502148
0.3670565718, 0.2983751074
0.1835282859, 0.1491875537
0.0917641430, 0.5745937768
0.0458820715, 0.2872968884
0.5229410357, 0.6436484442
0.7614705179, 0.3218242221
0.8807352589, 0.6609121111
0.9403676295, 0.3304560555
0.4701838147, 0.6652280278
0.2350919074, 0.3326140139
0.1175459537, 0.1663070069
0.0587729768, 0.5831535035
0.5293864884, 0.2915767517
0.2646932442, 0.1457883759
0.6323466221, 0.5728941879
0.8161733111, 0.2864470940
0.9080866555, 0.6432235470
0.9540433278, 0.8216117735
0.9770216639, 0.4108058867
0.4885108319, 0.2054029434
0.7442554160, 0.6027014717
0.3721277080, 0.3013507358
0.6860638540, 0.1506753679
0.3430319270, 0.5753376840
0.6715159635, 0.7876688420
0.8357579817, 0.8938344210
0.9178789909, 0.9469172105
0.4589394954, 0.9734586052
0.7294697477, 0.4867293026
0.8647348739, 0.2433646513
0.9323674369, 0.1216823257
0.9661837185, 0.5608411628
0.4830918592, 0.2804205814
0.2415459296, 0.1402102907
0.1207729648, 0.0701051454
0.5603864824, 0.0350525727
0.7801932412, 0.0175262863
0.3900966206, 0.0087631432
0.6950483103, 0.0043815716
0.3475241552, 0.5021907858
0.1737620776, 0.2510953929
0.0868810388, 0.1255476964
0.0434405194, 0.0627738482
0.5217202597, 0.5313869241
0.7608601298, 0.2656934621
0.8804300649, 0.1328467310
0.4402150325, 0.0664233655
0.2201075162, 0.5332116828
0.1100537581, 0.2666058414
0.5550268791, 0.6333029207
0.2775134395, 0.3166514603
0.6387567198, 0.6583257302
0.8193783599, 0.8291628651
0.9096891799, 0.9145814325
0.9548445900, 0.9572907163
0.9774222950, 0.4786453581
0.9887111475, 0.7393226791
0.9943555737, 0.8696613395
0.4971777869, 0.4348306698
0.7485888934, 0.2174153349
0.3742944467, 0.6087076674
0.1871472234, 0.3043538337
0.0935736117, 0.1521769169
0.0467868058, 0.5760884584
0.5233934029, 0.2880442292
0.2616967015, 0.6440221146
0.6308483507, 0.3220110573
0.3154241754, 0.6610055287
0.1577120877, 0.8305027643
0.5788560438, 0.4152513822
0.2894280219, 0.2076256911
0.1447140110, 0.1038128455
0.0723570055, 0.5519064228
0.0361785027, 0.7759532114
0.0180892514, 0.3879766057
0.5090446257, 0.1939883028
0.7545223128, 0.5969941514
0.3772611564, 0.7984970757
0.1886305782, 0.8992485379
0.0943152891, 0.4496242689
0.0471576446, 0.2248121345
0.0235788223, 0.1124060672
0.5117894111, 0.0562030336
0.2558947056, 0.5281015168
0.1279473528, 0.2640507584
0.0639736764, 0.1320253792
0.5319868382, 0.0660126896
0.7659934191, 0.0330063448
0.3829967095, 0.0165031724
0.1914983548, 0.5082515862
0.0957491774, 0.2541257931
0.0478745887, 0.6270628966
0.0239372943, 0.3135314483
0.0119686472, 0.1567657241
0.0059843236, 0.0783828621
0.0029921618, 0.5391914310
0.0014960809, 0.2695957155
0.0007480404, 0.6347978578
0.5003740202, 0.3173989289
0.7501870101, 0.6586994644
0.8750935051, 0.8293497322
0.9375467525, 0.4146748661
0.9687733763, 0.7073374331
0.9843866881, 0.3536687165
0.4921933441, 0.6768343583
0.2460966720, 0.8384171791
0.1230483360, 0.4192085896
0.0615241680, 0.2096042948
0.0307620840, 0.6048021474
0.0153810420, 0.3024010737
0.0076905210, 0.1512005368
0.0038452605, 0.5756002684
0.5019226303, 0.7878001342
0.2509613151, 0.3939000671
0.1254806576, 0.6969500336
0.5627403288, 0.3484750168
0.7813701644, 0.6742375084
0.8906850822, 0.8371187542
0.9453425411, 0.4185593771
0.4726712705, 0.7092796885
0.7363356353, 0.8546398443
0.8681678176, 0.9273199221
0.9340839088, 0.9636599611
0.4670419544, 0.9818299805
0.7335209772, 0.4909149903
0.3667604886, 0.2454574951
0.6833802443, 0.1227287476
0.8416901222, 0.0613643738
0.4208450611, 0.5306821869
0.2104225305, 0.2653410934
0.6052112653, 0.6326705467
0.8026056326, 0.8163352734
0.9013028163, 0.4081676367
0.4506514082, 0.2040838183
0.7253257041, 0.6020419092
0.8626628520, 0.3010209546
0.9313314260, 0.1505104773
0.9656657130, 0.0752552386
0.4828328565, 0.5376276193
0.2414164283, 0.2688138097
0.6207082141, 0.1344069048
0.8103541071, 0.0672034524
0.9051770535, 0.5336017262
0.9525885268, 0.2668008631
0.4762942634, 0.6334004316
0.2381471317, 0.3167002158
0.1190735658, 0.1583501079
0.0595367829, 0.0791750539
0.0297683915, 0.0395875270
0.0148841957, 0.5197937635
0.0074420979, 0.7598968817
0.0037210489, 0.3799484409
0.0018605245, 0.1899742204
0.5009302622, 0.5949871102
0.7504651311, 0.7974935551
0.3752325656, 0.3987467776
0.1876162828, 0.6993733888
0.5938081414, 0.3496866944
0.7969040707, 0.6748433472
0.8984520353, 0.3374216736
0.9492260177, 0.1687108368
0.9746130088, 0.0843554184
0.9873065044, 0.0421777092
0.4936532522, 0.5210888546
0.2468266261, 0.2605444273
0.6234133131, 0.6302722136
0.3117066565, 0.8151361068
0.1558533283, 0.9075680534
0.0779266641, 0.9537840267
0.5389633321, 0.4768920134
0.7694816660, 0.7384460067
0.8847408330, 0.3692230033
0.9423704165, 0.1846115017
0.9711852083, 0.0923057508
0.9855926041, 0.0461528754
0.9927963021, 0.0230764377
0.4963981510, 0.0115382189
0.7481990755, 0.0057691094
0.8740995378, 0.5028845547
0.9370497689, 0.2514422774
0.9685248844, 0.1257211387
0.9842624422, 0.5628605693
0.4921312211, 0.2814302847
0.7460656106, 0.6407151423
0.3730328053, 0.8203575712
0.6865164026, 0.4101787856
0.8432582013, 0.2050893928
0.4216291007, 0.1025446964
0.7108145503, 0.0512723482
0.3554072752, 0.0256361741
0.1777036376, 0.5128180870
0.5888518188, 0.7564090435
0.2944259094, 0.3782045218
0.6472129547, 0.6891022609
0.8236064773, 0.8445511304
0.9118032387, 0.9222755652
0.4559016193, 0.4611377826
0.7279508097, 0.7305688913
0.8639754048, 0.8652844457
0.4319877024, 0.9326422228
0.2159938512, 0.9663211114
0.1079969256, 0.9831605557
0.0539984628, 0.4915802779
0.0269992314, 0.2457901389
0.0134996157, 0.6228950695
0.0067498079, 0.3114475347
0.0033749039, 0.1557237674
0.5016874520, 0.5778618837
0.2508437260, 0.2889309418
0.1254218630, 0.1444654709
0.5627109315, 0.0722327355
0.7813554657, 0.5361163677
0.3906777329, 0.2680581839
0.6953388664, 0.1340290919
0.8476694332, 0.5670145460
0.4238347166, 0.2835072730
0.7119173583, 0.1417536365
0.8559586792, 0.5708768182
0.9279793396, 0.2854384091
0.4639896698, 0.6427192046
0.7319948349, 0.3213596023
0.3659974174, 0.6606798011
0.6829987087, 0.3303399006
0.8414993544, 0.1651699503
0.9207496772, 0.5825849751
0.9603748386, 0.7912924876
0.4801874193, 0.3956462438
0.2400937096, 0.6978231219
0.1200468548, 0.3489115609
0.0600234274, 0.1744557805
0.5300117137, 0.5872278902
0.2650058569, 0.7936139451
0.1325029284, 0.3968069726
0.0662514642, 0.1984034863
0.5331257321, 0.0992017431
0.2665628661, 0.0496008716
0.6332814330, 0.5248004358
0.8166407165, 0.2624002179
0.4083203583, 0.1312001089
0.7041601791, 0.0656000545
0.3520800896, 0.0328000272
0.6760400448, 0.5164000136
0.8380200224, 0.2582000068
0.9190100112, 0.1291000034
0.4595050056, 0.0645500017
0.2297525028, 0.5322750009
0.6148762514, 0.2661375004
0.8074381257, 0.1330687502
0.9037190628, 0.0665343751
0.4518595314, 0.5332671876
0.7259297657, 0.2666335938
0.8629648829, 0.6333167969
0.9314824414, 0.3166583984
0.9657412207, 0.6583291992
0.9828706104, 0.8291645996
0.4914353052, 0.4145822998
0.2457176526, 0.7072911499
0.6228588263, 0.3536455750
0.3114294131, 0.1768227875
0.6557147066, 0.5884113937
0.3278573533, 0.2942056969
0.1639286766, 0.6471028484
0.0819643383, 0.3235514242
0.0409821692, 0.1617757121
0.5204910846, 0.0808878561
0.7602455423, 0.5404439280
0.3801227711, 0.2702219640
0.1900613856, 0.1351109820
0.0950306928, 0.5675554910
0.0475153464, 0.7837777455
0.5237576732, 0.3918888728
0.7618788366, 0.6959444364
0.8809394183, 0.8479722182
0.4404697091, 0.4239861091
0.7202348546, 0.2119930545
0.3601174273, 0.6059965273
0.6800587136, 0.8029982636
0.8400293568, 0.9014991318
0.9200146784, 0.9507495659
0.4600073392, 0.4753747830
0.2300036696, 0.2376873915
0.1150018348, 0.1188436957
0.5575009174, 0.0594218479
0.7787504587, 0.0297109239
0.8893752294, 0.5148554620
0.9446876147, 0.7574277310
0.4723438073, 0.8787138655
0.2361719037, 0.9393569327
0.6180859518, 0.9696784664
0.8090429759, 0.9848392332
0.4045214880, 0.4924196166
0.7022607440, 0.2462098083
0.8511303720, 0.6231049041
0.9255651860, 0.8115524521
0.9627825930, 0.4057762260
0.9813912965, 0.2028881130
0.4906956482, 0.6014440565
0.7453478241, 0.3007220283
0.3726739121, 0.1503610141
0.1863369560, 0.0751805071
0.0931684780, 0.5375902535
0.0465842390, 0.2687951268
0.5232921195, 0.1343975634
0.7616460598, 0.0671987817
0.8808230299, 0.5335993908
0.9404115149, 0.7667996954
0.9702057575, 0.8833998477
0.9851028787, 0.4416999239
0.9925514394, 0.2208499619
0.9962757197, 0.1104249810
0.4981378598, 0.0552124905
0.7490689299, 0.0276062452
0.8745344650, 0.5138031226
0.4372672325, 0.7569015613
0.2186336162, 0.8784507807
0.1093168081, 0.9392253903
0.0546584041, 0.4696126952
0.0273292020, 0.2348063476
0.5136646010, 0.6174031738
0.7568323005, 0.3087015869
0.3784161503, 0.1543507934
0.1892080751, 0.0771753967
0.5946040376, 0.0385876984
0.2973020188, 0.0192938492
0.6486510094, 0.5096469246
0.3243255047, 0.2548234623
0.1621627523, 0.1274117311
0.0810813762, 0.0637058656
0.0405406881, 0.0318529328
0.0202703440, 0.0159264664
0.0101351720, 0.0079632332
0.5050675860, 0.5039816166
0.2525337930, 0.7519908083
0.1262668965, 0.3759954041
