0.7500000000, 0.2500000000
0.8750000000, 0.6250000000
0.4375000000, 0.8125000000
0.7187500000, 0.9062500000
0.3593750000, 0.4531250000
0.6796875000, 0.7265625000
0.3398437500, 0.3632812500
0.6699218750, 0.1816406250
0.8349609375, 0.5908203125
0.4174804688, 0.2954101562
0.2087402344, 0.1477050781
0.6043701172, 0.0738525391
0.3021850586, 0.5369262695
0.1510925293, 0.7684631348
0.0755462646, 0.3842315674
0.0377731323, 0.1921157837
0.0188865662, 0.0960578918
0.5094432831, 0.0480289459
0.2547216415, 0.5240144730
0.1273608208, 0.2620072365
0.5636804104, 0.6310036182
0.2818402052, 0.3155018091
0.1409201026, 0.1577509046
0.5704600513, 0.5788754523
0.2852300256, 0.2894377261
0.6426150128, 0.1447188631
0.3213075064, 0.0723594315
0.1606537532, 0.0361797158
0.5803268766, 0.0180898579
0.2901634383, 0.0090449289
0.1450817192, 0.0045224645
0.0725408596, 0.5022612322
0.0362704298, 0.2511306161
0.0181352149, 0.1255653081
0.5090676074, 0.0627826540
0.2545338037, 0.5313913270
0.6272669019, 0.7656956635
0.8136334509, 0.8828478318
0.9068167255, 0.9414239159
0.9534083627, 0.9707119579
0.9767041814, 0.4853559790
0.4883520907, 0.2426779895
0.7441760453, 0.6213389947
0.8720880227, 0.3106694974
0.9360440113, 0.6553347487
0.4680220057, 0.3276673743
0.2340110028, 0.1638336872
0.6170055014, 0.0819168436
0.3085027507, 0.0409584218
0.1542513754, 0.5204792109
0.0771256877, 0.7602396054
0.0385628438, 0.3801198027
0.0192814219, 0.6900599014
0.5096407110, 0.3450299507
0.2548203555, 0.6725149753
0.6274101777, 0.3362574877
0.8137050889, 0.6681287438
0.9068525444, 0.3340643719
0.4534262722, 0.6670321860
0.2267131361, 0.3335160930
0.1133565681, 0.1667580465
0.0566782840, 0.5833790232
0.0283391420, 0.2916895116
0.0141695710, 0.1458447558
0.5070847855, 0.0729223779
0.2535423928, 0.0364611890
0.6267711964, 0.5182305945
0.3133855982, 0.7591152972
0.1566927991, 0.8795576486
0.0783463995, 0.9397788243
0.5391731998, 0.4698894122
0.7695865999, 0.2349447061
0.3847932999, 0.6174723530
0.6923966500, 0.3087361765
0.3461983250, 0.6543680883
0.1730991625, 0.3271840441
0.5865495812, 0.1635920221
0.7932747906, 0.0817960110
0.8966373953, 0.5408980055
0.9483186977, 0.7704490028
0.4741593488, 0.3852245014
0.7370796744, 0.6926122507
0.8685398372, 0.3463061253
0.9342699186, 0.6731530627
0.9671349593, 0.8365765313
0.9835674797, 0.9182882657
0.4917837398, 0.4591441328
0.2458918699, 0.2295720664
0.1229459350, 0.1147860332
0.0614729675, 0.5573930166
0.5307364837, 0.2786965083
0.7653682419, 0.1393482542
0.3826841209, 0.0696741271
0.6913420605, 0.5348370635
0.8456710302, 0.2674185318
0.4228355151, 0.6337092659
0.7114177576, 0.3168546329
0.8557088788, 0.1584273165
0.4278544394, 0.5792136582
0.2139272197, 0.2896068291
0.1069636098, 0.1448034146
0.0534818049, 0.5724017073
0.0267409025, 0.2862008536
0.0133704512, 0.6431004268
0.0066852256, 0.3215502134
0.5033426128, 0.6607751067
0.7516713064, 0.3303875534
0.3758356532, 0.6651937767
0.1879178266, 0.3325968883
0.5939589133, 0.1662984442
0.2969794567, 0.0831492221
0.1484897283, 0.5415746110
0.0742448642, 0.2707873055
0.5371224321, 0.1353936528
0.7685612160, 0.5676968264
0.3842806080, 0.2838484132
0.6921403040, 0.6419242066
0.3460701520, 0.3209621033
0.1730350760, 0.1604810516
0.0865175380, 0.0802405258
0.0432587690, 0.0401202629
0.5216293845, 0.0200601315
0.2608146923, 0.0100300657
0.6304073461, 0.5050150329
0.8152036731, 0.7525075164
0.4076018365, 0.3762537582
0.7038009183, 0.6881268791
0.3519004591, 0.3440634396
0.1759502296, 0.6720317198
0.0879751148, 0.8360158599
0.0439875574, 0.4180079299
0.0219937787, 0.7090039650
0.0109968893, 0.8545019825
0.0054984447, 0.4272509912
0.0027492223, 0.2136254956
0.0013746112, 0.1068127478
0.0006873056, 0.5534063739
0.0003436528, 0.2767031870
0.5001718264, 0.6383515935
0.7500859132, 0.3191757967
0.8750429566, 0.6595878984
0.4375214783, 0.3297939492
0.2187607391, 0.6648969746
0.1093803696, 0.8324484873
0.0546901848, 0.9162242436
0.0273450924, 0.4581121218
0.5136725462, 0.2290560609
0.2568362731, 0.6145280305
0.1284181365, 0.8072640152
0.0642090683, 0.4036320076
0.0321045341, 0.2018160038
0.0160522671, 0.6009080019
0.0080261335, 0.3004540010
0.0040130668, 0.1502270005
0.5020065334, 0.0751135002
0.2510032667, 0.0375567501
0.1255016333, 0.0187783751
0.0627508167, 0.5093891875
0.5313754083, 0.7546945938
0.2656877042, 0.3773472969
0.1328438521, 0.6886736484
0.0664219260, 0.8443368242
0.0332109630, 0.9221684121
0.0166054815, 0.9610842061
0.5083027408, 0.4805421030
0.7541513704, 0.7402710515
0.3770756852, 0.8701355258
0.6885378426, 0.9350677629
0.3442689213, 0.4675338814
0.6721344606, 0.2337669407
0.3360672303, 0.1168834704
0.1680336152, 0.5584417352
0.0840168076, 0.7792208676
0.5420084038, 0.8896104338
0.2710042019, 0.4448052169
0.1355021009, 0.2224026084
0.0677510505, 0.6112013042
0.5338755252, 0.3056006521
0.7669377626, 0.6528003261
0.3834688813, 0.8264001630
0.1917344407, 0.4132000815
0.5958672203, 0.7066000408
0.7979336102, 0.3533000204
0.8989668051, 0.6766500102
0.4494834025, 0.3383250051
0.2247417013, 0.6691625025
0.1123708506, 0.3345812513
0.0561854253, 0.6672906256
0.5280927127, 0.3336453128
0.2640463563, 0.1668226564
0.6320231782, 0.0834113282
0.3160115891, 0.0417056641
0.1580057945, 0.0208528321
0.5790028973, 0.0104264160
0.2895014486, 0.0052132080
0.1447507243, 0.0026066040
0.0723753622, 0.5013033020
0.0361876811, 0.2506516510
0.5180938405, 0.1253258255
0.2590469203, 0.0626629128
0.1295234601, 0.5313314564
0.0647617301, 0.2656657282
0.0323808650, 0.1328328641
0.5161904325, 0.0664164320
0.2580952163, 0.0332082160
0.1290476081, 0.0166041080
0.0645238041, 0.5083020540
0.0322619020, 0.2541510270
0.0161309510, 0.6270755135
0.5080654755, 0.3135377568
0.7540327378, 0.6567688784
0.8770163689, 0.3283844392
0.4385081844, 0.1641922196
0.2192540922, 0.0820961098
0.6096270461, 0.0410480549
0.3048135231, 0.0205240274
0.1524067615, 0.0102620137
0.0762033808, 0.0051310069
0.0381016904, 0.5025655034
0.0190508452, 0.2512827517
0.0095254226, 0.1256413759
0.0047627113, 0.5628206879
0.0023813556, 0.2814103440
0.5011906778, 0.1407051720
0.2505953389, 0.0703525860
0.1252976695, 0.0351762930
0.0626488347, 0.5175881465
0.0313244174, 0.2587940732
0.0156622087, 0.1293970366
0.0078311043, 0.5646985183
0.0039155522, 0.2823492592
0.0019577761, 0.1411746296
0.0009788880, 0.5705873148
0.0004894440, 0.2852936574
0.0002447220, 0.1426468287
0.5001223610, 0.0713234143
0.2500611805, 0.0356617072
0.1250305903, 0.0178308536
0.5625152951, 0.0089154268
0.2812576476, 0.0044577134
0.1406288238, 0.0022288567
0.0703144119, 0.5011144283
0.5351572059, 0.2505572142
0.7675786030, 0.6252786071
0.3837893015, 0.3126393035
0.1918946507, 0.1563196518
0.5959473254, 0.5781598259
0.2979736627, 0.7890799129
0.1489868313, 0.3945399565
0.5744934157, 0.6972699782
0.2872467078, 0.3486349891
0.6436233539, 0.6743174946
0.3218116770, 0.3371587473
0.6609058385, 0.6685793736
0.8304529192, 0.8342896868
0.4152264596, 0.9171448434
0.2076132298, 0.9585724217
0.6038066149, 0.4792862109
0.8019033075, 0.2396431054
0.9009516537, 0.1198215527
0.4504758269, 0.5599107764
0.2252379134, 0.2799553882
0.1126189567, 0.1399776941
0.5563094784, 0.5699888470
0.7781547392, 0.2849944235
0.3890773696, 0.6424972118
0.6945386848, 0.3212486059
0.3472693424, 0.6606243029
0.1736346712, 0.8303121515
0.0868173356, 0.4151560757
0.0434086678, 0.7075780379
0.5217043339, 0.3537890189
0.2608521669, 0.1768945095
0.1304260835, 0.5884472547
0.0652130417, 0.7942236274
0.5326065209, 0.8971118137
0.2663032604, 0.9485559068
0.6331516302, 0.4742779534
0.8165758151, 0.7371389767
0.9082879076, 0.3685694884
0.9541439538, 0.6842847442
0.4770719769, 0.8421423721
0.2385359884, 0.9210711860
0.1192679942, 0.9605355930
0.0596339971, 0.9802677965
0.5298169986, 0.4901338983
0.7649084993, 0.2450669491
0.3824542496, 0.6225334746
0.1912271248, 0.3112667373
0.5956135624, 0.6556333686
0.2978067812, 0.3278166843
0.6489033906, 0.6639083422
0.8244516953, 0.8319541711
0.4122258477, 0.4159770855
0.7061129238, 0.2079885428
0.8530564619, 0.1039942714
0.4265282310, 0.5519971357
0.7132641155, 0.2759985678
0.8566320577, 0.1379992839
0.4283160289, 0.5689996420
0.2141580144, 0.7844998210
0.1070790072, 0.8922499105
0.5535395036, 0.4461249552
0.7767697518, 0.2230624776
0.8883848759, 0.1115312388
0.9441924380, 0.0557656194
0.4720962190, 0.5278828097
0.2360481095, 0.2639414049
0.1180240547, 0.6319707024
0.0590120274, 0.3159853512
0.0295060137, 0.1579926756
0.5147530068, 0.5789963378
0.7573765034, 0.7894981689
0.3786882517, 0.3947490845
0.1893441259, 0.6973745422
0.0946720629, 0.3486872711
0.0473360315, 0.1743436356
0.5236680157, 0.0871718178
0.7618340079, 0.5435859089
0.3809170039, 0.7717929544
0.1904585020, 0.3858964772
0.0952292510, 0.1929482386
0.5476146255, 0.0964741193
0.2738073127, 0.0482370597
0.1369036564, 0.5241185298
0.5684518282, 0.7620592649
0.2842259141, 0.3810296325
0.1421129570, 0.6905148162
0.5710564785, 0.3452574081
0.7855282393, 0.6726287041
0.8927641196, 0.8363143520
0.9463820598, 0.9181571760
0.9731910299, 0.4590785880
0.9865955150, 0.7295392940
0.4932977575, 0.3647696470
0.7466488787, 0.6823848235
0.3733244394, 0.3411924118
0.1866622197, 0.1705962059
0.0933311098, 0.5852981029
0.0466655549, 0.2926490515
0.0233327775, 0.1463245257
0.0116663887, 0.0731622629
0.5058331944, 0.5365811314
0.2529165972, 0.2682905657
0.1264582986, 0.6341452829
0.5632291493, 0.8170726414
0.7816145746, 0.4085363207
0.3908072873, 0.7042681604
0.1954036437, 0.3521340802
0.5977018218, 0.1760670401
0.2988509109, 0.0880335200
0.6494254555, 0.5440167600
0.8247127277, 0.2720083800
0.4123563639, 0.6360041900
0.2061781819, 0.3180020950
0.1030890910, 0.6590010475
0.0515445455, 0.3295005238
0.0257722727, 0.1647502619
0.5128861364, 0.5823751309
0.7564430682, 0.7911875655
0.8782215341, 0.8955937827
0.4391107670, 0.4477968914
0.7195553835, 0.7238984457
0.3597776918, 0.8619492228
0.1798888459, 0.9309746114
0.5899444229, 0.4654873057
0.7949722115, 0.2327436529
0.3974861057, 0.1163718264
0.6987430529, 0.0581859132
0.8493715264, 0.5290929566
0.9246857632, 0.2645464783
0.9623428816, 0.1322732392
0.4811714408, 0.0661366196
0.7405857204, 0.5330683098
0.3702928602, 0.7665341549
0.6851464301, 0.3832670774
0.8425732151, 0.6916335387
0.9212866075, 0.3458167694
0.9606433038, 0.6729083847
0.4803216519, 0.3364541923
0.7401608259, 0.1682270962
0.3700804130, 0.0841135481
0.1850402065, 0.0420567740
0.5925201032, 0.0210283870
0.7962600516, 0.5105141935
0.3981300258, 0.2552570968
0.1990650129, 0.6276285484
0.0995325065, 0.3138142742
0.0497662532, 0.1569071371
0.0248831266, 0.5784535685
0.5124415633, 0.2892267843
0.7562207817, 0.6446133921
0.3781103908, 0.8223066961
0.6890551954, 0.4111533480
0.8445275977, 0.7055766740
0.9222637989, 0.8527883370
0.9611318994, 0.4263941685
0.4805659497, 0.7131970843
0.2402829749, 0.8565985421
0.6201414874, 0.4282992711
0.8100707437, 0.2141496355
0.9050353719, 0.1070748178
0.9525176859, 0.5535374089
0.4762588430, 0.7767687044
0.7381294215, 0.3883843522
0.3690647107, 0.6941921761
0.6845323554, 0.3470960881
0.3422661777, 0.6735480440
0.6711330888, 0.8367740220
0.3355665444, 0.9183870110
0.1677832722, 0.4591935055
0.0838916361, 0.7295967528
0.0419458181, 0.3647983764
0.0209729090, 0.1823991882
0.5104864545, 0.5911995941
0.7552432273, 0.7955997970
0.3776216136, 0.3977998985
0.6888108068, 0.6988999493
0.3444054034, 0.8494499746
0.1722027017, 0.4247249873
0.5861013509, 0.2123624937
0.7930506754, 0.1061812468
0.8965253377, 0.5530906234
0.4482626689, 0.7765453117
0.7241313344, 0.3882726559
0.3620656672, 0.1941363279
0.6810328336, 0.5970681640
0.8405164168, 0.7985340820
0.4202582084, 0.3992670410
0.2101291042, 0.1996335205
0.1050645521, 0.5998167602
0.5525322761, 0.2999083801
0.2762661380, 0.1499541901
0.1381330690, 0.0749770950
0.0690665345, 0.0374885475
0.0345332673, 0.5187442738
0.0172666336, 0.2593721369
0.5086333168, 0.1296860684
0.2543166584, 0.0648430342
0.6271583292, 0.5324215171
0.3135791646, 0.7662107586
0.1567895823, 0.3831053793
0.0783947912, 0.1915526896
0.5391973956, 0.0957763448
0.7695986978, 0.5478881724
0.8847993489, 0.7739440862
0.4423996744, 0.3869720431
0.2211998372, 0.1934860216
0.1105999186, 0.5967430108
0.0552999593, 0.7983715054
0.0276499797, 0.3991857527
0.5138249898, 0.1995928763
0.7569124949, 0.0997964382
0.3784562475, 0.0498982191
0.1892281237, 0.0249491095
0.0946140619, 0.0124745548
0.5473070309, 0.5062372774
0.2736535155, 0.2531186387
0.1368267577, 0.6265593193
0.0684133789, 0.3132796597
0.5342066894, 0.6566398298
0.2671033447, 0.3283199149
0.1335516724, 0.1641599575
0.0667758362, 0.5820799787
0.0333879181, 0.2910399894
0.0166939590, 0.6455199947
0.0083469795, 0.8227599973
0.0041734898, 0.4113799987
0.5020867449, 0.2056899993
0.2510433724, 0.1028449997
0.6255216862, 0.0514224998
0.3127608431, 0.0257112499
0.6563804216, 0.5128556250
0.8281902108, 0.7564278125
0.9140951054, 0.3782139062
0.4570475527, 0.6891069531
0.7285237763, 0.3445534766
0.3642618882, 0.6722767383
0.6821309441, 0.3361383691
0.3410654720, 0.1680691846
0.1705327360, 0.0840345923
0.5852663680, 0.0420172961
0.7926331840, 0.0210086481
0.3963165920, 0.5105043240
0.6981582960, 0.7552521620
0.8490791480, 0.3776260810
0.9245395740, 0.1888130405
0.9622697870, 0.0944065203
0.4811348935, 0.5472032601
0.2405674468, 0.7736016301
0.1202837234, 0.8868008150
0.0601418617, 0.4434004075
0.0300709308, 0.2217002038
0.5150354654, 0.1108501019
0.2575177327, 0.0554250509
0.6287588664, 0.5277125255
0.8143794332, 0.7638562627
0.4071897166, 0.3819281314
0.2035948583, 0.1909640657
0.1017974291, 0.5954820328
0.0508987146, 0.2977410164
0.5254493573, 0.6488705082
0.2627246786, 0.8244352541
0.6313623393, 0.4122176271
0.3156811697, 0.7061088135
0.1578405848, 0.8530544068
0.0789202924, 0.4265272034
0.5394601462, 0.7132636017
0.7697300731, 0.3566318008
0.3848650366, 0.1783159004
0.1924325183, 0.5891579502
0.5962162591, 0.2945789751
0.2981081296, 0.1472894876
0.6490540648, 0.5736447438
0.8245270324, 0.7868223719
0.4122635162, 0.3934111859
0.2061317581, 0.1967055930
0.1030658790, 0.0983527965
0.5515329395, 0.0491763982
0.7757664698, 0.0245881991
0.3878832349, 0.0122940996
0.1939416174, 0.5061470498
0.0969708087, 0.2530735249
0.0484854044, 0.1265367624
0.5242427022, 0.5632683812
0.7621213511, 0.7816341906
0.3810606755, 0.3908170953
0.6905303378, 0.6954085477
0.3452651689, 0.3477042738
0.6726325844, 0.1738521369
0.3363162922, 0.0869260685
0.6681581461, 0.0434630342
0.8340790731, 0.5217315171
0.4170395365, 0.7608657586
0.2085197683, 0.3804328793
0.6042598841, 0.1902164396
0.8021299421, 0.0951082198
0.9010649710, 0.5475541099
0.4505324855, 0.7737770550
0.7252662428, 0.3868885275
0.8626331214, 0.1934442637
0.9313165607, 0.5967221319
0.9656582803, 0.7983610659
0.9828291402, 0.3991805330
0.4914145701, 0.6995902665
0.7457072850, 0.8497951332
0.3728536425, 0.4248975666
0.6864268213, 0.7124487833
0.3432134106, 0.8562243917
0.1716067053, 0.4281121958
0.5858033527, 0.7140560979
0.2929016763, 0.8570280490
0.1464508382, 0.4285140245
0.5732254191, 0.7142570122
0.7866127095, 0.3571285061
0.8933063548, 0.1785642531
0.9466531774, 0.5892821265
0.4733265887, 0.7946410633
0.7366632943, 0.3973205316
0.8683316472, 0.1986602658
0.9341658236, 0.0993301329
0.9670829118, 0.5496650665
0.4835414559, 0.2748325332
0.2417707279, 0.6374162666
0.6208853640, 0.8187081333
0.8104426820, 0.9093540667
0.9052213410, 0.9546770333
0.4526106705, 0.4773385167
0.2263053352, 0.2386692583
0.1131526676, 0.1193346292
0.5565763338, 0.5596673146
0.2782881669, 0.2798336573
0.6391440835, 0.6399168286
0.8195720417, 0.3199584143
0.9097860209, 0.6599792072
0.9548930104, 0.8299896036
0.4774465052, 0.4149948018
0.7387232526, 0.2074974009
0.8693616263, 0.6037487004
0.4346808132, 0.8018743502
0.2173404066, 0.4009371751
0.6086702033, 0.2004685876
0.8043351016, 0.6002342938
0.9021675508, 0.3001171469
0.9510837754, 0.6500585734
0.9755418877, 0.3250292867
0.9877709439, 0.6625146434
0.4938854719, 0.8312573217
0.2469427360, 0.4156286608
0.6234713680, 0.2078143304
0.8117356840, 0.6039071652
0.4058678420, 0.3019535826
0.2029339210, 0.6509767913
0.1014669605, 0.3254883957
0.5507334802, 0.6627441978
0.7753667401, 0.8313720989
0.3876833701, 0.4156860495
0.1938416850, 0.2078430247
0.0969208425, 0.1039215124
0.5484604213, 0.0519607562
0.7742302106, 0.5259803781
0.3871151053, 0.2629901890
0.6935575527, 0.1314950945
0.3467787763, 0.0657475473
0.1733893882, 0.0328737736
0.5866946941, 0.0164368868
0.7933473470, 0.5082184434
0.3966736735, 0.2541092217
0.6983368368, 0.1270546109
0.8491684184, 0.5635273054
0.4245842092, 0.7817636527
0.2122921046, 0.3908818264
0.1061460523, 0.1954409132
0.5530730261, 0.5977204566
0.7765365131, 0.2988602283
0.8882682565, 0.6494301141
0.4441341283, 0.8247150571
0.2220670641, 0.9123575285
0.1110335321, 0.9561787643
0.0555167660, 0.4780893821
0.5277583830, 0.7390446911
0.2638791915, 0.3695223455
0.6319395958, 0.1847611728
0.3159697979, 0.0923805864
0.1579848989, 0.0461902932
0.5789924495, 0.0230951466
0.2894962247, 0.0115475733
0.6447481124, 0.0057737866
0.3223740562, 0.0028868933
0.6611870281, 0.0014434467
0.8305935140, 0.5007217233
0.4152967570, 0.7503608617
0.2076483785, 0.3751804308
0.6038241893, 0.6875902154
0.8019120946, 0.8437951077
0.9009560473, 0.9218975539
0.4504780237, 0.4609487769
0.7252390118, 0.7304743885
0.3626195059, 0.3652371942
0.1813097530, 0.1826185971
0.5906548765, 0.0913092986
0.7953274382, 0.5456546493
0.3976637191, 0.2728273246
0.1988318596, 0.6364136623
0.0994159298, 0.3182068312
0.5497079649, 0.6591034156
0.2748539824, 0.3295517078
0.1374269912, 0.6647758539
0.5687134956, 0.3323879269
0.2843567478, 0.6661939635
0.1421783739, 0.8330969817
0.0710891870, 0.4165484909
0.5355445935, 0.2082742454
0.7677722967, 0.1041371227
0.3838861484, 0.0520685614
0.1919430742, 0.0260342807
0.0959715371, 0.0130171403
0.5479857685, 0.0065085702
0.2739928843, 0.5032542851
0.1369964421, 0.2516271425
0.5684982211, 0.1258135713
0.7842491105, 0.5629067856
0.8921245553, 0.7814533928
0.4460622776, 0.3907266964
0.7230311388, 0.6953633482
0.3615155694, 0.3476816741
0.1807577847, 0.1738408371
0.0903788924, 0.0869204185
0.5451894462, 0.5434602093
0.7725947231, 0.7717301046
0.3862973615, 0.3858650523
0.1931486808, 0.6929325262
0.0965743404, 0.3464662631
0.5482871702, 0.1732331315
0.2741435851, 0.0866165658
0.1370717925, 0.5433082829
0.5685358963, 0.2716541414
0.2842679481, 0.1358270707
0.1421339741, 0.0679135354
0.5710669870, 0.5339567677
0.2855334935, 0.2669783838
0.1427667468, 0.1334891919
0.0713833734, 0.5667445960
0.0356916867, 0.7833722980
0.0178458433, 0.8916861490
0.0089229217, 0.4458430745
0.5044614608, 0.7229215372
0.7522307304, 0.8614607686
0.3761153652, 0.4307303843
0.6880576826, 0.7153651922
0.8440288413, 0.3576825961
0.4220144207, 0.6788412980
0.7110072103, 0.3394206490
0.8555036052, 0.6697103245
0.4277518026, 0.3348551623
0.2138759013, 0.1674275811
0.6069379506, 0.0837137906
0.8034689753, 0.5418568953
0.4017344877, 0.7709284476
0.2008672438, 0.8854642238
0.1004336219, 0.4427321119
0.0502168110, 0.2213660560
0.5251084055, 0.1106830280
0.7625542027, 0.5553415140
0.3812771014, 0.7776707570
0.1906385507, 0.3888353785
0.5953192753, 0.1944176892
0.7976596377, 0.0972088446
0.8988298188, 0.5486044223
0.4494149094, 0.2743022112
0.2247074547, 0.6371511056
0.6123537274, 0.8185755528
0.8061768637, 0.9092877764
0.9030884318, 0.9546438882
0.4515442159, 0.4773219441
0.2257721080, 0.7386609720
0.6128860540, 0.3693304860
0.8064430270, 0.1846652430
0.9032215135, 0.5923326215
0.9516107567, 0.2961663108
0.9758053784, 0.6480831554
0.9879026892, 0.3240415777
0.9939513446, 0.1620207888
0.9969756723, 0.5810103944
0.9984878361, 0.2905051972
0.9992439181, 0.1452525986
0.9996219590, 0.5726262993
0.4998109795, 0.7863131497
0.7499054898, 0.3931565748
0.8749527449, 0.6965782874
0.9374763724, 0.3482891437
0.4687381862, 0.6741445719
0.2343690931, 0.3370722859
0.1171845466, 0.6685361430
0.0585922733, 0.3342680715
0.5292961366, 0.6671340357
0.2646480683, 0.3335670179
0.6323240342, 0.1667835089
0.8161620171, 0.5833917545
0.9080810085, 0.7916958772
0.4540405043, 0.8958479386
0.2270202521, 0.9479239693
0.1135101261, 0.9739619847
0.5567550630, 0.4869809923
0.7783775315, 0.7434904962
0.3891887658, 0.8717452481
0.6945943829, 0.4358726240
0.8472971914, 0.7179363120
0.4236485957, 0.8589681560
0.7118242979, 0.4294840780
0.3559121489, 0.2147420390
0.1779560745, 0.1073710195
0.5889780372, 0.0536855098
0.2944890186, 0.0268427549
0.6472445093, 0.5134213774
0.8236222547, 0.2567106887
0.9118111273, 0.6283553444
0.4559055637, 0.8141776722
0.2279527818, 0.4070888361
0.6139763909, 0.7035444180
0.3069881955, 0.3517722090
0.1534940977, 0.6758861045
0.0767470489, 0.8379430523
0.0383735244, 0.4189715261
0.0191867622, 0.7094857631
0.0095933811, 0.3547428815
0.5047966906, 0.6773714408
0.7523983453, 0.8386857204
0.8761991726, 0.9193428602
0.9380995863, 0.4596714301
0.9690497932, 0.2298357150
0.9845248966, 0.1149178575
0.4922624483, 0.0574589288
0.2461312241, 0.5287294644
0.6230656121, 0.2643647322
0.8115328060, 0.6321823661
0.9057664030, 0.8160911830
0.4528832015, 0.4080455915
0.7264416008, 0.2040227958
0.3632208004, 0.1020113979
0.1816104002, 0.5510056989
0.5908052001, 0.7755028495
0.7954026000, 0.8877514247
0.8977013000, 0.9438757124
0.4488506500, 0.4719378562
0.7244253250, 0.7359689281
0.8622126625, 0.8679844640
0.9311063313, 0.9339922320
0.9655531656, 0.9669961160
0.4827765828, 0.4834980580
0.2413882914, 0.2417490290
0.1206941457, 0.1208745145
0.0603470729, 0.0604372573
0.5301735364, 0.0302186286
0.2650867682, 0.0151093143
0.1325433841, 0.0075546572
0.5662716921, 0.0037773286
0.2831358460, 0.0018886643
0.1415679230, 0.0009443321
0.0707839615, 0.0004721661
0.5353919808, 0.5002360830
0.7676959904, 0.2501180415
0.3838479952, 0.1250590208
0.6919239976, 0.0625295104
0.8459619988, 0.5312647552
0.4229809994, 0.2656323776
0.2114904997, 0.1328161888
0.6057452498, 0.5664080944
0.3028726249, 0.2832040472
0.6514363125, 0.1416020236
0.8257181562, 0.5708010118
0.9128590781, 0.2854005059
0.9564295391, 0.1427002529
0.4782147695, 0.5713501265
0.2391073848, 0.7856750632
0.1195536924, 0.8928375316
0.0597768462, 0.4464187658
0.0298884231, 0.2232093829
0.0149442115, 0.1116046915
0.0074721058, 0.0558023457
0.0037360529, 0.5279011729
0.0018680264, 0.2639505864
0.0009340132, 0.1319752932
0.0004670066, 0.0659876466
0.5002335033, 0.5329938233
0.2501167517, 0.2664969117
0.6250583758, 0.1332484558
0.3125291879, 0.0666242279
0.1562645940, 0.5333121140
0.0781322970, 0.2666560570
0.0390661485, 0.1333280285
0.0195330742, 0.5666640142
0.0097665371, 0.2833320071
0.0048832686, 0.6416660036
0.5024416343, 0.3208330018
0.7512208171, 0.1604165009
0.3756104086, 0.0802082504
0.6878052043, 0.5401041252
0.3439026021, 0.2700520626
0.1719513011, 0.1350260313
0.5859756505, 0.5675130157
0.2929878253, 0.2837565078
0.1464939126, 0.1418782539
0.5732469563, 0.0709391270
0.7866234782, 0.5354695635
0.8933117391, 0.2677347817
0.9466558695, 0.1338673909
0.4733279348, 0.5669336954
0.2366639674, 0.7834668477
0.6183319837, 0.3917334239
0.8091659918, 0.6958667119
0.4045829959, 0.8479333560
0.7022914980, 0.4239666780
0.3511457490, 0.2119833390
0.6755728745, 0.1059916695
0.8377864372, 0.5529958347
0.9188932186, 0.2764979174
0.9594466093, 0.6382489587
0.9797233047, 0.8191244793
0.4898616523, 0.4095622397
0.2449308262, 0.7047811198
0.1224654131, 0.3523905599
0.5612327065, 0.1761952800
0.7806163533, 0.0880976400
0.8903081766, 0.5440488200
0.4451540883, 0.2720244100
0.7225770442, 0.1360122050
0.8612885221, 0.5680061025
0.9306442610, 0.2840030512
0.9653221305, 0.1420015256
0.9826610653, 0.0710007628
0.4913305326, 0.0355003814
0.2456652663, 0.5177501907
0.6228326332, 0.2588750954
0.8114163166, 0.6294375477
0.9057081583, 0.3147187738
0.4528540791, 0.1573593869
0.7264270396, 0.0786796935
0.3632135198, 0.0393398467
0.6816067599, 0.0196699234
0.8408033799, 0.5098349617
0.9204016900, 0.2549174808
0.4602008450, 0.1274587404
0.7301004225, 0.5637293702
0.8650502112, 0.7818646851
0.9325251056, 0.8909323426
0.4662625528, 0.4454661713
0.2331312764, 0.7227330856
0.1165656382, 0.3613665428
0.0582828191, 0.1806832714
0.5291414096, 0.0903416357
0.7645707048, 0.0451708179
0.8822853524, 0.5225854089
0.9411426762, 0.7612927045
0.4705713381, 0.3806463522
0.2352856690, 0.1903231761
0.6176428345, 0.5951615881
0.8088214173, 0.7975807940
0.9044107086, 0.8987903970
0.9522053543, 0.4493951985
0.9761026772, 0.2246975993
0.4880513386, 0.6123487996
0.7440256693, 0.3061743998
0.3720128346, 0.1530871999
0.1860064173, 0.0765436000
0.5930032087, 0.0382718000
0.2965016043, 0.0191359000
0.6482508022, 0.5095679500
0.3241254011, 0.2547839750
0.1620627005, 0.6273919875
0.0810313503, 0.8136959937
0.5405156751, 0.4068479969
0.7702578376, 0.2034239984
0.8851289188, 0.6017119992
0.9425644594, 0.8008559996
0.4712822297, 0.4004279998
0.7356411148, 0.2002139999
0.8678205574, 0.6001070000
0.4339102787, 0.3000535000
0.7169551394, 0.6500267500
0.3584775697, 0.3250133750
0.1792387848, 0.1625066875
0.5896193924, 0.0812533437
0.2948096962, 0.5406266719
0.1474048481, 0.2703133359
0.0737024241, 0.1351566680
0.0368512120, 0.5675783340
0.0184256060, 0.2837891670
0.0092128030, 0.1418945835
0.0046064015, 0.5709472917
0.5023032008, 0.7854736459
0.2511516004, 0.3927368229
0.6255758002, 0.6963684115
0.3127879001, 0.3481842057
0.1563939500, 0.6740921029
0.5781969750, 0.3370460514
0.2890984875, 0.1685230257
0.6445492438, 0.0842615129
0.3222746219, 0.0421307564
0.1611373109, 0.5210653782
0.5805686555, 0.2605326891
0.7902843277, 0.6302663446
0.8951421639, 0.8151331723
0.4475710819, 0.4075665861
0.2237855410, 0.2037832931
0.1118927705, 0.1018916465
0.0559463852, 0.5509458233
0.0279731926, 0.2754729116
0.5139865963, 0.6377364558
0.7569932982, 0.8188682279
0.8784966491, 0.9094341140
0.9392483245, 0.4547170570
0.4696241623, 0.2273585285
0.7348120811, 0.1136792642
0.8674060406, 0.5568396321
0.9337030203, 0.2784198161
0.9668515101, 0.6392099080
0.9834257551, 0.3196049540
0.9917128775, 0.6598024770
0.4958564388, 0.8299012385
0.2479282194, 0.4149506193
0.6239641097, 0.7074753096
0.3119820548, 0.8537376548
0.1559910274, 0.4268688274
0.0779955137, 0.2134344137
0.0389977569, 0.1067172069
0.5194988784, 0.0533586034
0.7597494392, 0.0266793017
0.8798747196, 0.0133396509
0.4399373598, 0.5066698254
0.2199686799, 0.2533349127
0.1099843400, 0.6266674564
0.5549921700, 0.3133337282
0.2774960850, 0.6566668641
0.1387480425, 0.3283334320
0.5693740212, 0.6641667160
0.2846870106, 0.3320833580
0.1423435053, 0.6660416790
0.0711717527, 0.3330208395
0.0355858763, 0.6665104198
0.0177929382, 0.8332552099
0.0088964691, 0.9166276049
0.0044482345, 0.9583138025
0.0022241173, 0.9791569012
0.0011120586, 0.4895784506
0.5005560293, 0.7447892253
0.7502780147, 0.8723946127
0.3751390073, 0.9361973063
0.1875695037, 0.9680986532
0.0937847518, 0.4840493266
0.5468923759, 0.7420246633
0.2734461880, 0.8710123316
0.6367230940, 0.4355061658
0.8183615470, 0.7177530829
0.4091807735, 0.3588765415
0.2045903867, 0.6794382707
0.1022951934, 0.8397191354
0.0511475967, 0.9198595677
0.5255737983, 0.4599297838
0.7627868992, 0.2299648919
0.3813934496, 0.6149824460
0.1906967248, 0.3074912230
0.0953483624, 0.1537456115
0.0476741812, 0.5768728057
0.0238370906, 0.2884364029
0.0119185453, 0.1442182014
0.5059592726, 0.0721091007
0.7529796363, 0.5360545504
0.8764898182, 0.2680272752
0.4382449091, 0.6340136376
0.2191224545, 0.3170068188
0.6095612273, 0.1585034094
0.8047806136, 0.5792517047
0.9023903068, 0.2896258523
0.9511951534, 0.6448129262
0.4755975767, 0.3224064631
0.2377987884, 0.6612032315
0.6188993942, 0.3306016158
0.3094496971, 0.6653008079
0.1547248485, 0.8326504039
0.0773624243, 0.9163252020
0.0386812121, 0.9581626010
0.0193406061, 0.4790813005
0.0096703030, 0.2395406502
0.5048351515, 0.6197703251
0.2524175758, 0.8098851626
0.1262087879, 0.4049425813
0.0631043939, 0.2024712906
0.5315521970, 0.1012356453
0.7657760985, 0.5506178227
0.8828880492, 0.2753089113
0.4414440246, 0.6376544557
0.2207220123, 0.3188272278
0.1103610062, 0.1594136139
0.5551805031, 0.0797068070
0.7775902515, 0.5398534035
0.8887951258, 0.7699267017
0.4443975629, 0.3849633509
0.7221987814, 0.6924816754
0.8610993907, 0.8462408377
0.4305496954, 0.4231204189
0.2152748477, 0.7115602094
0.1076374238, 0.8557801047
0.0538187119, 0.9278900524
0.5269093560, 0.9639450262
0.7634546780, 0.9819725131
0.3817273390, 0.4909862565
0.6908636695, 0.7454931283
0.8454318347, 0.3727465641
0.9227159174, 0.6863732821
0.4613579587, 0.3431866410
0.2306789793, 0.1715933205
0.6153394897, 0.5857966603
0.8076697448, 0.7928983301
0.9038348724, 0.8964491651
0.9519174362, 0.9482245825
0.9759587181, 0.4741122913
0.9879793591, 0.2370561456
0.9939896795, 0.1185280728
0.9969948398, 0.5592640364
0.9984974199, 0.7796320182
0.9992487099, 0.3898160091
0.9996243550, 0.1949080046
0.9998121775, 0.0974540023
0.4999060887, 0.5487270011
0.2499530444, 0.2743635006
0.1249765222, 0.1371817503
0.0624882611, 0.0685908751
0.5312441305, 0.5342954376
0.2656220653, 0.7671477188
0.1328110326, 0.8835738594
0.5664055163, 0.9417869297
0.7832027582, 0.9708934648
0.3916013791, 0.9854467324
0.1958006895, 0.4927233662
0.0979003448, 0.2463616831
0.5489501724, 0.1231808416
0.7744750862, 0.5615904208
0.3872375431, 0.2807952104
0.6936187715, 0.1403976052
0.8468093858, 0.5701988026
0.9234046929, 0.2850994013
0.4617023464, 0.1425497006
0.7308511732, 0.0712748503
0.8654255866, 0.5356374252
0.9327127933, 0.7678187126
0.9663563967, 0.3839093563
0.9831781983, 0.1919546781
0.4915890992, 0.0959773391
0.7457945496, 0.5479886695
0.8728972748, 0.7739943348
0.9364486374, 0.3869971674
0.4682243187, 0.1934985837
0.7341121593, 0.5967492918
0.3670560797, 0.2983746459
0.1835280398, 0.1491873230
0.0917640199, 0.5745936615
0.0458820100, 0.2872968307
0.5229410050, 0.6436484154
0.7614705025, 0.3218242077
0.8807352512, 0.6609121038
0.9403676256, 0.3304560519
0.4701838128, 0.6652280260
0.2350919064, 0.3326140130
0.1175459532, 0.1663070065
0.0587729766, 0.5831535032
0.5293864883, 0.2915767516
0.2646932442, 0.1457883758
0.6323466221, 0.5728941879
0.8161733110, 0.2864470940
0.9080866555, 0.6432235470
0.9540433278, 0.8216117735
0.9770216639, 0.4108058867
0.4885108319, 0.2054029434
0.7442554160, 0.6027014717
0.3721277080, 0.3013507358
0.6860638540, 0.1506753679
0.3430319270, 0.5753376840
0.1715159635, 0.2876688420
0.5857579817, 0.6438344210
0.7928789909, 0.8219172105
0.3964394954, 0.9109586052
0.6982197477, 0.4554793026
0.8491098739, 0.2277396513
0.9245549369, 0.1138698257
0.9622774685, 0.5569349128
0.4811387342, 0.2784674564
0.2405693671, 0.1392337282
0.1202846836, 0.0696168641
0.5601423418, 0.0348084321
0.7800711709, 0.0174042160
0.3900355854, 0.0087021080
0.6950177927, 0.0043510540
0.3475088964, 0.5021755270
0.1737544482, 0.2510877635
0.0868772241, 0.1255438818
0.0434386120, 0.0627719409
0.5217193060, 0.5313859704
0.7608596530, 0.2656929852
0.8804298265, 0.1328464926
0.4402149133, 0.0664232463
0.2201074566, 0.5332116232
0.1100537283, 0.2666058116
0.5550268642, 0.6333029058
0.2775134321, 0.3166514529
0.6387567160, 0.6583257264
0.8193783580, 0.8291628632
0.9096891790, 0.9145814316
0.9548445895, 0.9572907158
0.9774222948, 0.4786453579
0.9887111474, 0.7393226790
0.9943555737, 0.8696613395
0.4971777868, 0.4348306697
0.7485888934, 0.2174153349
0.3742944467, 0.6087076674
0.1871472234, 0.3043538337
0.0935736117, 0.1521769169
0.0467868058, 0.5760884584
0.5233934029, 0.2880442292
0.2616967015, 0.6440221146
0.6308483507, 0.3220110573
0.3154241754, 0.6610055287
0.1577120877, 0.8305027643
0.0788560438, 0.9152513822
0.0394280219, 0.4576256911
0.0197140110, 0.2288128455
0.0098570055, 0.6144064228
0.0049285027, 0.8072032114
0.0024642514, 0.4036016057
0.5012321257, 0.2018008028
0.7506160628, 0.6009004014
0.8753080314, 0.3004502007
0.4376540157, 0.6502251004
0.2188270079, 0.3251125502
0.1094135039, 0.1625562751
0.0547067520, 0.0812781375
0.5273533760, 0.0406390688
0.2636766880, 0.5203195344
0.1318383440, 0.2601597672
0.0659191720, 0.1300798836
0.5329595860, 0.0650399418
0.7664797930, 0.0325199709
0.3832398965, 0.0162599854
0.1916199482, 0.5081299927
0.0958099741, 0.2540649964
0.0479049871, 0.6270324982
0.0239524935, 0.3135162491
0.0119762468, 0.1567581245
0.0059881234, 0.0783790623
0.0029940617, 0.5391895311
0.0014970308, 0.2695947656
0.0007485154, 0.6347973828
0.5003742577, 0.3173986914
0.7501871289, 0.6586993457
0.8750935644, 0.8293496728
0.9375467822, 0.4146748364
0.9687733911, 0.7073374182
0.9843866956, 0.3536687091
0.4921933478, 0.6768343546
0.2460966739, 0.8384171773
0.1230483369, 0.4192085886
0.0615241685, 0.2096042943
0.0307620842, 0.6048021472
0.0153810421, 0.3024010736
0.0076905211, 0.1512005368
0.5038452605, 0.0756002684
0.7519226303, 0.5378001342
0.3759613151, 0.2689000671
0.1879806576, 0.6344500335
0.5939903288, 0.3172250168
0.7969951644, 0.6586125084
0.8984975822, 0.8293062542
0.9492487911, 0.4146531271
0.4746243955, 0.7073265635
0.7373121978, 0.8536632818
0.8686560989, 0.9268316409
0.9343280494, 0.9634158204
0.4671640247, 0.9817079102
0.7335820124, 0.4908539551
0.3667910062, 0.2454269776
0.6833955031, 0.1227134888
0.8416977515, 0.0613567444
0.4208488758, 0.5306783722
0.2104244379, 0.2653391861
0.6052122189, 0.6326695930
0.8026061095, 0.8163347965
0.9013030547, 0.4081673983
0.4506515274, 0.2040836991
0.7253257637, 0.6020418496
0.8626628818, 0.3010209248
0.9313314409, 0.1505104624
0.9656657205, 0.0752552312
0.4828328602, 0.5376276156
0.2414164301, 0.2688138078
0.6207082151, 0.1344069039
0.8103541075, 0.0672034519
0.9051770538, 0.5336017260
0.9525885269, 0.2668008630
0.4762942634, 0.6334004315
0.2381471317, 0.3167002157
0.1190735659, 0.1583501079
0.0595367829, 0.0791750539
0.0297683915, 0.0395875270
0.0148841957, 0.5197937635
0.0074420979, 0.7598968817
0.0037210489, 0.3799484409
0.0018605245, 0.1899742204
0.5009302622, 0.5949871102
0.7504651311, 0.7974935551
0.3752325656, 0.3987467776
0.1876162828, 0.6993733888
0.5938081414, 0.3496866944
0.7969040707, 0.6748433472
0.8984520353, 0.3374216736
0.9492260177, 0.1687108368
0.9746130088, 0.0843554184
0.9873065044, 0.0421777092
0.4936532522, 0.5210888546
0.2468266261, 0.2605444273
0.6234133131, 0.6302722136
0.3117066565, 0.8151361068
0.1558533283, 0.9075680534
0.0779266641, 0.9537840267
0.5389633321, 0.4768920134
0.7694816660, 0.7384460067
0.8847408330, 0.3692230033
0.9423704165, 0.1846115017
0.9711852083, 0.0923057508
0.9855926041, 0.0461528754
0.9927963021, 0.0230764377
0.4963981510, 0.0115382189
0.7481990755, 0.0057691094
0.8740995378, 0.5028845547
0.9370497689, 0.2514422774
0.9685248844, 0.1257211387
0.9842624422, 0.5628605693
0.4921312211, 0.2814302847
0.7460656106, 0.6407151423
0.3730328053, 0.8203575712
0.6865164026, 0.4101787856
0.8432582013, 0.2050893928
0.4216291007, 0.1025446964
0.7108145503, 0.0512723482
0.3554072752, 0.0256361741
0.1777036376, 0.5128180870
0.5888518188, 0.7564090435
0.2944259094, 0.3782045218
0.6472129547, 0.6891022609
0.8236064773, 0.8445511304
0.9118032387, 0.9222755652
0.4559016193, 0.4611377826
0.7279508097, 0.7305688913
0.8639754048, 0.8652844457
0.4319877024, 0.9326422228
0.2159938512, 0.9663211114
0.1079969256, 0.9831605557
0.0539984628, 0.4915802779
0.0269992314, 0.2457901389
0.0134996157, 0.6228950695
0.0067498079, 0.3114475347
0.0033749039, 0.1557237674
0.5016874520, 0.5778618837
0.2508437260, 0.2889309418
0.1254218630, 0.1444654709
0.5627109315, 0.0722327355
0.7813554657, 0.5361163677
0.3906777329, 0.2680581839
0.6953388664, 0.1340290919
0.8476694332, 0.5670145460
0.4238347166, 0.2835072730
0.7119173583, 0.1417536365
0.8559586792, 0.5708768182
0.9279793396, 0.2854384091
0.4639896698, 0.6427192046
0.7319948349, 0.3213596023
0.3659974174, 0.6606798011
0.6829987087, 0.3303399006
0.8414993544, 0.1651699503
0.9207496772, 0.5825849751
0.9603748386, 0.7912924876
0.4801874193, 0.3956462438
0.2400937096, 0.6978231219
0.1200468548, 0.3489115609
0.0600234274, 0.1744557805
0.5300117137, 0.5872278902
0.2650058569, 0.7936139451
0.1325029284, 0.3968069726
0.0662514642, 0.1984034863
0.5331257321, 0.0992017431
0.2665628661, 0.0496008716
0.6332814330, 0.5248004358
0.8166407165, 0.2624002179
0.4083203583, 0.1312001089
0.7041601791, 0.0656000545
0.3520800896, 0.0328000272
0.6760400448, 0.5164000136
0.8380200224, 0.2582000068
0.9190100112, 0.1291000034
0.4595050056, 0.0645500017
0.2297525028, 0.5322750009
0.6148762514, 0.2661375004
0.8074381257, 0.1330687502
0.9037190628, 0.0665343751
0.4518595314, 0.5332671876
0.7259297657, 0.2666335938
0.8629648829, 0.6333167969
0.9314824414, 0.3166583984
0.9657412207, 0.6583291992
0.9828706104, 0.8291645996
0.4914353052, 0.4145822998
0.2457176526, 0.7072911499
0.6228588263, 0.3536455750
0.3114294131, 0.1768227875
0.6557147066, 0.5884113937
0.3278573533, 0.2942056969
0.1639286766, 0.6471028484
0.0819643383, 0.3235514242
0.0409821692, 0.1617757121
0.5204910846, 0.0808878561
0.7602455423, 0.5404439280
0.3801227711, 0.2702219640
0.1900613856, 0.1351109820
0.0950306928, 0.5675554910
0.0475153464, 0.7837777455
0.5237576732, 0.3918888728
0.7618788366, 0.6959444364
0.8809394183, 0.8479722182
0.4404697091, 0.4239861091
0.7202348546, 0.2119930545
0.3601174273, 0.6059965273
0.6800587136, 0.8029982636
0.8400293568, 0.9014991318
0.9200146784, 0.9507495659
0.4600073392, 0.4753747830
0.2300036696, 0.2376873915
0.1150018348, 0.1188436957
0.5575009174, 0.0594218479
0.7787504587, 0.0297109239
0.8893752294, 0.5148554620
0.9446876147, 0.7574277310
0.4723438073, 0.8787138655
0.2361719037, 0.9393569327
0.6180859518, 0.9696784664
0.8090429759, 0.9848392332
0.4045214880, 0.4924196166
0.7022607440, 0.2462098083
0.8511303720, 0.6231049041
0.9255651860, 0.8115524521
0.9627825930, 0.4057762260
0.9813912965, 0.2028881130
0.4906956482, 0.6014440565
0.7453478241, 0.3007220283
0.3726739121, 0.1503610141
0.1863369560, 0.0751805071
0.0931684780, 0.5375902535
0.0465842390, 0.2687951268
0.5232921195, 0.1343975634
0.7616460598, 0.0671987817
0.8808230299, 0.5335993908
0.9404115149, 0.7667996954
0.9702057575, 0.8833998477
0.9851028787, 0.4416999239
0.9925514394, 0.2208499619
0.9962757197, 0.1104249810
0.4981378598, 0.0552124905
0.7490689299, 0.0276062452
0.8745344650, 0.5138031226
0.4372672325, 0.7569015613
0.2186336162, 0.8784507807
0.1093168081, 0.9392253903
0.0546584041, 0.4696126952
0.0273292020, 0.2348063476
0.5136646010, 0.6174031738
0.7568323005, 0.3087015869
0.3784161503, 0.1543507934
0.1892080751, 0.0771753967
0.5946040376, 0.0385876984
0.2973020188, 0.0192938492
0.6486510094, 0.5096469246
0.3243255047, 0.2548234623
