0.7500000000, 0.7500000000
0.3750000000, 0.8750000000
0.6875000000, 0.9375000000
0.3437500000, 0.4687500000
0.6718750000, 0.7343750000
0.3359375000, 0.3671875000
0.6679687500, 0.1835937500
0.8339843750, 0.5917968750
0.4169921875, 0.2958984375
0.2084960938, 0.1479492188
0.6042480469, 0.0739746094
0.3021240234, 0.5369873047
0.1510620117, 0.7684936523
0.5755310059, 0.8842468262
0.2877655029, 0.4421234131
0.1438827515, 0.2210617065
0.5719413757, 0.1105308533
0.2859706879, 0.5552654266
0.1429853439, 0.2776327133
0.5714926720, 0.6388163567
0.2857463360, 0.3194081783
0.1428731680, 0.1597040892
0.5714365840, 0.5798520446
0.2857182920, 0.2899260223
0.6428591460, 0.1449630111
0.3214295730, 0.0724815056
0.1607147865, 0.0362407528
0.5803573932, 0.0181203764
0.2901786966, 0.0090601882
0.1450893483, 0.0045300941
0.0725446742, 0.5022650470
0.0362723371, 0.2511325235
0.0181361685, 0.1255662618
0.5090680843, 0.0627831309
0.2545340421, 0.5313915654
0.6272670211, 0.7656957827
0.8136335105, 0.8828478914
0.9068167553, 0.9414239457
0.9534083776, 0.9707119728
0.9767041888, 0.4853559864
0.4883520944, 0.2426779932
0.7441760472, 0.6213389966
0.8720880236, 0.3106694983
0.9360440118, 0.6553347492
0.4680220059, 0.3276673746
0.2340110030, 0.1638336873
0.6170055015, 0.0819168436
0.3085027507, 0.0409584218
0.1542513754, 0.5204792109
0.0771256877, 0.7602396055
0.0385628438, 0.3801198027
0.0192814219, 0.6900599014
0.5096407110, 0.3450299507
0.2548203555, 0.6725149753
0.6274101777, 0.3362574877
0.3137050889, 0.1681287438
0.6568525444, 0.0840643719
0.3284262722, 0.5420321860
0.1642131361, 0.2710160930
0.0821065681, 0.1355080465
0.0410532840, 0.5677540232
0.0205266420, 0.2838770116
0.0102633210, 0.1419385058
0.5051316605, 0.0709692529
0.2525658303, 0.0354846265
0.6262829151, 0.5177423132
0.3131414576, 0.7588711566
0.1565707288, 0.8794355783
0.0782853644, 0.9397177892
0.5391426822, 0.4698588946
0.7695713411, 0.2349294473
0.3847856705, 0.6174647236
0.6923928353, 0.3087323618
0.3461964176, 0.6543661809
0.1730982088, 0.3271830905
0.5865491044, 0.1635915452
0.7932745522, 0.0817957726
0.8966372761, 0.5408978863
0.9483186381, 0.7704489432
0.4741593190, 0.3852244716
0.7370796595, 0.6926122358
0.8685398298, 0.3463061179
0.9342699149, 0.6731530589
0.9671349574, 0.8365765295
0.9835674787, 0.9182882647
0.9917837394, 0.9591441324
0.4958918697, 0.4795720662
0.2479459348, 0.2397860331
0.1239729674, 0.6198930165
0.5619864837, 0.3099465083
0.7809932419, 0.1549732541
0.3904966209, 0.0774866271
0.6952483105, 0.5387433135
0.8476241552, 0.2693716568
0.9238120776, 0.1346858284
0.9619060388, 0.0673429142
0.9809530194, 0.0336714571
0.4904765097, 0.5168357285
0.2452382549, 0.2584178643
0.1226191274, 0.1292089321
0.0613095637, 0.5646044661
0.0306547819, 0.2823022330
0.0153273909, 0.6411511165
0.0076636955, 0.3205755583
0.5038318477, 0.6602877791
0.7519159239, 0.3301438896
0.3759579619, 0.6650719448
0.1879789810, 0.3325359724
0.5939894905, 0.1662679862
0.2969947452, 0.0831339931
0.1484973726, 0.5415669965
0.0742486863, 0.2707834983
0.5371243432, 0.1353917491
0.7685621716, 0.5676958746
0.3842810858, 0.2838479373
0.6921405429, 0.6419239686
0.3460702714, 0.3209619843
0.1730351357, 0.1604809922
0.0865175679, 0.0802404961
0.0432587839, 0.0401202480
0.5216293920, 0.0200601240
0.2608146960, 0.0100300620
0.6304073480, 0.5050150310
0.8152036740, 0.7525075155
0.9076018370, 0.8762537578
0.9538009185, 0.9381268789
0.4769004592, 0.4690634394
0.2384502296, 0.7345317197
0.1192251148, 0.8672658599
0.0596125574, 0.4336329299
0.5298062787, 0.2168164650
0.2649031394, 0.6084082325
0.1324515697, 0.3042041162
0.0662257848, 0.1521020581
0.0331128924, 0.0760510291
0.5165564462, 0.0380255145
0.2582782231, 0.0190127573
0.6291391116, 0.5095063786
0.8145695558, 0.2547531893
0.9072847779, 0.6273765947
0.4536423889, 0.3136882973
0.2268211945, 0.6568441487
0.1134105972, 0.8284220743
0.0567052986, 0.9142110372
0.0283526493, 0.4571055186
0.5141763247, 0.2285527593
0.2570881623, 0.6142763796
0.1285440812, 0.8071381898
0.0642720406, 0.4035690949
0.0321360203, 0.2017845475
0.0160680101, 0.6008922737
0.0080340051, 0.3004461369
0.0040170025, 0.1502230684
0.5020085013, 0.0751115342
0.2510042506, 0.0375557671
0.1255021253, 0.0187778836
0.0627510627, 0.5093889418
0.5313755313, 0.7546944709
0.2656877657, 0.3773472354
0.1328438828, 0.6886736177
0.0664219414, 0.8443368089
0.0332109707, 0.9221684044
0.0166054854, 0.9610842022
0.5083027427, 0.4805421011
0.7541513713, 0.7402710506
0.3770756857, 0.8701355253
0.1885378428, 0.4350677626
0.5942689214, 0.7175338813
0.7971344607, 0.3587669407
0.3985672304, 0.1793834703
0.1992836152, 0.5896917352
0.0996418076, 0.7948458676
0.5498209038, 0.8974229338
0.2749104519, 0.4487114669
0.1374552259, 0.2243557334
0.0687276130, 0.6121778667
0.5343638065, 0.3060889334
0.7671819032, 0.6530444667
0.3835909516, 0.8265222333
0.1917954758, 0.4132611167
0.5958977379, 0.7066305583
0.7979488690, 0.3533152792
0.8989744345, 0.6766576396
0.4494872172, 0.3383288198
0.2247436086, 0.6691644099
0.1123718043, 0.3345822049
0.0561859022, 0.6672911025
0.5280929511, 0.3336455512
0.2640464755, 0.1668227756
0.6320232378, 0.0834113878
0.3160116189, 0.0417056939
0.1580058094, 0.0208528470
0.5790029047, 0.0104264235
0.2895014524, 0.0052132117
0.1447507262, 0.0026066059
0.0723753631, 0.5013033029
0.0361876815, 0.2506516515
0.5180938408, 0.1253258257
0.2590469204, 0.0626629129
0.1295234602, 0.5313314564
0.0647617301, 0.2656657282
0.0323808650, 0.1328328641
0.5161904325, 0.0664164321
0.2580952163, 0.0332082160
0.1290476081, 0.0166041080
0.0645238041, 0.5083020540
0.0322619020, 0.2541510270
0.0161309510, 0.6270755135
0.5080654755, 0.3135377568
0.7540327378, 0.6567688784
0.8770163689, 0.3283844392
0.9385081844, 0.6641922196
0.4692540922, 0.3320961098
0.7346270461, 0.1660480549
0.3673135231, 0.0830240274
0.1836567615, 0.0415120137
0.0918283808, 0.0207560069
0.0459141904, 0.5103780034
0.0229570952, 0.2551890017
0.0114785476, 0.1275945009
0.0057392738, 0.5637972504
0.0028696369, 0.2818986252
0.5014348184, 0.1409493126
0.2507174092, 0.0704746563
0.1253587046, 0.0352373282
0.0626793523, 0.5176186641
0.0313396762, 0.2588093320
0.0156698381, 0.1294046660
0.0078349190, 0.5647023330
0.0039174595, 0.2823511665
0.0019587298, 0.1411755833
0.0009793649, 0.5705877916
0.0004896824, 0.2852938958
0.0002448412, 0.1426469479
0.5001224206, 0.0713234740
0.2500612103, 0.0356617370
0.1250306052, 0.0178308685
0.5625153026, 0.0089154342
0.2812576513, 0.0044577171
0.1406288256, 0.0022288586
0.0703144128, 0.5011144293
0.5351572064, 0.2505572146
0.7675786032, 0.6252786073
0.3837893016, 0.3126393037
0.1918946508, 0.1563196518
0.5959473254, 0.5781598259
0.2979736627, 0.7890799130
0.1489868314, 0.3945399565
0.5744934157, 0.6972699782
0.2872467078, 0.3486349891
0.1436233539, 0.1743174946
0.0718116770, 0.0871587473
0.5359058385, 0.5435793736
0.7679529192, 0.7717896868
0.3839764596, 0.8858948434
0.1919882298, 0.9429474217
0.5959941149, 0.4714737109
0.7979970575, 0.2357368554
0.8989985287, 0.1178684277
0.4494992644, 0.5589342139
0.2247496322, 0.2794671069
0.1123748161, 0.1397335535
0.5561874080, 0.5698667767
0.7780937040, 0.2849333884
0.3890468520, 0.6424666942
0.6945234260, 0.3212333471
0.3472617130, 0.6606166735
0.1736308565, 0.8303083368
0.0868154283, 0.4151541684
0.0434077141, 0.7075770842
0.5217038571, 0.3537885421
0.2608519285, 0.1768942710
0.1304259643, 0.5884471355
0.0652129821, 0.7942235678
0.5326064911, 0.8971117839
0.2663032455, 0.9485558919
0.6331516228, 0.4742779460
0.8165758114, 0.7371389730
0.9082879057, 0.3685694865
0.9541439528, 0.6842847432
0.4770719764, 0.8421423716
0.2385359882, 0.9210711858
0.1192679941, 0.9605355929
0.0596339971, 0.9802677965
0.5298169985, 0.4901338982
0.7649084993, 0.2450669491
0.3824542496, 0.6225334746
0.1912271248, 0.3112667373
0.5956135624, 0.6556333686
0.2978067812, 0.3278166843
0.6489033906, 0.6639083422
0.8244516953, 0.8319541711
0.4122258477, 0.4159770855
0.7061129238, 0.2079885428
0.8530564619, 0.1039942714
0.4265282310, 0.5519971357
0.7132641155, 0.2759985678
0.8566320577, 0.1379992839
0.4283160289, 0.5689996420
0.2141580144, 0.7844998210
0.1070790072, 0.8922499105
0.5535395036, 0.4461249552
0.7767697518, 0.2230624776
0.8883848759, 0.1115312388
0.9441924380, 0.0557656194
0.4720962190, 0.5278828097
0.2360481095, 0.2639414049
0.1180240547, 0.6319707024
0.0590120274, 0.3159853512
0.0295060137, 0.1579926756
0.5147530068, 0.5789963378
0.7573765034, 0.7894981689
0.3786882517, 0.3947490845
0.1893441259, 0.6973745422
0.0946720629, 0.3486872711
0.0473360315, 0.1743436356
0.5236680157, 0.0871718178
0.7618340079, 0.5435859089
0.3809170039, 0.7717929544
0.1904585020, 0.3858964772
0.0952292510, 0.1929482386
0.5476146255, 0.0964741193
0.2738073127, 0.0482370597
0.1369036564, 0.5241185298
0.5684518282, 0.7620592649
0.2842259141, 0.3810296325
0.1421129570, 0.6905148162
0.5710564785, 0.3452574081
0.7855282393, 0.6726287041
0.8927641196, 0.8363143520
0.9463820598, 0.9181571760
0.9731910299, 0.4590785880
0.9865955150, 0.7295392940
0.4932977575, 0.3647696470
0.7466488787, 0.6823848235
0.3733244394, 0.3411924118
0.1866622197, 0.1705962059
0.0933311098, 0.5852981029
0.0466655549, 0.2926490515
0.0233327775, 0.1463245257
0.0116663887, 0.0731622629
0.5058331944, 0.5365811314
0.2529165972, 0.2682905657
0.6264582986, 0.1341452829
0.8132291493, 0.5670726414
0.9066145746, 0.2835363207
0.4533072873, 0.6417681604
0.2266536437, 0.3208840802
0.6133268218, 0.1604420401
0.3066634109, 0.0802210200
0.6533317055, 0.5401105100
0.8266658527, 0.2700552550
0.4133329264, 0.6350276275
0.2066664632, 0.3175138138
0.1033332316, 0.6587569069
0.0516666158, 0.3293784534
0.0258333079, 0.1646892267
0.5129166539, 0.5823446134
0.7564583270, 0.7911723067
0.8782291635, 0.8955861533
0.4391145817, 0.4477930767
0.7195572909, 0.7238965383
0.3597786454, 0.8619482692
0.1798893227, 0.9309741346
0.5899446614, 0.4654870673
0.7949723307, 0.2327435336
0.3974861653, 0.1163717668
0.6987430827, 0.0581858834
0.8493715413, 0.5290929417
0.9246857707, 0.2645464709
0.9623428853, 0.1322732354
0.4811714427, 0.0661366177
0.7405857213, 0.5330683089
0.3702928607, 0.7665341544
0.6851464303, 0.3832670772
0.8425732152, 0.6916335386
0.4212866076, 0.8458167693
0.7106433038, 0.9229083847
0.3553216519, 0.4614541923
0.6776608259, 0.2307270962
0.3388304130, 0.1153635481
0.1694152065, 0.0576817740
0.5847076032, 0.0288408870
0.7923538016, 0.5144204435
0.3961769008, 0.2572102218
0.1980884504, 0.6286051109
0.0990442252, 0.3143025554
0.0495221126, 0.1571512777
0.0247610563, 0.5785756389
0.5123805282, 0.2892878194
0.7561902641, 0.6446439097
0.3780951320, 0.8223219549
0.6890475660, 0.4111609774
0.8445237830, 0.7055804887
0.9222618915, 0.8527902444
0.9611309458, 0.4263951222
0.4805654729, 0.7131975611
0.2402827364, 0.8565987805
0.6201413682, 0.4282993903
0.8100706841, 0.2141496951
0.9050353421, 0.1070748476
0.9525176710, 0.5535374238
0.4762588355, 0.7767687119
0.7381294178, 0.3883843559
0.3690647089, 0.6941921780
0.6845323544, 0.3470960890
0.3422661772, 0.6735480445
0.6711330886, 0.8367740222
0.3355665443, 0.9183870111
0.1677832722, 0.4591935056
0.0838916361, 0.7295967528
0.0419458180, 0.3647983764
0.0209729090, 0.1823991882
0.5104864545, 0.5911995941
0.7552432273, 0.7955997970
0.3776216136, 0.3977998985
0.6888108068, 0.6988999493
0.3444054034, 0.8494499746
0.1722027017, 0.4247249873
0.5861013509, 0.2123624937
0.7930506754, 0.1061812468
0.8965253377, 0.5530906234
0.4482626689, 0.7765453117
0.7241313344, 0.3882726559
0.3620656672, 0.1941363279
0.6810328336, 0.5970681640
0.8405164168, 0.7985340820
0.9202582084, 0.8992670410
0.4601291042, 0.4496335205
0.2300645521, 0.7248167602
0.6150322761, 0.3624083801
0.3075161380, 0.1812041901
0.1537580690, 0.0906020950
0.0768790345, 0.0453010475
0.0384395173, 0.5226505238
0.0192197586, 0.2613252619
0.5096098793, 0.1306626309
0.2548049397, 0.0653313155
0.6274024698, 0.5326656577
0.3137012349, 0.7663328289
0.1568506175, 0.3831664144
0.0784253087, 0.1915832072
0.5392126544, 0.0957916036
0.7696063272, 0.5478958018
0.8848031636, 0.7739479009
0.9424015818, 0.8869739505
0.4712007909, 0.4434869752
0.2356003954, 0.7217434876
0.1178001977, 0.8608717438
0.0589000989, 0.4304358719
0.5294500494, 0.2152179360
0.7647250247, 0.1076089680
0.3823625124, 0.0538044840
0.1911812562, 0.0269022420
0.0955906281, 0.0134511210
0.5477953140, 0.5067255605
0.2738976570, 0.2533627802
0.1369488285, 0.6266813901
0.0684744143, 0.3133406951
0.5342372071, 0.6566703475
0.7671186036, 0.8283351738
0.3835593018, 0.4141675869
0.1917796509, 0.7070837934
0.0958898254, 0.3535418967
0.0479449127, 0.6767709484
0.0239724564, 0.8383854742
0.0119862282, 0.4191927371
0.5059931141, 0.2095963685
0.2529965570, 0.1047981843
0.1264982785, 0.5523990921
0.0632491393, 0.2761995461
0.5316245696, 0.6380997730
0.7658122848, 0.8190498865
0.8829061424, 0.4095249433
0.4414530712, 0.7047624716
0.7207265356, 0.3523812358
0.3603632678, 0.6761906179
0.6801816339, 0.3380953090
0.3400908170, 0.1690476545
0.1700454085, 0.0845238272
0.5850227042, 0.0422619136
0.7925113521, 0.0211309568
0.3962556761, 0.5105654784
0.6981278380, 0.7552827392
0.8490639190, 0.3776413696
0.9245319595, 0.1888206848
0.9622659798, 0.0944103424
0.4811329899, 0.5472051712
0.2405664949, 0.7736025856
0.1202832475, 0.8868012928
0.0601416237, 0.4434006464
0.0300708119, 0.2217003232
0.5150354059, 0.1108501616
0.2575177030, 0.0554250808
0.6287588515, 0.5277125404
0.8143794257, 0.7638562702
0.4071897129, 0.3819281351
0.2035948564, 0.1909640676
0.1017974282, 0.5954820338
0.0508987141, 0.2977410169
0.5254493571, 0.6488705084
0.2627246785, 0.8244352542
0.6313623393, 0.4122176271
0.3156811696, 0.7061088136
0.1578405848, 0.8530544068
0.0789202924, 0.4265272034
0.5394601462, 0.7132636017
0.7697300731, 0.3566318008
0.3848650366, 0.1783159004
0.1924325183, 0.5891579502
0.5962162591, 0.2945789751
0.2981081296, 0.1472894876
0.6490540648, 0.5736447438
0.8245270324, 0.7868223719
0.4122635162, 0.3934111859
0.2061317581, 0.1967055930
0.1030658790, 0.0983527965
0.5515329395, 0.0491763982
0.7757664698, 0.0245881991
0.3878832349, 0.0122940996
0.1939416174, 0.5061470498
0.0969708087, 0.2530735249
0.0484854044, 0.1265367624
0.0242427022, 0.0632683812
0.5121213511, 0.5316341906
0.2560606755, 0.2658170953
0.6280303378, 0.6329085477
0.3140151689, 0.3164542738
0.6570075844, 0.1582271369
0.3285037922, 0.0791135685
0.6642518961, 0.0395567842
0.8321259481, 0.5197783921
0.4160629740, 0.7598891961
0.2080314870, 0.3799445980
0.6040157435, 0.1899722990
0.8020078718, 0.0949861495
0.9010039359, 0.5474930748
0.4505019679, 0.7737465374
0.7252509840, 0.3868732687
0.8626254920, 0.1934366343
0.9313127460, 0.5967183172
0.9656563730, 0.7983591586
0.9828281865, 0.3991795793
0.4914140932, 0.6995897896
0.7457070466, 0.8497948948
0.3728535233, 0.4248974474
0.6864267617, 0.7124487237
0.3432133808, 0.8562243619
0.1716066904, 0.4281121809
0.5858033452, 0.7140560905
0.2929016726, 0.8570280452
0.1464508363, 0.4285140226
0.5732254182, 0.7142570113
0.7866127091, 0.3571285057
0.8933063545, 0.1785642528
0.9466531773, 0.5892821264
0.4733265886, 0.7946410632
0.7366632943, 0.3973205316
0.8683316472, 0.1986602658
0.9341658236, 0.0993301329
0.9670829118, 0.5496650665
0.4835414559, 0.2748325332
0.2417707279, 0.6374162666
0.6208853640, 0.8187081333
0.8104426820, 0.9093540667
0.9052213410, 0.9546770333
0.4526106705, 0.4773385167
0.2263053352, 0.2386692583
0.1131526676, 0.1193346292
0.5565763338, 0.5596673146
0.2782881669, 0.2798336573
0.6391440835, 0.6399168286
0.8195720417, 0.3199584143
0.9097860209, 0.6599792072
0.9548930104, 0.8299896036
0.4774465052, 0.4149948018
0.7387232526, 0.2074974009
0.8693616263, 0.6037487004
0.4346808132, 0.8018743502
0.2173404066, 0.4009371751
0.6086702033, 0.2004685876
0.8043351016, 0.6002342938
0.9021675508, 0.3001171469
0.9510837754, 0.6500585734
0.9755418877, 0.3250292867
0.9877709439, 0.6625146434
0.4938854719, 0.8312573217
0.2469427360, 0.4156286608
0.6234713680, 0.2078143304
0.8117356840, 0.6039071652
0.4058678420, 0.3019535826
0.2029339210, 0.6509767913
0.1014669605, 0.3254883957
0.5507334802, 0.6627441978
0.7753667401, 0.8313720989
0.3876833701, 0.4156860495
0.1938416850, 0.2078430247
0.0969208425, 0.1039215124
0.0484604213, 0.5519607562
0.5242302106, 0.7759803781
0.2621151053, 0.3879901890
0.6310575527, 0.1939950945
0.3155287763, 0.0969975473
0.1577643882, 0.0484987736
0.5788821941, 0.0242493868
0.7894410970, 0.5121246934
0.3947205485, 0.2560623467
0.6973602743, 0.1280311734
0.8486801371, 0.5640155867
0.4243400686, 0.7820077933
0.2121700343, 0.3910038967
0.1060850171, 0.1955019483
0.5530425086, 0.5977509742
0.7765212543, 0.2988754871
0.8882606271, 0.6494377435
0.4441303136, 0.8247188718
0.2220651568, 0.9123594359
0.1110325784, 0.9561797179
0.0555162892, 0.4780898590
0.5277581446, 0.7390449295
0.2638790723, 0.3695224647
0.6319395361, 0.1847612324
0.3159697681, 0.0923806162
0.1579848840, 0.0461903081
0.5789924420, 0.0230951540
0.2894962210, 0.0115475770
0.6447481105, 0.0057737885
0.3223740553, 0.0028868943
0.6611870276, 0.0014434471
0.8305935138, 0.5007217236
0.9152967569, 0.7503608618
0.4576483785, 0.3751804309
0.7288241892, 0.6875902154
0.8644120946, 0.8437951077
0.9322060473, 0.9218975539
0.4661030237, 0.4609487769
0.7330515118, 0.7304743885
0.3665257559, 0.3652371942
0.1832628780, 0.1826185971
0.5916314390, 0.0913092986
0.7958157195, 0.5456546493
0.3979078597, 0.2728273246
0.1989539299, 0.6364136623
0.0994769649, 0.3182068312
0.5497384825, 0.6591034156
0.2748692412, 0.3295517078
0.1374346206, 0.6647758539
0.5687173103, 0.3323879269
0.2843586552, 0.6661939635
0.1421793276, 0.8330969817
0.0710896638, 0.4165484909
0.5355448319, 0.2082742454
0.2677724159, 0.6041371227
0.1338862080, 0.3020685614
0.0669431040, 0.1510342807
0.0334715520, 0.0755171403
0.5167357760, 0.0377585702
0.2583678880, 0.5188792851
0.1291839440, 0.2594396425
0.5645919720, 0.1297198213
0.7822959860, 0.5648599106
0.8911479930, 0.7824299553
0.4455739965, 0.3912149777
0.7227869982, 0.6956074888
0.3613934991, 0.3478037444
0.1806967496, 0.1739018722
0.0903483748, 0.0869509361
0.5451741874, 0.5434754681
0.7725870937, 0.7717377340
0.3862935468, 0.3858688670
0.1931467734, 0.6929344335
0.0965733867, 0.3464672168
0.5482866934, 0.1732336084
0.2741433467, 0.0866168042
0.1370716733, 0.5433084021
0.5685358367, 0.2716542010
0.2842679183, 0.1358271005
0.1421339592, 0.0679135503
0.5710669796, 0.5339567751
0.2855334898, 0.2669783876
0.1427667449, 0.1334891938
0.0713833724, 0.5667445969
0.0356916862, 0.7833722984
0.0178458431, 0.8916861492
0.0089229216, 0.4458430746
0.5044614608, 0.7229215373
0.7522307304, 0.8614607687
0.3761153652, 0.4307303843
0.6880576826, 0.7153651922
0.8440288413, 0.3576825961
0.4220144206, 0.6788412980
0.7110072103, 0.3394206490
0.8555036052, 0.6697103245
0.4277518026, 0.3348551623
0.7138759013, 0.6674275811
0.8569379506, 0.3337137906
0.9284689753, 0.6668568953
0.9642344877, 0.3334284476
0.4821172438, 0.6667142238
0.2410586219, 0.3333571119
0.1205293110, 0.1666785560
0.5602646555, 0.0833392780
0.7801323277, 0.5416696390
0.3900661639, 0.7708348195
0.1950330819, 0.3854174097
0.5975165410, 0.1927087049
0.7987582705, 0.0963543524
0.8993791352, 0.5481771762
0.4496895676, 0.2740885881
0.2248447838, 0.6370442941
0.6124223919, 0.8185221470
0.8062111960, 0.9092610735
0.9031055980, 0.9546305368
0.4515527990, 0.4773152684
0.2257763995, 0.7386576342
0.6128881997, 0.3693288171
0.8064440999, 0.1846644085
0.9032220499, 0.5923322043
0.9516110250, 0.2961661021
0.9758055125, 0.6480830511
0.9879027562, 0.3240415255
0.9939513781, 0.1620207628
0.9969756891, 0.5810103814
0.9984878445, 0.2905051907
0.9992439223, 0.1452525953
0.9996219611, 0.5726262977
0.4998109806, 0.7863131488
0.7499054903, 0.3931565744
0.8749527451, 0.6965782872
0.9374763726, 0.3482891436
0.4687381863, 0.6741445718
0.2343690931, 0.3370722859
0.1171845466, 0.6685361430
0.0585922733, 0.3342680715
0.5292961366, 0.6671340357
0.2646480683, 0.3335670179
0.6323240342, 0.1667835089
0.8161620171, 0.5833917545
0.9080810085, 0.7916958772
0.4540405043, 0.8958479386
0.2270202521, 0.9479239693
0.1135101261, 0.9739619847
0.5567550630, 0.4869809923
0.7783775315, 0.7434904962
0.3891887658, 0.8717452481
0.6945943829, 0.4358726240
0.8472971914, 0.7179363120
0.4236485957, 0.8589681560
0.7118242979, 0.4294840780
0.3559121489, 0.2147420390
0.1779560745, 0.1073710195
0.0889780372, 0.5536855098
0.0444890186, 0.2768427549
0.5222445093, 0.6384213774
0.7611222547, 0.3192106887
0.8805611273, 0.6596053444
0.4402805637, 0.8298026722
0.2201402818, 0.4149013361
0.6100701409, 0.7074506680
0.3050350705, 0.3537253340
0.6525175352, 0.1768626670
0.3262587676, 0.5884313335
0.1631293838, 0.2942156668
0.0815646919, 0.6471078334
0.0407823460, 0.3235539167
0.5203911730, 0.6617769583
0.7601955865, 0.8308884792
0.8800977932, 0.9154442396
0.9400488966, 0.4577221198
0.9700244483, 0.2288610599
0.9850122242, 0.1144305299
0.4925061121, 0.0572152650
0.2462530560, 0.5286076325
0.6231265280, 0.2643038162
0.8115632640, 0.6321519081
0.9057816320, 0.8160759541
0.4528908160, 0.4080379770
0.7264454080, 0.2040189885
0.3632227040, 0.1020094943
0.1816113520, 0.5510047471
0.5908056760, 0.7755023736
0.7954028380, 0.8877511868
0.8977014190, 0.9438755934
0.4488507095, 0.4719377967
0.7244253548, 0.7359688983
0.8622126774, 0.8679844492
0.9311063387, 0.9339922246
0.4655531693, 0.4669961123
0.2327765847, 0.2334980561
0.6163882923, 0.6167490281
0.3081941462, 0.3083745140
0.1540970731, 0.1541872570
0.5770485365, 0.0770936285
0.2885242683, 0.0385468143
0.1442621341, 0.0192734071
0.5721310671, 0.0096367036
0.2860655335, 0.0048183518
0.1430327668, 0.0024091759
0.0715163834, 0.0012045879
0.5357581917, 0.5006022940
0.7678790958, 0.2503011470
0.3839395479, 0.1251505735
0.6919697740, 0.0625752867
0.8459848870, 0.5312876434
0.4229924435, 0.2656438217
0.2114962217, 0.1328219108
0.1057481109, 0.0664109554
0.0528740554, 0.0332054777
0.5264370277, 0.0166027389
0.7632185139, 0.5083013694
0.8816092569, 0.2541506847
0.9408046285, 0.1270753424
0.4704023142, 0.5635376712
0.2352011571, 0.7817688356
0.1176005786, 0.8908844178
0.0588002893, 0.4454422089
0.0294001446, 0.2227211044
0.0147000723, 0.1113605522
0.0073500362, 0.0556802761
0.0036750181, 0.5278401381
0.0018375090, 0.2639200690
0.0009187545, 0.1319600345
0.5004593773, 0.5659800173
0.7502296886, 0.7829900086
0.3751148443, 0.3914950043
0.6875574222, 0.1957475022
0.3437787111, 0.0978737511
0.1718893555, 0.5489368755
0.0859446778, 0.2744684378
0.0429723389, 0.1372342189
0.0214861694, 0.5686171094
0.0107430847, 0.2843085547
0.0053715424, 0.6421542774
0.5026857712, 0.3210771387
0.7513428856, 0.1605385693
0.3756714428, 0.0802692847
0.6878357214, 0.5401346423
0.3439178607, 0.2700673212
0.1719589303, 0.1350336606
0.5859794652, 0.5675168303
0.2929897326, 0.2837584151
0.1464948663, 0.1418792076
0.5732474331, 0.0709396038
0.7866237166, 0.5354698019
0.8933118583, 0.2677349009
0.9466559291, 0.1338674505
0.4733279646, 0.5669337252
0.2366639823, 0.7834668626
0.6183319911, 0.3917334313
0.8091659956, 0.6958667157
0.4045829978, 0.8479333578
0.7022914989, 0.4239666789
0.3511457494, 0.2119833395
0.6755728747, 0.1059916697
0.8377864374, 0.5529958349
0.9188932187, 0.2764979174
0.9594466093, 0.6382489587
0.9797233047, 0.8191244794
0.4898616523, 0.4095622397
0.2449308262, 0.7047811198
0.1224654131, 0.3523905599
0.5612327065, 0.1761952800
0.7806163533, 0.0880976400
0.8903081766, 0.5440488200
0.4451540883, 0.2720244100
0.7225770442, 0.1360122050
0.8612885221, 0.5680061025
0.9306442610, 0.2840030512
0.9653221305, 0.1420015256
0.9826610653, 0.0710007628
0.4913305326, 0.0355003814
0.2456652663, 0.5177501907
0.6228326332, 0.2588750954
0.8114163166, 0.6294375477
0.9057081583, 0.3147187738
0.4528540791, 0.1573593869
0.7264270396, 0.0786796935
0.3632135198, 0.0393398467
0.6816067599, 0.0196699234
0.8408033799, 0.5098349617
0.9204016900, 0.2549174808
0.4602008450, 0.1274587404
0.7301004225, 0.5637293702
0.8650502112, 0.7818646851
0.9325251056, 0.8909323426
0.4662625528, 0.4454661713
0.2331312764, 0.7227330856
0.1165656382, 0.3613665428
0.0582828191, 0.1806832714
0.5291414096, 0.0903416357
0.7645707048, 0.0451708179
0.8822853524, 0.5225854089
0.9411426762, 0.7612927045
0.4705713381, 0.3806463522
0.2352856690, 0.1903231761
0.6176428345, 0.5951615881
0.8088214173, 0.7975807940
0.9044107086, 0.8987903970
0.4522053543, 0.9493951985
0.7261026772, 0.4746975993
0.3630513386, 0.7373487996
0.6815256693, 0.3686743998
0.3407628346, 0.1843371999
0.1703814173, 0.0921686000
0.0851907087, 0.5460843000
0.0425953543, 0.2730421500
0.5212976772, 0.6365210750
0.2606488386, 0.3182605375
0.1303244193, 0.6591302687
0.0651622096, 0.8295651344
0.5325811048, 0.4147825672
0.7662905524, 0.2073912836
0.8831452762, 0.6036956418
0.9415726381, 0.8018478209
0.4707863191, 0.4009239104
0.7353931595, 0.2004619552
0.8676965798, 0.6002309776
0.4338482899, 0.3001154888
0.7169241449, 0.6500577444
0.3584620725, 0.3250288722
0.1792310362, 0.1625144361
0.5896155181, 0.0812572181
0.2948077591, 0.5406286090
0.1474038795, 0.2703143045
0.0737019398, 0.1351571523
0.0368509699, 0.5675785761
0.0184254849, 0.2837892881
0.0092127425, 0.1418946440
0.0046063712, 0.5709473220
0.5023031856, 0.7854736610
0.2511515928, 0.3927368305
0.6255757964, 0.6963684153
0.3127878982, 0.3481842076
0.1563939491, 0.6740921038
0.5781969746, 0.3370460519
0.2890984873, 0.1685230260
0.6445492436, 0.0842615130
0.3222746218, 0.0421307565
0.1611373109, 0.5210653782
0.5805686555, 0.2605326891
0.7902843277, 0.6302663446
0.8951421639, 0.8151331723
0.4475710819, 0.4075665861
0.2237855410, 0.2037832931
0.1118927705, 0.1018916465
0.0559463852, 0.5509458233
0.0279731926, 0.2754729116
0.5139865963, 0.6377364558
0.7569932982, 0.8188682279
0.8784966491, 0.9094341140
0.9392483245, 0.4547170570
0.4696241623, 0.2273585285
0.7348120811, 0.1136792642
0.8674060406, 0.5568396321
0.9337030203, 0.2784198161
0.4668515101, 0.1392099080
0.7334257551, 0.0696049540
0.8667128775, 0.5348024770
0.4333564388, 0.7674012385
0.2166782194, 0.3837006193
0.6083391097, 0.6918503096
0.3041695548, 0.8459251548
0.1520847774, 0.4229625774
0.0760423887, 0.2114812887
0.0380211944, 0.1057406444
0.5190105972, 0.0528703222
0.7595052986, 0.0264351611
0.3797526493, 0.5132175805
0.1898763246, 0.7566087903
0.0949381623, 0.3783043951
0.0474690812, 0.6891521976
0.5237345406, 0.3445760988
0.2618672703, 0.6722880494
0.1309336351, 0.3361440247
0.5654668176, 0.6680720123
0.2827334088, 0.3340360062
0.1413667044, 0.6670180031
0.0706833522, 0.3335090015
0.0353416761, 0.6667545008
0.0176708380, 0.8333772504
0.0088354190, 0.9166886252
0.0044177095, 0.9583443126
0.0022088548, 0.9791721563
0.0011044274, 0.4895860781
0.5005522137, 0.7447930391
0.7502761068, 0.8723965195
0.3751380534, 0.9361982598
0.1875690267, 0.9680991299
0.0937845134, 0.4840495649
0.5468922567, 0.7420247825
0.2734461283, 0.8710123912
0.6367230642, 0.4355061956
0.8183615321, 0.7177530978
0.4091807660, 0.3588765489
0.2045903830, 0.6794382745
0.1022951915, 0.8397191372
0.0511475958, 0.9198595686
0.5255737979, 0.4599297843
0.7627868989, 0.2299648922
0.3813934495, 0.6149824461
0.1906967247, 0.3074912230
0.0953483624, 0.1537456115
0.0476741812, 0.5768728058
0.0238370906, 0.2884364029
0.0119185453, 0.1442182014
0.5059592726, 0.0721091007
0.7529796363, 0.5360545504
0.8764898182, 0.2680272752
0.4382449091, 0.6340136376
0.2191224545, 0.3170068188
0.6095612273, 0.1585034094
0.8047806136, 0.5792517047
0.9023903068, 0.2896258523
0.9511951534, 0.6448129262
0.4755975767, 0.3224064631
0.2377987884, 0.6612032315
0.6188993942, 0.3306016158
0.3094496971, 0.6653008079
0.1547248485, 0.8326504039
0.0773624243, 0.9163252020
0.0386812121, 0.9581626010
0.0193406061, 0.4790813005
0.0096703030, 0.2395406502
0.5048351515, 0.6197703251
0.2524175758, 0.8098851626
0.1262087879, 0.4049425813
0.0631043939, 0.2024712906
0.5315521970, 0.1012356453
0.7657760985, 0.5506178227
0.8828880492, 0.2753089113
0.4414440246, 0.6376544557
0.2207220123, 0.3188272278
0.1103610062, 0.1594136139
0.5551805031, 0.0797068070
0.7775902515, 0.5398534035
0.8887951258, 0.7699267017
0.4443975629, 0.3849633509
0.7221987814, 0.6924816754
0.8610993907, 0.8462408377
0.4305496954, 0.4231204189
0.2152748477, 0.7115602094
0.6076374238, 0.3557801047
0.3038187119, 0.6778900524
0.6519093560, 0.8389450262
0.8259546780, 0.9194725131
0.4129773390, 0.4597362565
0.7064886695, 0.7298681283
0.8532443347, 0.3649340641
0.9266221674, 0.6824670321
0.4633110837, 0.3412335160
0.2316555418, 0.1706167580
0.6158277709, 0.5853083790
0.8079138855, 0.7926541895
0.9039569427, 0.8963270948
0.9519784714, 0.9481635474
0.9759892357, 0.4740817737
0.9879946178, 0.2370408868
0.9939973089, 0.1185204434
0.9969986545, 0.5592602217
0.9984993272, 0.7796301109
0.9992496636, 0.3898150554
0.9996248318, 0.1949075277
0.9998124159, 0.0974537639
0.4999062080, 0.5487268819
0.2499531040, 0.2743634410
0.1249765520, 0.1371817205
0.0624882760, 0.0685908602
0.5312441380, 0.5342954301
0.2656220690, 0.7671477151
0.6328110345, 0.3835738575
0.8164055172, 0.6917869288
0.9082027586, 0.8458934644
0.4541013793, 0.9229467322
0.2270506897, 0.4614733661
0.1135253448, 0.2307366830
0.5567626724, 0.1153683415
0.7783813362, 0.5576841708
0.3891906681, 0.2788420854
0.6945953341, 0.1394210427
0.8472976670, 0.5697105213
0.9236488335, 0.2848552607
0.4618244168, 0.1424276303
0.7309122084, 0.0712138152
0.8654561042, 0.5356069076
0.9327280521, 0.7678034538
0.9663640260, 0.3839017269
0.9831820130, 0.1919508634
0.4915910065, 0.0959754317
0.7457955033, 0.5479877159
0.8728977516, 0.7739938579
0.9364488758, 0.3869969290
0.4682244379, 0.1934984645
0.7341122190, 0.5967492322
0.3670561095, 0.2983746161
0.1835280547, 0.1491873081
0.0917640274, 0.5745936540
0.0458820137, 0.2872968270
0.5229410068, 0.6436484135
0.7614705034, 0.3218242068
0.8807352517, 0.6609121034
0.9403676259, 0.3304560517
0.4701838129, 0.6652280258
0.2350919065, 0.3326140129
0.1175459532, 0.1663070065
0.0587729766, 0.5831535032
0.5293864883, 0.2915767516
0.2646932442, 0.1457883758
0.6323466221, 0.5728941879
0.8161733110, 0.2864470940
0.9080866555, 0.6432235470
0.9540433278, 0.8216117735
0.9770216639, 0.4108058867
0.4885108319, 0.2054029434
0.7442554160, 0.6027014717
0.8721277080, 0.8013507358
0.9360638540, 0.4006753679
0.4680319270, 0.7003376840
0.7340159635, 0.8501688420
0.8670079817, 0.9250844210
0.9335039909, 0.9625422105
0.4667519954, 0.9812711052
0.7333759977, 0.4906355526
0.8666879989, 0.2453177763
0.9333439994, 0.1226588882
0.9666719997, 0.5613294441
0.4833359999, 0.2806647220
0.2416679999, 0.1403323610
0.1208340000, 0.0701661805
0.5604170000, 0.0350830903
0.7802085000, 0.0175415451
0.3901042500, 0.0087707726
0.6950521250, 0.0043853863
0.3475260625, 0.5021926931
0.1737630312, 0.2510963466
0.0868815156, 0.1255481733
0.0434407578, 0.0627740866
0.5217203789, 0.5313870433
0.7608601895, 0.2656935217
0.8804300947, 0.1328467608
0.4402150474, 0.0664233804
0.2201075237, 0.5332116902
0.1100537618, 0.2666058451
0.5550268809, 0.6333029226
0.2775134405, 0.3166514613
0.1387567202, 0.1583257306
0.5693783601, 0.5791628653
0.7846891801, 0.7895814327
0.8923445900, 0.8947907163
0.9461722950, 0.4473953582
0.9730861475, 0.7236976791
0.9865430738, 0.8618488395
0.4932715369, 0.4309244198
0.7466357684, 0.2154622099
0.3733178842, 0.6077311049
0.1866589421, 0.3038655525
0.0933294711, 0.1519327762
0.0466647355, 0.5759663881
0.5233323678, 0.2879831941
0.2616661839, 0.6439915970
0.6308330919, 0.3219957985
0.3154165460, 0.6609978993
0.1577082730, 0.8304989496
0.5788541365, 0.4152494748
0.2894270682, 0.2076247374
0.1447135341, 0.1038123687
0.0723567671, 0.5519061844
0.0361783835, 0.7759530922
0.0180891918, 0.3879765461
0.5090445959, 0.1939882730
0.7545222979, 0.5969941365
0.8772611490, 0.2984970683
0.4386305745, 0.6492485341
0.2193152872, 0.3246242671
0.1096576436, 0.1623121335
0.0548288218, 0.0811560668
0.5274144109, 0.0405780334
0.2637072055, 0.5202890167
0.1318536027, 0.2601445083
0.0659268014, 0.1300722542
0.5329634007, 0.0650361271
0.7664817003, 0.0325180635
0.3832408502, 0.0162590318
0.1916204251, 0.5081295159
0.0958102125, 0.2540647579
0.0479051063, 0.6270323790
0.0239525531, 0.3135161895
0.0119762766, 0.1567580947
0.0059881383, 0.0783790474
0.0029940691, 0.5391895237
0.0014970346, 0.2695947618
0.0007485173, 0.6347973809
0.5003742586, 0.3173986905
0.2501871293, 0.1586993452
0.6250935647, 0.5793496726
0.8125467823, 0.2896748363
0.9062733912, 0.6448374182
0.9531366956, 0.3224187091
0.4765683478, 0.6612093545
0.2382841739, 0.8306046773
0.1191420869, 0.4153023386
0.0595710435, 0.2076511693
0.0297855217, 0.6038255847
0.0148927609, 0.3019127923
0.0074463804, 0.1509563962
0.5037231902, 0.0754781981
0.7518615951, 0.5377390990
0.3759307976, 0.2688695495
0.1879653988, 0.6344347748
0.5939826994, 0.3172173874
0.7969913497, 0.6586086937
0.8984956748, 0.8293043468
0.9492478374, 0.4146521734
0.4746239187, 0.7073260867
0.2373119594, 0.3536630434
0.6186559797, 0.6768315217
0.8093279898, 0.8384157608
0.4046639949, 0.9192078804
0.7023319975, 0.4596039402
0.3511659987, 0.2298019701
0.6755829994, 0.1149009851
0.8377914997, 0.0574504925
0.4188957498, 0.5287252463
0.2094478749, 0.2643626231
0.6047239375, 0.6321813116
0.8023619687, 0.8160906558
0.9011809844, 0.4080453279
0.4505904922, 0.2040226639
0.7252952461, 0.6020113320
0.3626476230, 0.8010056660
0.6813238115, 0.4005028330
0.8406619058, 0.2002514165
0.4203309529, 0.6001257082
0.2101654764, 0.3000628541
0.6050827382, 0.1500314271
0.8025413691, 0.0750157135
0.9012706846, 0.5375078568
0.9506353423, 0.2687539284
0.4753176711, 0.6343769642
0.2376588356, 0.3171884821
0.1188294178, 0.1585942410
0.0594147089, 0.0792971205
0.5297073544, 0.5396485603
0.2648536772, 0.7698242801
0.1324268386, 0.8849121401
0.0662134193, 0.4424560700
0.0331067097, 0.2212280350
0.5165533548, 0.6106140175
0.7582766774, 0.8053070088
0.3791383387, 0.4026535044
0.1895691694, 0.7013267522
0.5947845847, 0.3506633761
0.7973922923, 0.6753316880
0.8986961462, 0.3376658440
0.9493480731, 0.1688329220
0.9746740365, 0.0844164610
0.9873370183, 0.0422082305
0.4936685091, 0.5211041153
0.2468342546, 0.2605520576
0.6234171273, 0.6302760288
0.3117085636, 0.8151380144
0.1558542818, 0.9075690072
0.0779271409, 0.9537845036
0.5389635705, 0.4768922518
0.7694817852, 0.7384461259
0.8847408926, 0.3692230630
0.9423704463, 0.1846115315
0.9711852232, 0.0923057657
0.9855926116, 0.0461528829
0.9927963058, 0.0230764414
0.4963981529, 0.0115382207
0.7481990764, 0.0057691104
0.8740995382, 0.5028845552
0.9370497691, 0.2514422776
0.9685248846, 0.1257211388
0.9842624423, 0.5628605694
0.4921312211, 0.2814302847
0.7460656106, 0.6407151423
0.3730328053, 0.8203575712
0.6865164026, 0.4101787856
0.8432582013, 0.2050893928
0.4216291007, 0.1025446964
0.7108145503, 0.0512723482
0.3554072752, 0.0256361741
0.1777036376, 0.5128180870
0.5888518188, 0.7564090435
0.2944259094, 0.3782045218
0.6472129547, 0.6891022609
0.8236064773, 0.8445511304
0.9118032387, 0.9222755652
0.4559016193, 0.4611377826
0.7279508097, 0.7305688913
0.8639754048, 0.8652844457
0.4319877024, 0.9326422228
0.2159938512, 0.9663211114
0.1079969256, 0.9831605557
0.0539984628, 0.4915802779
0.0269992314, 0.2457901389
0.0134996157, 0.6228950695
0.0067498079, 0.3114475347
0.0033749039, 0.1557237674
0.5016874520, 0.5778618837
0.2508437260, 0.2889309418
0.1254218630, 0.1444654709
0.5627109315, 0.0722327355
0.7813554657, 0.5361163677
0.3906777329, 0.2680581839
0.6953388664, 0.1340290919
0.8476694332, 0.5670145460
0.4238347166, 0.2835072730
0.2119173583, 0.6417536365
0.6059586792, 0.8208768182
0.8029793396, 0.4104384091
0.4014896698, 0.7052192046
0.7007448349, 0.3526096023
0.3503724174, 0.6763048011
0.6751862087, 0.3381524006
0.8375931044, 0.1690762003
0.9187965522, 0.5845381001
0.9593982761, 0.7922690501
0.4796991380, 0.3961345250
0.2398495690, 0.6980672625
0.1199247845, 0.3490336313
0.0599623923, 0.1745168156
0.5299811961, 0.5872584078
0.7649905981, 0.2936292039
0.3824952990, 0.1468146020
0.1912476495, 0.0734073010
0.5956238248, 0.0367036505
0.2978119124, 0.0183518252
0.6489059562, 0.5091759126
0.8244529781, 0.2545879563
0.4122264890, 0.1272939782
0.7061132445, 0.0636469891
0.3530566223, 0.0318234945
0.6765283111, 0.5159117473
0.8382641556, 0.2579558736
0.9191320778, 0.1289779368
0.4595660389, 0.0644889684
0.2297830194, 0.5322444842
0.6148915097, 0.2661222421
0.8074457549, 0.1330611211
0.9037228774, 0.0665305605
0.4518614387, 0.5332652803
0.7259307194, 0.2666326401
0.8629653597, 0.6333163201
0.9314826798, 0.3166581600
0.9657413399, 0.6583290800
0.9828706700, 0.8291645400
0.4914353350, 0.4145822700
0.2457176675, 0.7072911350
0.6228588337, 0.3536455675
0.3114294169, 0.1768227838
0.6557147084, 0.5884113919
0.3278573542, 0.2942056959
0.1639286771, 0.6471028480
0.0819643386, 0.3235514240
0.0409821693, 0.1617757120
0.5204910846, 0.0808878560
0.7602455423, 0.5404439280
0.3801227712, 0.2702219640
0.1900613856, 0.1351109820
0.0950306928, 0.5675554910
0.0475153464, 0.7837777455
0.5237576732, 0.3918888727
0.7618788366, 0.6959444364
0.8809394183, 0.8479722182
0.4404697091, 0.4239861091
0.7202348546, 0.2119930545
0.3601174273, 0.6059965273
0.6800587136, 0.8029982636
0.8400293568, 0.9014991318
0.9200146784, 0.9507495659
0.4600073392, 0.4753747830
0.2300036696, 0.2376873915
0.1150018348, 0.1188436957
0.5575009174, 0.0594218479
0.7787504587, 0.0297109239
0.8893752294, 0.5148554620
0.9446876147, 0.7574277310
0.4723438073, 0.8787138655
0.2361719037, 0.9393569327
0.1180859518, 0.4696784664
0.5590429759, 0.7348392332
0.2795214880, 0.3674196166
0.6397607440, 0.1837098083
0.8198803720, 0.5918549041
0.9099401860, 0.7959274521
0.9549700930, 0.3979637260
0.9774850465, 0.1989818630
0.4887425232, 0.5994909315
0.7443712616, 0.2997454658
0.3721856308, 0.1498727329
0.1860928154, 0.0749363664
0.0930464077, 0.5374681832
0.0465232039, 0.2687340916
0.5232616019, 0.1343670458
0.7616308010, 0.0671835229
0.8808154005, 0.5335917615
0.9404077002, 0.7667958807
0.9702038501, 0.8833979404
0.9851019251, 0.4416989702
0.9925509625, 0.2208494851
0.9962754813, 0.1104247425
0.4981377406, 0.0552123713
0.7490688703, 0.0276061856
0.8745344352, 0.5138030928
0.4372672176, 0.7569015464
0.2186336088, 0.8784507732
0.1093168044, 0.9392253866
0.0546584022, 0.4696126933
0.0273292011, 0.2348063467
0.5136646005, 0.6174031733
0.7568323003, 0.3087015867
0.3784161501, 0.1543507933
0.1892080751, 0.0771753967
0.5946040375, 0.0385876983
0.2973020188, 0.0192938492
0.6486510094, 0.5096469246
0.3243255047, 0.2548234623
0.1621627523, 0.1274117311
0.0810813762, 0.0637058656
0.0405406881, 0.0318529328
0.0202703440, 0.0159264664
0.0101351720, 0.0079632332
0.5050675860, 0.5039816166
0.2525337930, 0.7519908083
0.1262668965, 0.3759954041
0.0631334483, 0.6879977021
0.0315667241, 0.8439988510
0.5157833621, 0.4219994255
0.7578916810, 0.2109997128
0.8789458405, 0.6054998564
0.9394729203, 0.3027499282
0.9697364601, 0.1513749641
