0.2500000000, 0.2500000000
0.6250000000, 0.6250000000
0.3125000000, 0.8125000000
0.1562500000, 0.4062500000
0.0781250000, 0.2031250000
0.0390625000, 0.1015625000
0.0195312500, 0.0507812500
0.5097656250, 0.5253906250
0.2548828125, 0.7626953125
0.1274414062, 0.3813476562
0.5637207031, 0.6906738281
0.7818603516, 0.8453369141
0.8909301758, 0.4226684570
0.9454650879, 0.7113342285
0.4727325439, 0.8556671143
0.7363662720, 0.9278335571
0.3681831360, 0.4639167786
0.6840915680, 0.7319583893
0.3420457840, 0.3659791946
0.6710228920, 0.1829895973
0.8355114460, 0.5914947987
0.4177557230, 0.2957473993
0.2088778615, 0.1478736997
0.6044389307, 0.0739368498
0.3022194654, 0.5369684249
0.1511097327, 0.7684842125
0.5755548663, 0.8842421062
0.2877774332, 0.4421210531
0.1438887166, 0.2210605266
0.5719443583, 0.1105302633
0.2859721791, 0.5552651316
0.1429860896, 0.2776325658
0.5714930448, 0.6388162829
0.2857465224, 0.3194081415
0.1428732612, 0.1597040707
0.5714366306, 0.5798520354
0.2857183153, 0.2899260177
0.6428591576, 0.1449630088
0.3214295788, 0.0724815044
0.1607147894, 0.0362407522
0.5803573947, 0.0181203761
0.2901786974, 0.0090601881
0.1450893487, 0.0045300940
0.0725446743, 0.5022650470
0.0362723372, 0.2511325235
0.0181361686, 0.1255662618
0.5090680843, 0.0627831309
0.2545340421, 0.5313915654
0.6272670211, 0.7656957827
0.8136335105, 0.8828478914
0.9068167553, 0.9414239457
0.9534083776, 0.9707119728
0.9767041888, 0.4853559864
0.4883520944, 0.2426779932
0.7441760472, 0.6213389966
0.8720880236, 0.3106694983
0.9360440118, 0.6553347492
0.4680220059, 0.3276673746
0.2340110030, 0.1638336873
0.6170055015, 0.0819168436
0.3085027507, 0.0409584218
0.1542513754, 0.5204792109
0.0771256877, 0.7602396055
0.0385628438, 0.3801198027
0.0192814219, 0.6900599014
0.5096407110, 0.3450299507
0.2548203555, 0.6725149753
0.6274101777, 0.3362574877
0.8137050889, 0.6681287438
0.9068525444, 0.3340643719
0.4534262722, 0.6670321860
0.2267131361, 0.3335160930
0.1133565681, 0.1667580465
0.0566782840, 0.5833790232
0.0283391420, 0.2916895116
0.0141695710, 0.1458447558
0.5070847855, 0.0729223779
0.2535423928, 0.0364611890
0.6267711964, 0.5182305945
0.3133855982, 0.7591152972
0.1566927991, 0.8795576486
0.0783463995, 0.9397788243
0.5391731998, 0.4698894122
0.7695865999, 0.2349447061
0.3847932999, 0.6174723530
0.6923966500, 0.3087361765
0.3461983250, 0.6543680883
0.1730991625, 0.3271840441
0.5865495812, 0.1635920221
0.7932747906, 0.0817960110
0.8966373953, 0.5408980055
0.9483186977, 0.7704490028
0.4741593488, 0.3852245014
0.7370796744, 0.6926122507
0.8685398372, 0.3463061253
0.9342699186, 0.6731530627
0.9671349593, 0.8365765313
0.9835674797, 0.9182882657
0.4917837398, 0.4591441328
0.2458918699, 0.2295720664
0.1229459350, 0.1147860332
0.0614729675, 0.5573930166
0.5307364837, 0.2786965083
0.7653682419, 0.1393482542
0.3826841209, 0.0696741271
0.6913420605, 0.5348370635
0.8456710302, 0.2674185318
0.9228355151, 0.1337092659
0.9614177576, 0.0668546329
0.9807088788, 0.0334273165
0.4903544394, 0.5167136582
0.2451772197, 0.2583568291
0.1225886098, 0.1291784146
0.0612943049, 0.5645892073
0.0306471525, 0.2822946036
0.0153235762, 0.6411473018
0.0076617881, 0.3205736509
0.5038308941, 0.6602868255
0.7519154470, 0.3301434127
0.3759577235, 0.6650717064
0.1879788618, 0.3325358532
0.5939894309, 0.1662679266
0.2969947154, 0.0831339633
0.1484973577, 0.5415669816
0.0742486789, 0.2707834908
0.5371243394, 0.1353917454
0.7685621697, 0.5676958727
0.3842810849, 0.2838479364
0.6921405424, 0.6419239682
0.3460702712, 0.3209619841
0.1730351356, 0.1604809920
0.0865175678, 0.0802404960
0.0432587839, 0.0401202480
0.5216293920, 0.0200601240
0.2608146960, 0.0100300620
0.6304073480, 0.5050150310
0.8152036740, 0.7525075155
0.4076018370, 0.3762537578
0.7038009185, 0.6881268789
0.3519004592, 0.3440634394
0.1759502296, 0.6720317197
0.0879751148, 0.8360158599
0.0439875574, 0.4180079299
0.5219937787, 0.2090039650
0.2609968894, 0.6045019825
0.1304984447, 0.3022509912
0.0652492223, 0.1511254956
0.0326246112, 0.0755627478
0.5163123056, 0.0377813739
0.2581561528, 0.0188906870
0.6290780764, 0.5094453435
0.8145390382, 0.2547226717
0.9072695191, 0.6273613359
0.4536347595, 0.3136806679
0.2268173798, 0.6568403340
0.1134086899, 0.8284201670
0.0567043449, 0.9142100835
0.0283521725, 0.4571050417
0.5141760862, 0.2285525209
0.2570880431, 0.6142762604
0.1285440216, 0.8071381302
0.0642720108, 0.4035690651
0.0321360054, 0.2017845326
0.0160680027, 0.6008922663
0.0080340013, 0.3004461331
0.0040170007, 0.1502230666
0.5020085003, 0.0751115333
0.2510042502, 0.0375557666
0.1255021251, 0.0187778833
0.5627510625, 0.0093889417
0.7813755313, 0.5046944708
0.3906877656, 0.2523472354
0.1953438828, 0.6261736177
0.0976719414, 0.8130868089
0.0488359707, 0.9065434044
0.0244179854, 0.9532717022
0.5122089927, 0.4766358511
0.7561044963, 0.7383179256
0.3780522482, 0.3691589628
0.1890261241, 0.1845794814
0.5945130620, 0.5922897407
0.7972565310, 0.2961448703
0.3986282655, 0.1480724352
0.1993141328, 0.5740362176
0.0996570664, 0.7870181088
0.5498285332, 0.8935090544
0.2749142666, 0.4467545272
0.1374571333, 0.2233772636
0.0687285666, 0.6116886318
0.5343642833, 0.3058443159
0.7671821417, 0.6529221579
0.3835910708, 0.8264610790
0.1917955354, 0.4132305395
0.5958977677, 0.7066152697
0.7979488839, 0.3533076349
0.8989744419, 0.6766538174
0.4494872210, 0.3383269087
0.2247436105, 0.6691634544
0.1123718052, 0.3345817272
0.0561859026, 0.6672908636
0.5280929513, 0.3336454318
0.2640464757, 0.1668227159
0.6320232378, 0.0834113579
0.3160116189, 0.0417056790
0.1580058095, 0.0208528395
0.5790029047, 0.0104264197
0.2895014524, 0.0052132099
0.1447507262, 0.0026066049
0.0723753631, 0.5013033025
0.0361876815, 0.2506516512
0.5180938408, 0.1253258256
0.2590469204, 0.0626629128
0.1295234602, 0.5313314564
0.0647617301, 0.2656657282
0.0323808650, 0.1328328641
0.5161904325, 0.0664164321
0.2580952163, 0.0332082160
0.1290476081, 0.0166041080
0.0645238041, 0.5083020540
0.0322619020, 0.2541510270
0.0161309510, 0.6270755135
0.5080654755, 0.3135377568
0.7540327378, 0.6567688784
0.8770163689, 0.3283844392
0.9385081844, 0.1641922196
0.4692540922, 0.0820961098
0.7346270461, 0.0410480549
0.3673135231, 0.0205240274
0.1836567615, 0.0102620137
0.0918283808, 0.0051310069
0.0459141904, 0.5025655034
0.0229570952, 0.2512827517
0.0114785476, 0.1256413759
0.0057392738, 0.5628206879
0.0028696369, 0.2814103440
0.5014348184, 0.1407051720
0.2507174092, 0.0703525860
0.1253587046, 0.0351762930
0.0626793523, 0.5175881465
0.0313396762, 0.2587940732
0.0156698381, 0.1293970366
0.0078349190, 0.5646985183
0.0039174595, 0.2823492592
0.0019587298, 0.1411746296
0.0009793649, 0.5705873148
0.0004896824, 0.2852936574
0.0002448412, 0.1426468287
0.5001224206, 0.0713234143
0.2500612103, 0.0356617072
0.1250306052, 0.0178308536
0.5625153026, 0.0089154268
0.2812576513, 0.0044577134
0.1406288256, 0.0022288567
0.0703144128, 0.5011144283
0.5351572064, 0.2505572142
0.7675786032, 0.6252786071
0.3837893016, 0.3126393035
0.1918946508, 0.1563196518
0.5959473254, 0.5781598259
0.2979736627, 0.7890799129
0.1489868314, 0.3945399565
0.5744934157, 0.6972699782
0.2872467078, 0.3486349891
0.1436233539, 0.1743174946
0.0718116770, 0.0871587473
0.5359058385, 0.5435793736
0.7679529192, 0.7717896868
0.3839764596, 0.8858948434
0.1919882298, 0.9429474217
0.5959941149, 0.4714737109
0.7979970575, 0.2357368554
0.8989985287, 0.1178684277
0.4494992644, 0.5589342139
0.2247496322, 0.2794671069
0.1123748161, 0.1397335535
0.5561874080, 0.5698667767
0.7780937040, 0.2849333884
0.3890468520, 0.6424666942
0.6945234260, 0.3212333471
0.3472617130, 0.6606166735
0.1736308565, 0.8303083368
0.0868154283, 0.4151541684
0.0434077141, 0.7075770842
0.5217038571, 0.3537885421
0.2608519285, 0.1768942710
0.1304259643, 0.5884471355
0.0652129821, 0.7942235678
0.5326064911, 0.8971117839
0.2663032455, 0.9485558919
0.6331516228, 0.4742779460
0.8165758114, 0.7371389730
0.9082879057, 0.3685694865
0.9541439528, 0.6842847432
0.4770719764, 0.8421423716
0.2385359882, 0.9210711858
0.1192679941, 0.9605355929
0.0596339971, 0.9802677965
0.5298169985, 0.4901338982
0.7649084993, 0.2450669491
0.3824542496, 0.6225334746
0.1912271248, 0.3112667373
0.5956135624, 0.6556333686
0.2978067812, 0.3278166843
0.6489033906, 0.6639083422
0.8244516953, 0.8319541711
0.4122258477, 0.4159770855
0.7061129238, 0.2079885428
0.8530564619, 0.1039942714
0.4265282310, 0.5519971357
0.7132641155, 0.2759985678
0.8566320577, 0.1379992839
0.4283160289, 0.5689996420
0.2141580144, 0.7844998210
0.1070790072, 0.8922499105
0.5535395036, 0.4461249552
0.7767697518, 0.2230624776
0.8883848759, 0.1115312388
0.9441924380, 0.0557656194
0.4720962190, 0.5278828097
0.2360481095, 0.2639414049
0.1180240547, 0.6319707024
0.0590120274, 0.3159853512
0.0295060137, 0.1579926756
0.5147530068, 0.5789963378
0.7573765034, 0.7894981689
0.3786882517, 0.3947490845
0.1893441259, 0.6973745422
0.0946720629, 0.3486872711
0.0473360315, 0.1743436356
0.5236680157, 0.0871718178
0.7618340079, 0.5435859089
0.3809170039, 0.7717929544
0.1904585020, 0.3858964772
0.0952292510, 0.1929482386
0.5476146255, 0.0964741193
0.2738073127, 0.0482370597
0.1369036564, 0.5241185298
0.5684518282, 0.7620592649
0.2842259141, 0.3810296325
0.1421129570, 0.6905148162
0.5710564785, 0.3452574081
0.7855282393, 0.6726287041
0.8927641196, 0.8363143520
0.9463820598, 0.9181571760
0.9731910299, 0.4590785880
0.9865955150, 0.7295392940
0.4932977575, 0.3647696470
0.2466488787, 0.1823848235
0.1233244394, 0.0911924118
0.0616622197, 0.0455962059
0.0308311098, 0.5227981029
0.0154155549, 0.2613990515
0.0077077775, 0.1306995257
0.0038538887, 0.0653497629
0.5019269444, 0.5326748814
0.2509634722, 0.2663374407
0.1254817361, 0.6331687204
0.5627408680, 0.8165843602
0.7813704340, 0.4082921801
0.3906852170, 0.7041460900
0.1953426085, 0.3520730450
0.5976713043, 0.1760365225
0.2988356521, 0.0880182613
0.6494178261, 0.5440091306
0.8247089130, 0.2720045653
0.4123544565, 0.6360022827
0.2061772283, 0.3180011413
0.1030886141, 0.6590005707
0.0515443071, 0.3295002853
0.0257721535, 0.1647501427
0.5128860768, 0.5823750713
0.7564430384, 0.7911875357
0.8782215192, 0.8955937678
0.4391107596, 0.4477968839
0.7195553798, 0.7238984420
0.3597776899, 0.8619492210
0.1798888449, 0.9309746105
0.5899444225, 0.4654873052
0.7949722112, 0.2327436526
0.3974861056, 0.1163718263
0.6987430528, 0.0581859132
0.8493715264, 0.5290929566
0.9246857632, 0.2645464783
0.9623428816, 0.1322732391
0.4811714408, 0.0661366196
0.7405857204, 0.5330683098
0.3702928602, 0.7665341549
0.6851464301, 0.3832670774
0.8425732151, 0.6916335387
0.4212866075, 0.8458167694
0.7106433038, 0.9229083847
0.3553216519, 0.4614541923
0.6776608259, 0.2307270962
0.3388304130, 0.1153635481
0.1694152065, 0.0576817740
0.5847076032, 0.0288408870
0.7923538016, 0.5144204435
0.3961769008, 0.2572102218
0.1980884504, 0.6286051109
0.0990442252, 0.3143025554
0.0495221126, 0.1571512777
0.0247610563, 0.5785756389
0.5123805282, 0.2892878194
0.7561902641, 0.6446439097
0.3780951320, 0.8223219549
0.6890475660, 0.4111609774
0.8445237830, 0.7055804887
0.9222618915, 0.8527902444
0.9611309458, 0.4263951222
0.4805654729, 0.7131975611
0.2402827364, 0.8565987805
0.6201413682, 0.4282993903
0.8100706841, 0.2141496951
0.9050353421, 0.1070748476
0.9525176710, 0.5535374238
0.4762588355, 0.7767687119
0.7381294178, 0.3883843559
0.3690647089, 0.6941921780
0.6845323544, 0.3470960890
0.3422661772, 0.6735480445
0.6711330886, 0.8367740222
0.3355665443, 0.9183870111
0.1677832722, 0.4591935056
0.0838916361, 0.7295967528
0.0419458180, 0.3647983764
0.0209729090, 0.1823991882
0.5104864545, 0.5911995941
0.7552432273, 0.7955997970
0.3776216136, 0.3977998985
0.6888108068, 0.6988999493
0.3444054034, 0.8494499746
0.1722027017, 0.4247249873
0.5861013509, 0.2123624937
0.7930506754, 0.1061812468
0.8965253377, 0.5530906234
0.4482626689, 0.7765453117
0.7241313344, 0.3882726559
0.3620656672, 0.1941363279
0.6810328336, 0.5970681640
0.8405164168, 0.7985340820
0.9202582084, 0.8992670410
0.4601291042, 0.4496335205
0.2300645521, 0.7248167602
0.6150322761, 0.3624083801
0.3075161380, 0.1812041901
0.1537580690, 0.0906020950
0.0768790345, 0.0453010475
0.0384395173, 0.5226505238
0.0192197586, 0.2613252619
0.5096098793, 0.1306626309
0.2548049397, 0.0653313155
0.6274024698, 0.5326656577
0.3137012349, 0.7663328289
0.1568506175, 0.3831664144
0.0784253087, 0.1915832072
0.5392126544, 0.0957916036
0.7696063272, 0.5478958018
0.8848031636, 0.7739479009
0.9424015818, 0.8869739505
0.4712007909, 0.4434869752
0.2356003954, 0.7217434876
0.1178001977, 0.8608717438
0.0589000989, 0.4304358719
0.5294500494, 0.2152179360
0.7647250247, 0.1076089680
0.3823625124, 0.0538044840
0.1911812562, 0.0269022420
0.0955906281, 0.0134511210
0.5477953140, 0.5067255605
0.2738976570, 0.2533627802
0.1369488285, 0.6266813901
0.0684744143, 0.3133406951
0.5342372071, 0.6566703475
0.2671186036, 0.3283351738
0.1335593018, 0.1641675869
0.0667796509, 0.5820837934
0.0333898254, 0.2910418967
0.0166949127, 0.6455209484
0.0083474564, 0.8227604742
0.0041737282, 0.4113802371
0.5020868641, 0.2056901185
0.2510434320, 0.1028450593
0.6255217160, 0.0514225296
0.3127608580, 0.0257112648
0.6563804290, 0.5128556324
0.8281902145, 0.7564278162
0.9140951073, 0.3782139081
0.4570475536, 0.6891069541
0.7285237768, 0.3445534770
0.3642618884, 0.6722767385
0.6821309442, 0.3361383693
0.3410654721, 0.1680691846
0.1705327361, 0.0840345923
0.5852663680, 0.0420172962
0.7926331840, 0.0210086481
0.3963165920, 0.5105043240
0.6981582960, 0.7552521620
0.8490791480, 0.3776260810
0.9245395740, 0.1888130405
0.9622697870, 0.0944065203
0.4811348935, 0.5472032601
0.2405674468, 0.7736016301
0.1202837234, 0.8868008150
0.0601418617, 0.4434004075
0.0300709308, 0.2217002038
0.5150354654, 0.1108501019
0.2575177327, 0.0554250509
0.6287588664, 0.5277125255
0.8143794332, 0.7638562627
0.4071897166, 0.3819281314
0.2035948583, 0.1909640657
0.1017974291, 0.5954820328
0.0508987146, 0.2977410164
0.5254493573, 0.6488705082
0.2627246786, 0.8244352541
0.6313623393, 0.4122176271
0.3156811697, 0.7061088135
0.1578405848, 0.8530544068
0.0789202924, 0.4265272034
0.5394601462, 0.7132636017
0.7697300731, 0.3566318008
0.3848650366, 0.1783159004
0.1924325183, 0.5891579502
0.5962162591, 0.2945789751
0.2981081296, 0.1472894876
0.6490540648, 0.5736447438
0.8245270324, 0.7868223719
0.4122635162, 0.3934111859
0.2061317581, 0.1967055930
0.1030658790, 0.0983527965
0.5515329395, 0.0491763982
0.7757664698, 0.0245881991
0.3878832349, 0.0122940996
0.1939416174, 0.5061470498
0.0969708087, 0.2530735249
0.0484854044, 0.1265367624
0.0242427022, 0.0632683812
0.5121213511, 0.5316341906
0.2560606755, 0.2658170953
0.6280303378, 0.6329085477
0.3140151689, 0.3164542738
0.6570075844, 0.1582271369
0.3285037922, 0.0791135685
0.6642518961, 0.0395567842
0.8321259481, 0.5197783921
0.4160629740, 0.7598891961
0.2080314870, 0.3799445980
0.6040157435, 0.1899722990
0.8020078718, 0.0949861495
0.9010039359, 0.5474930748
0.4505019679, 0.7737465374
0.7252509840, 0.3868732687
0.8626254920, 0.1934366343
0.9313127460, 0.5967183172
0.9656563730, 0.7983591586
0.9828281865, 0.3991795793
0.4914140932, 0.6995897896
0.7457070466, 0.8497948948
0.3728535233, 0.4248974474
0.6864267617, 0.7124487237
0.3432133808, 0.8562243619
0.1716066904, 0.4281121809
0.5858033452, 0.7140560905
0.2929016726, 0.8570280452
0.1464508363, 0.4285140226
0.5732254182, 0.7142570113
0.7866127091, 0.3571285057
0.8933063545, 0.1785642528
0.9466531773, 0.5892821264
0.4733265886, 0.7946410632
0.7366632943, 0.3973205316
0.8683316472, 0.1986602658
0.9341658236, 0.0993301329
0.9670829118, 0.5496650665
0.4835414559, 0.2748325332
0.2417707279, 0.6374162666
0.6208853640, 0.8187081333
0.8104426820, 0.9093540667
0.9052213410, 0.9546770333
0.4526106705, 0.4773385167
0.2263053352, 0.2386692583
0.1131526676, 0.1193346292
0.5565763338, 0.5596673146
0.2782881669, 0.2798336573
0.6391440835, 0.6399168286
0.8195720417, 0.3199584143
0.9097860209, 0.6599792072
0.9548930104, 0.8299896036
0.4774465052, 0.4149948018
0.7387232526, 0.2074974009
0.8693616263, 0.6037487004
0.4346808132, 0.8018743502
0.2173404066, 0.4009371751
0.6086702033, 0.2004685876
0.8043351016, 0.6002342938
0.9021675508, 0.3001171469
0.9510837754, 0.6500585734
0.9755418877, 0.3250292867
0.9877709439, 0.6625146434
0.4938854719, 0.8312573217
0.2469427360, 0.4156286608
0.6234713680, 0.2078143304
0.8117356840, 0.6039071652
0.4058678420, 0.3019535826
0.2029339210, 0.6509767913
0.1014669605, 0.3254883957
0.5507334802, 0.6627441978
0.7753667401, 0.8313720989
0.8876833701, 0.9156860495
0.4438416850, 0.4578430247
0.2219208425, 0.2289215124
0.6109604213, 0.1144607562
0.8054802106, 0.5572303781
0.4027401053, 0.2786151890
0.7013700527, 0.1393075945
0.3506850263, 0.0696537973
0.1753425132, 0.0348268986
0.5876712566, 0.0174134493
0.7938356283, 0.5087067247
0.3969178141, 0.2543533623
0.6984589071, 0.1271766812
0.8492294535, 0.5635883406
0.4246147268, 0.7817941703
0.2123073634, 0.3908970851
0.1061536817, 0.1954485426
0.5530768408, 0.5977242713
0.7765384204, 0.2988621356
0.8882692102, 0.6494310678
0.4441346051, 0.8247155339
0.2220673026, 0.9123577670
0.1110336513, 0.9561788835
0.0555168256, 0.4780894417
0.5277584128, 0.7390447209
0.2638792064, 0.3695223604
0.6319396032, 0.1847611802
0.3159698016, 0.0923805901
0.1579849008, 0.0461902951
0.5789924504, 0.0230951475
0.2894962252, 0.0115475738
0.6447481126, 0.0057737869
0.3223740563, 0.0028868934
0.6611870282, 0.0014434467
0.8305935141, 0.5007217234
0.9152967570, 0.7503608617
0.4576483785, 0.3751804308
0.7288241893, 0.6875902154
0.8644120946, 0.8437951077
0.4322060473, 0.4218975539
0.2161030237, 0.2109487769
0.6080515118, 0.6054743885
0.3040257559, 0.3027371942
0.1520128780, 0.1513685971
0.5760064390, 0.0756842986
0.7880032195, 0.5378421493
0.3940016097, 0.2689210746
0.1970008049, 0.6344605373
0.0985004024, 0.3172302687
0.5492502012, 0.6586151343
0.2746251006, 0.3293075672
0.1373125503, 0.6646537836
0.5686562752, 0.3323268918
0.2843281376, 0.6661634459
0.1421640688, 0.8330817229
0.0710820344, 0.4165408615
0.5355410172, 0.2082704307
0.7677705086, 0.1041352154
0.3838852543, 0.0520676077
0.1919426271, 0.0260338038
0.0959713136, 0.0130169019
0.5479856568, 0.0065084510
0.2739928284, 0.5032542255
0.1369964142, 0.2516271127
0.5684982071, 0.1258135564
0.7842491035, 0.5629067782
0.8921245518, 0.7814533891
0.4460622759, 0.3907266945
0.7230311379, 0.6953633473
0.8615155690, 0.8476816736
0.4307577845, 0.4238408368
0.2153788922, 0.2119204184
0.1076894461, 0.1059602092
0.5538447231, 0.5529801046
0.2769223615, 0.2764900523
0.1384611808, 0.6382450262
0.0692305904, 0.3191225131
0.5346152952, 0.1595612565
0.2673076476, 0.0797806283
0.1336538238, 0.5398903141
0.5668269119, 0.2699451571
0.2834134559, 0.1349725785
0.1417067280, 0.0674862893
0.5708533640, 0.5337431446
0.2854266820, 0.2668715723
0.1427133410, 0.1334357862
0.0713566705, 0.5667178931
0.0356783352, 0.7833589465
0.0178391676, 0.8916794733
0.0089195838, 0.4458397366
0.5044597919, 0.7229198683
0.7522298960, 0.8614599342
0.3761149480, 0.4307299671
0.6880574740, 0.7153649835
0.8440287370, 0.3576824918
0.4220143685, 0.6788412459
0.7110071842, 0.3394206229
0.8555035921, 0.6697103115
0.4277517961, 0.3348551557
0.2138758980, 0.1674275779
0.6069379490, 0.0837137889
0.8034689745, 0.5418568945
0.9017344873, 0.2709284472
0.4508672436, 0.6354642236
0.2254336218, 0.3177321118
0.1127168109, 0.1588660559
0.5563584055, 0.0794330280
0.7781792027, 0.5397165140
0.3890896014, 0.7698582570
0.1945448007, 0.3849291285
0.5972724003, 0.1924645642
0.7986362002, 0.0962322821
0.8993181001, 0.5481161411
0.4496590500, 0.2740580705
0.2248295250, 0.6370290353
0.6124147625, 0.8185145176
0.8062073813, 0.9092572588
0.9031036906, 0.9546286294
0.4515518453, 0.4773143147
0.2257759227, 0.7386571574
0.6128879613, 0.3693285787
0.8064439807, 0.1846642893
0.9032219903, 0.5923321447
0.9516109952, 0.2961660723
0.9758054976, 0.6480830362
0.9879027488, 0.3240415181
0.9939513744, 0.1620207590
0.9969756872, 0.5810103795
0.9984878436, 0.2905051898
0.9992439218, 0.1452525949
0.9996219609, 0.5726262974
0.4998109804, 0.7863131487
0.7499054902, 0.3931565744
0.8749527451, 0.6965782872
0.9374763726, 0.3482891436
0.4687381863, 0.6741445718
0.2343690931, 0.3370722859
0.1171845466, 0.6685361429
0.0585922733, 0.3342680715
0.5292961366, 0.6671340357
0.2646480683, 0.3335670179
0.6323240342, 0.1667835089
0.8161620171, 0.5833917545
0.9080810085, 0.7916958772
0.4540405043, 0.8958479386
0.2270202521, 0.9479239693
0.1135101261, 0.9739619847
0.5567550630, 0.4869809923
0.7783775315, 0.7434904962
0.3891887658, 0.8717452481
0.6945943829, 0.4358726240
0.8472971914, 0.7179363120
0.4236485957, 0.8589681560
0.7118242979, 0.4294840780
0.3559121489, 0.2147420390
0.1779560745, 0.1073710195
0.5889780372, 0.0536855098
0.2944890186, 0.0268427549
0.6472445093, 0.5134213774
0.8236222547, 0.2567106887
0.9118111273, 0.6283553444
0.4559055637, 0.8141776722
0.2279527818, 0.4070888361
0.6139763909, 0.7035444180
0.3069881955, 0.3517722090
0.6534940977, 0.1758861045
0.3267470489, 0.5879430523
0.1633735244, 0.2939715261
0.0816867622, 0.6469857631
0.0408433811, 0.3234928815
0.5204216906, 0.6617464408
0.7602108453, 0.8308732204
0.8801054226, 0.9154366102
0.9400527113, 0.4577183051
0.9700263557, 0.2288591525
0.9850131778, 0.1144295763
0.4925065889, 0.0572147881
0.2462532945, 0.5286073941
0.6231266472, 0.2643036970
0.8115633236, 0.6321518485
0.9057816618, 0.8160759243
0.4528908309, 0.4080379621
0.7264454155, 0.2040189811
0.3632227077, 0.1020094905
0.1816113539, 0.5510047453
0.5908056769, 0.7755023726
0.7954028385, 0.8877511863
0.8977014192, 0.9438755932
0.4488507096, 0.4719377966
0.7244253548, 0.7359688983
0.8622126774, 0.8679844491
0.9311063387, 0.9339922246
0.4655531694, 0.4669961123
0.2327765847, 0.2334980561
0.6163882923, 0.6167490281
0.3081941462, 0.3083745140
0.1540970731, 0.1541872570
0.5770485365, 0.0770936285
0.2885242683, 0.0385468143
0.1442621341, 0.0192734071
0.5721310671, 0.0096367036
0.2860655335, 0.0048183518
0.1430327668, 0.0024091759
0.0715163834, 0.0012045879
0.5357581917, 0.5006022940
0.7678790958, 0.2503011470
0.3839395479, 0.1251505735
0.6919697740, 0.0625752867
0.8459848870, 0.5312876434
0.4229924435, 0.2656438217
0.2114962217, 0.1328219108
0.1057481109, 0.0664109554
0.0528740554, 0.0332054777
0.5264370277, 0.0166027389
0.7632185139, 0.5083013694
0.8816092569, 0.2541506847
0.9408046285, 0.1270753424
0.4704023142, 0.5635376712
0.2352011571, 0.7817688356
0.1176005786, 0.8908844178
0.0588002893, 0.4454422089
0.0294001446, 0.2227211044
0.0147000723, 0.1113605522
0.0073500362, 0.0556802761
0.0036750181, 0.5278401381
0.0018375090, 0.2639200690
0.0009187545, 0.1319600345
0.0004593773, 0.0659800173
0.5002296886, 0.5329900086
0.2501148443, 0.2664950043
0.6250574222, 0.1332475022
0.3125287111, 0.0666237511
0.1562643555, 0.5333118755
0.0781321778, 0.2666559378
0.0390660889, 0.1333279689
0.0195330444, 0.5666639844
0.0097665222, 0.2833319922
0.0048832611, 0.6416659961
0.5024416306, 0.3208329981
0.7512208153, 0.1604164990
0.3756104076, 0.0802082495
0.6878052038, 0.5401041248
0.3439026019, 0.2700520624
0.1719513010, 0.1350260312
0.5859756505, 0.5675130156
0.2929878252, 0.2837565078
0.1464939126, 0.1418782539
0.5732469563, 0.0709391269
0.7866234782, 0.5354695635
0.8933117391, 0.2677347817
0.9466558695, 0.1338673909
0.4733279348, 0.5669336954
0.2366639674, 0.7834668477
0.6183319837, 0.3917334239
0.8091659918, 0.6958667119
0.4045829959, 0.8479333560
0.7022914980, 0.4239666780
0.3511457490, 0.2119833390
0.6755728745, 0.1059916695
0.8377864372, 0.5529958347
0.9188932186, 0.2764979174
0.9594466093, 0.6382489587
0.9797233047, 0.8191244793
0.4898616523, 0.4095622397
0.2449308262, 0.7047811198
0.1224654131, 0.3523905599
0.5612327065, 0.1761952800
0.7806163533, 0.0880976400
0.8903081766, 0.5440488200
0.4451540883, 0.2720244100
0.7225770442, 0.1360122050
0.8612885221, 0.5680061025
0.9306442610, 0.2840030512
0.9653221305, 0.1420015256
0.9826610653, 0.0710007628
0.4913305326, 0.0355003814
0.2456652663, 0.5177501907
0.6228326332, 0.2588750954
0.8114163166, 0.6294375477
0.9057081583, 0.3147187738
0.4528540791, 0.1573593869
0.7264270396, 0.0786796935
0.3632135198, 0.0393398467
0.6816067599, 0.0196699234
0.8408033799, 0.5098349617
0.9204016900, 0.2549174808
0.4602008450, 0.1274587404
0.7301004225, 0.5637293702
0.8650502112, 0.7818646851
0.9325251056, 0.8909323426
0.4662625528, 0.4454661713
0.2331312764, 0.7227330856
0.1165656382, 0.3613665428
0.0582828191, 0.1806832714
0.5291414096, 0.0903416357
0.7645707048, 0.0451708179
0.8822853524, 0.5225854089
0.9411426762, 0.7612927045
0.4705713381, 0.3806463522
0.2352856690, 0.1903231761
0.6176428345, 0.5951615881
0.8088214173, 0.7975807940
0.9044107086, 0.8987903970
0.4522053543, 0.9493951985
0.7261026772, 0.4746975993
0.3630513386, 0.7373487996
0.6815256693, 0.3686743998
0.3407628346, 0.1843371999
0.1703814173, 0.0921686000
0.0851907087, 0.5460843000
0.0425953543, 0.2730421500
0.5212976772, 0.6365210750
0.2606488386, 0.3182605375
0.1303244193, 0.6591302687
0.0651622096, 0.8295651344
0.5325811048, 0.4147825672
0.7662905524, 0.2073912836
0.8831452762, 0.6036956418
0.9415726381, 0.8018478209
0.4707863191, 0.4009239104
0.7353931595, 0.2004619552
0.8676965798, 0.6002309776
0.4338482899, 0.3001154888
0.7169241449, 0.6500577444
0.3584620725, 0.3250288722
0.1792310362, 0.1625144361
0.5896155181, 0.0812572181
0.2948077591, 0.5406286090
0.1474038795, 0.2703143045
0.0737019398, 0.1351571523
0.0368509699, 0.5675785761
0.0184254849, 0.2837892881
0.0092127425, 0.1418946440
0.0046063712, 0.5709473220
0.5023031856, 0.7854736610
0.2511515928, 0.3927368305
0.6255757964, 0.6963684153
0.3127878982, 0.3481842076
0.1563939491, 0.6740921038
0.5781969746, 0.3370460519
0.2890984873, 0.1685230260
0.6445492436, 0.0842615130
0.3222746218, 0.0421307565
0.1611373109, 0.5210653782
0.5805686555, 0.2605326891
0.7902843277, 0.6302663446
0.8951421639, 0.8151331723
0.4475710819, 0.4075665861
0.2237855410, 0.2037832931
0.1118927705, 0.1018916465
0.0559463852, 0.5509458233
0.0279731926, 0.2754729116
0.5139865963, 0.6377364558
0.7569932982, 0.8188682279
0.3784966491, 0.4094341140
0.6892483245, 0.2047170570
0.3446241623, 0.1023585285
0.6723120811, 0.0511792642
0.8361560406, 0.5255896321
0.9180780203, 0.2627948161
0.4590390101, 0.1313974080
0.7295195051, 0.0656987040
0.8647597525, 0.5328493520
0.9323798763, 0.2664246760
0.4661899381, 0.1332123380
0.7330949691, 0.5666061690
0.8665474845, 0.2833030845
0.4332737423, 0.1416515423
0.2166368711, 0.0708257711
0.1083184356, 0.0354128856
0.5541592178, 0.0177064428
0.7770796089, 0.0088532214
0.8885398044, 0.0044266107
0.4442699022, 0.5022133053
0.2221349511, 0.2511066527
0.1110674756, 0.6255533263
0.5555337378, 0.3127766632
0.2777668689, 0.6563883316
0.1388834344, 0.3281941658
0.5694417172, 0.6640970829
0.2847208586, 0.3320485414
0.1423604293, 0.6660242707
0.0711802147, 0.3330121354
0.0355901073, 0.6665060677
0.0177950537, 0.8332530338
0.0088975268, 0.9166265169
0.0044487634, 0.9583132585
0.0022243817, 0.9791566292
0.0011121909, 0.4895783146
0.5005560954, 0.7447891573
0.7502780477, 0.8723945787
0.3751390239, 0.9361972893
0.1875695119, 0.9680986447
0.0937847560, 0.4840493223
0.5468923780, 0.7420246612
0.2734461890, 0.8710123306
0.6367230945, 0.4355061653
0.8183615472, 0.7177530826
0.4091807736, 0.3588765413
0.2045903868, 0.6794382707
0.1022951934, 0.8397191353
0.0511475967, 0.9198595677
0.5255737984, 0.4599297838
0.7627868992, 0.2299648919
0.3813934496, 0.6149824460
0.1906967248, 0.3074912230
0.0953483624, 0.1537456115
0.5476741812, 0.0768728057
0.2738370906, 0.0384364029
0.1369185453, 0.0192182014
0.5684592726, 0.0096091007
0.7842296363, 0.5048045504
0.8921148182, 0.2524022752
0.4460574091, 0.6262011376
0.2230287045, 0.3131005688
0.6115143523, 0.1565502844
0.8057571761, 0.5782751422
0.9028785881, 0.2891375711
0.9514392940, 0.6445687855
0.4757196470, 0.3222843928
0.2378598235, 0.6611421964
0.6189299118, 0.3305710982
0.3094649559, 0.6652855491
0.1547324779, 0.8326427745
0.0773662390, 0.9163213873
0.0386831195, 0.9581606936
0.0193415597, 0.4790803468
0.0096707799, 0.2395401734
0.5048353899, 0.6197700867
0.2524176950, 0.8098850434
0.1262088475, 0.4049425217
0.0631044237, 0.2024712608
0.5315522119, 0.1012356304
0.7657761059, 0.5506178152
0.8828880530, 0.2753089076
0.4414440265, 0.6376544538
0.2207220132, 0.3188272269
0.1103610066, 0.1594136135
0.5551805033, 0.0797068067
0.7775902517, 0.5398534034
0.8887951258, 0.7699267017
0.4443975629, 0.3849633508
0.7221987815, 0.6924816754
0.8610993907, 0.8462408377
0.4305496954, 0.4231204189
0.2152748477, 0.7115602094
0.1076374238, 0.8557801047
0.0538187119, 0.9278900524
0.5269093560, 0.9639450262
0.7634546780, 0.9819725131
0.3817273390, 0.4909862565
0.6908636695, 0.7454931283
0.8454318347, 0.3727465641
0.9227159174, 0.6863732821
0.4613579587, 0.3431866410
0.2306789793, 0.1715933205
0.6153394897, 0.5857966603
0.8076697448, 0.7928983301
0.9038348724, 0.8964491651
0.9519174362, 0.9482245825
0.9759587181, 0.4741122913
0.9879793591, 0.2370561456
0.9939896795, 0.1185280728
0.9969948398, 0.5592640364
0.9984974199, 0.7796320182
0.9992487099, 0.3898160091
0.9996243550, 0.1949080046
0.9998121775, 0.0974540023
0.4999060887, 0.5487270011
0.2499530444, 0.2743635006
0.1249765222, 0.1371817503
0.0624882611, 0.0685908751
0.5312441305, 0.5342954376
0.2656220653, 0.7671477188
0.6328110326, 0.3835738594
0.8164055163, 0.6917869297
0.9082027582, 0.8458934648
0.4541013791, 0.9229467324
0.2270506895, 0.4614733662
0.1135253448, 0.2307366831
0.5567626724, 0.1153683416
0.7783813362, 0.5576841708
0.3891906681, 0.2788420854
0.6945953340, 0.1394210427
0.8472976670, 0.5697105213
0.9236488335, 0.2848552607
0.4618244168, 0.1424276303
0.7309122084, 0.0712138152
0.8654561042, 0.5356069076
0.9327280521, 0.7678034538
0.9663640260, 0.3839017269
0.9831820130, 0.1919508634
0.4915910065, 0.0959754317
0.7457955033, 0.5479877159
0.8728977516, 0.7739938579
0.9364488758, 0.3869969290
0.4682244379, 0.1934984645
0.7341122190, 0.5967492322
0.3670561095, 0.2983746161
0.1835280547, 0.1491873081
0.0917640274, 0.5745936540
0.0458820137, 0.2872968270
0.5229410068, 0.6436484135
0.7614705034, 0.3218242068
0.8807352517, 0.6609121034
0.9403676259, 0.3304560517
0.4701838129, 0.6652280258
0.2350919065, 0.3326140129
0.1175459532, 0.1663070065
0.0587729766, 0.5831535032
0.5293864883, 0.2915767516
0.2646932442, 0.1457883758
0.6323466221, 0.5728941879
0.8161733110, 0.2864470940
0.9080866555, 0.6432235470
0.9540433278, 0.8216117735
0.9770216639, 0.4108058867
0.4885108319, 0.2054029434
0.7442554160, 0.6027014717
0.3721277080, 0.3013507358
0.6860638540, 0.1506753679
0.3430319270, 0.5753376840
0.6715159635, 0.7876688420
0.8357579817, 0.8938344210
0.9178789909, 0.9469172105
0.4589394954, 0.9734586052
0.7294697477, 0.4867293026
0.8647348739, 0.2433646513
0.9323674369, 0.1216823257
0.9661837185, 0.5608411628
0.4830918592, 0.2804205814
0.2415459296, 0.1402102907
0.1207729648, 0.0701051454
0.5603864824, 0.0350525727
0.7801932412, 0.0175262863
0.3900966206, 0.0087631432
0.6950483103, 0.0043815716
0.3475241552, 0.5021907858
0.1737620776, 0.2510953929
0.0868810388, 0.1255476964
0.0434405194, 0.0627738482
0.5217202597, 0.5313869241
0.7608601298, 0.2656934621
0.8804300649, 0.1328467310
0.4402150325, 0.0664233655
0.2201075162, 0.5332116828
0.1100537581, 0.2666058414
0.5550268791, 0.6333029207
0.2775134395, 0.3166514603
0.1387567198, 0.1583257302
0.5693783599, 0.5791628651
0.7846891799, 0.7895814325
0.8923445900, 0.8947907163
0.9461722950, 0.4473953581
0.9730861475, 0.7236976791
0.9865430737, 0.8618488395
0.4932715369, 0.4309244198
0.7466357684, 0.2154622099
0.3733178842, 0.6077311049
0.1866589421, 0.3038655525
0.0933294711, 0.1519327762
0.0466647355, 0.5759663881
0.5233323678, 0.2879831941
0.2616661839, 0.6439915970
0.6308330919, 0.3219957985
0.3154165460, 0.6609978993
0.1577082730, 0.8304989496
0.5788541365, 0.4152494748
0.2894270682, 0.2076247374
0.1447135341, 0.1038123687
0.0723567671, 0.5519061844
0.0361783835, 0.7759530922
0.0180891918, 0.3879765461
0.5090445959, 0.1939882730
0.7545222979, 0.5969941365
0.8772611490, 0.2984970683
0.4386305745, 0.6492485341
0.2193152872, 0.3246242671
0.1096576436, 0.1623121335
0.0548288218, 0.0811560668
0.5274144109, 0.0405780334
0.2637072055, 0.5202890167
0.1318536027, 0.2601445083
0.0659268014, 0.1300722542
0.5329634007, 0.0650361271
0.7664817003, 0.0325180635
0.3832408502, 0.0162590318
0.1916204251, 0.5081295159
0.0958102125, 0.2540647579
0.0479051063, 0.6270323790
0.0239525531, 0.3135161895
0.0119762766, 0.1567580947
0.0059881383, 0.0783790474
0.0029940691, 0.5391895237
0.0014970346, 0.2695947618
0.0007485173, 0.6347973809
0.5003742586, 0.3173986905
0.2501871293, 0.1586993452
0.6250935647, 0.5793496726
0.8125467823, 0.2896748363
0.9062733912, 0.6448374182
0.9531366956, 0.3224187091
0.4765683478, 0.6612093545
0.2382841739, 0.8306046773
0.1191420869, 0.4153023386
0.0595710435, 0.2076511693
0.0297855217, 0.6038255847
0.0148927609, 0.3019127923
0.0074463804, 0.1509563962
0.5037231902, 0.0754781981
0.7518615951, 0.5377390990
0.3759307976, 0.2688695495
0.1879653988, 0.6344347748
0.5939826994, 0.3172173874
0.7969913497, 0.6586086937
0.8984956748, 0.8293043468
0.9492478374, 0.4146521734
0.4746239187, 0.7073260867
0.2373119594, 0.3536630434
0.6186559797, 0.6768315217
0.8093279898, 0.8384157608
0.4046639949, 0.9192078804
0.7023319975, 0.4596039402
0.3511659987, 0.2298019701
0.6755829994, 0.1149009851
0.8377914997, 0.0574504925
0.4188957498, 0.5287252463
0.2094478749, 0.2643626231
0.6047239375, 0.6321813116
0.8023619687, 0.8160906558
0.9011809844, 0.4080453279
0.4505904922, 0.2040226639
0.7252952461, 0.6020113320
0.3626476230, 0.8010056660
0.6813238115, 0.4005028330
0.8406619058, 0.2002514165
0.4203309529, 0.6001257082
0.2101654764, 0.3000628541
0.6050827382, 0.1500314271
0.8025413691, 0.0750157135
0.9012706846, 0.5375078568
0.9506353423, 0.2687539284
0.4753176711, 0.6343769642
0.2376588356, 0.3171884821
0.1188294178, 0.1585942410
0.0594147089, 0.0792971205
0.5297073544, 0.5396485603
0.2648536772, 0.7698242801
0.1324268386, 0.8849121401
0.0662134193, 0.4424560700
0.0331067097, 0.2212280350
0.5165533548, 0.6106140175
0.7582766774, 0.8053070088
0.3791383387, 0.4026535044
0.1895691694, 0.7013267522
0.5947845847, 0.3506633761
0.7973922923, 0.6753316880
0.8986961462, 0.3376658440
0.9493480731, 0.1688329220
0.9746740365, 0.0844164610
0.9873370183, 0.0422082305
0.4936685091, 0.5211041153
0.2468342546, 0.2605520576
0.6234171273, 0.6302760288
0.3117085636, 0.8151380144
0.1558542818, 0.9075690072
0.0779271409, 0.9537845036
0.5389635705, 0.4768922518
0.7694817852, 0.7384461259
0.8847408926, 0.3692230630
0.9423704463, 0.1846115315
0.9711852232, 0.0923057657
0.9855926116, 0.0461528829
0.9927963058, 0.0230764414
0.4963981529, 0.0115382207
0.7481990764, 0.0057691104
0.8740995382, 0.5028845552
0.9370497691, 0.2514422776
0.9685248846, 0.1257211388
0.9842624423, 0.5628605694
0.4921312211, 0.2814302847
0.7460656106, 0.6407151423
0.3730328053, 0.8203575712
0.6865164026, 0.4101787856
0.8432582013, 0.2050893928
0.4216291007, 0.1025446964
0.7108145503, 0.0512723482
0.3554072752, 0.0256361741
0.1777036376, 0.5128180870
0.5888518188, 0.7564090435
0.2944259094, 0.3782045218
0.6472129547, 0.6891022609
0.8236064773, 0.8445511304
0.9118032387, 0.9222755652
0.4559016193, 0.4611377826
0.7279508097, 0.7305688913
0.8639754048, 0.8652844457
0.4319877024, 0.9326422228
0.2159938512, 0.9663211114
0.1079969256, 0.9831605557
0.0539984628, 0.4915802779
0.0269992314, 0.2457901389
0.0134996157, 0.6228950695
0.0067498079, 0.3114475347
0.0033749039, 0.1557237674
0.5016874520, 0.5778618837
0.2508437260, 0.2889309418
0.1254218630, 0.1444654709
0.5627109315, 0.0722327355
0.7813554657, 0.5361163677
0.3906777329, 0.2680581839
0.6953388664, 0.1340290919
0.8476694332, 0.5670145460
0.4238347166, 0.2835072730
0.2119173583, 0.6417536365
0.6059586792, 0.8208768182
0.8029793396, 0.4104384091
0.4014896698, 0.7052192046
0.7007448349, 0.3526096023
0.3503724174, 0.6763048011
0.6751862087, 0.3381524006
0.8375931044, 0.1690762003
0.9187965522, 0.5845381001
0.9593982761, 0.7922690501
0.4796991380, 0.3961345250
0.2398495690, 0.6980672625
0.1199247845, 0.3490336313
0.0599623923, 0.1745168156
0.5299811961, 0.5872584078
0.7649905981, 0.2936292039
0.3824952990, 0.1468146020
0.1912476495, 0.0734073010
0.5956238248, 0.0367036505
0.2978119124, 0.0183518252
0.6489059562, 0.5091759126
0.8244529781, 0.2545879563
0.4122264890, 0.1272939782
0.7061132445, 0.0636469891
0.3530566223, 0.0318234945
0.6765283111, 0.5159117473
0.8382641556, 0.2579558736
0.9191320778, 0.1289779368
0.4595660389, 0.0644889684
0.2297830194, 0.5322444842
0.6148915097, 0.2661222421
0.8074457549, 0.1330611211
0.9037228774, 0.0665305605
0.4518614387, 0.5332652803
0.7259307194, 0.2666326401
0.8629653597, 0.6333163201
0.9314826798, 0.3166581600
0.9657413399, 0.6583290800
0.9828706700, 0.8291645400
0.4914353350, 0.4145822700
0.2457176675, 0.7072911350
0.6228588337, 0.3536455675
0.3114294169, 0.1768227838
0.6557147084, 0.5884113919
0.3278573542, 0.2942056959
0.1639286771, 0.6471028480
0.0819643386, 0.3235514240
0.0409821693, 0.1617757120
0.5204910846, 0.0808878560
0.7602455423, 0.5404439280
0.3801227712, 0.2702219640
0.1900613856, 0.1351109820
0.0950306928, 0.5675554910
0.0475153464, 0.7837777455
0.5237576732, 0.3918888727
0.7618788366, 0.6959444364
0.8809394183, 0.8479722182
0.4404697091, 0.4239861091
0.7202348546, 0.2119930545
0.3601174273, 0.6059965273
0.6800587136, 0.8029982636
0.8400293568, 0.9014991318
0.9200146784, 0.9507495659
0.4600073392, 0.4753747830
0.2300036696, 0.2376873915
0.1150018348, 0.1188436957
0.5575009174, 0.0594218479
0.7787504587, 0.0297109239
0.8893752294, 0.5148554620
0.9446876147, 0.7574277310
0.4723438073, 0.8787138655
0.2361719037, 0.9393569327
0.1180859518, 0.4696784664
0.5590429759, 0.7348392332
0.2795214880, 0.3674196166
0.6397607440, 0.1837098083
0.8198803720, 0.5918549041
0.9099401860, 0.7959274521
0.9549700930, 0.3979637260
0.9774850465, 0.1989818630
0.4887425232, 0.5994909315
0.7443712616, 0.2997454658
0.3721856308, 0.1498727329
0.1860928154, 0.0749363664
0.0930464077, 0.5374681832
0.0465232039, 0.2687340916
0.5232616019, 0.1343670458
0.7616308010, 0.0671835229
0.8808154005, 0.5335917615
0.9404077002, 0.7667958807
0.9702038501, 0.8833979404
0.9851019251, 0.4416989702
0.9925509625, 0.2208494851
0.9962754813, 0.1104247425
0.4981377406, 0.0552123713
0.7490688703, 0.0276061856
0.8745344352, 0.5138030928
0.4372672176, 0.7569015464
0.2186336088, 0.8784507732
0.1093168044, 0.9392253866
0.0546584022, 0.4696126933
0.0273292011, 0.2348063467
0.5136646005, 0.6174031733
0.7568323003, 0.3087015867
0.3784161501, 0.1543507933
0.1892080751, 0.0771753967
0.5946040375, 0.0385876983
0.2973020188, 0.0192938492
0.6486510094, 0.5096469246
0.3243255047, 0.2548234623
0.1621627523, 0.1274117311
0.0810813762, 0.0637058656
0.0405406881, 0.0318529328
0.0202703440, 0.0159264664
0.0101351720, 0.0079632332
0.5050675860, 0.5039816166
0.2525337930, 0.7519908083
0.1262668965, 0.3759954041
0.0631334483, 0.6879977021
0.0315667241, 0.8439988510
0.5157833621, 0.4219994255
0.7578916810, 0.2109997128
0.8789458405, 0.6054998564
0.9394729203, 0.3027499282
0.9697364601, 0.1513749641
0.9848682301, 0.0756874820
0.4924341150, 0.5378437410
0.7462170575, 0.2689218705
0.3731085288, 0.1344609353
0.1865542644, 0.5672304676
0.5932771322, 0.2836152338
