0.2500000000, 0.2500000000
0.6250000000, 0.1250000000
0.8125000000, 0.5625000000
0.4062500000, 0.2812500000
0.2031250000, 0.1406250000
0.6015625000, 0.0703125000
0.3007812500, 0.5351562500
0.1503906250, 0.7675781250
0.0751953125, 0.3837890625
0.0375976562, 0.1918945312
0.0187988281, 0.0959472656
0.5093994141, 0.0479736328
0.2546997070, 0.5239868164
0.1273498535, 0.2619934082
0.5636749268, 0.6309967041
0.2818374634, 0.3154983521
0.1409187317, 0.1577491760
0.5704593658, 0.5788745880
0.2852296829, 0.2894372940
0.6426148415, 0.1447186470
0.8213074207, 0.0723593235
0.4106537104, 0.5361796618
0.7053268552, 0.2680898309
0.3526634276, 0.1340449154
0.6763317138, 0.0670224577
0.8381658569, 0.5335112289
0.4190829284, 0.7667556144
0.2095414642, 0.3833778072
0.1047707321, 0.6916889036
0.5523853661, 0.3458444518
0.7761926830, 0.1729222259
0.3880963415, 0.5864611130
0.1940481708, 0.2932305565
0.5970240854, 0.6466152782
0.2985120427, 0.8233076391
0.1492560213, 0.9116538196
0.0746280107, 0.4558269098
0.0373140053, 0.7279134549
0.5186570027, 0.3639567274
0.7593285013, 0.6819783637
0.3796642507, 0.8409891819
0.6898321253, 0.4204945909
0.3449160627, 0.2102472955
0.6724580313, 0.1051236477
0.3362290157, 0.5525618239
0.1681145078, 0.2762809119
0.5840572539, 0.1381404560
0.2920286270, 0.0690702280
0.1460143135, 0.0345351140
0.5730071567, 0.0172675570
0.2865035784, 0.0086337785
0.6432517892, 0.5043168892
0.8216258946, 0.7521584446
0.4108129473, 0.8760792223
0.7054064736, 0.9380396112
0.3527032368, 0.9690198056
0.1763516184, 0.4845099028
0.0881758092, 0.2422549514
0.5440879046, 0.1211274757
0.2720439523, 0.5605637378
0.6360219762, 0.7802818689
0.3180109881, 0.8901409345
0.1590054940, 0.4450704672
0.5795027470, 0.7225352336
0.2897513735, 0.8612676168
0.1448756868, 0.4306338084
0.0724378434, 0.7153169042
0.5362189217, 0.3576584521
0.2681094608, 0.6788292261
0.1340547304, 0.3394146130
0.5670273652, 0.1697073065
0.7835136826, 0.0848536533
0.8917568413, 0.5424268266
0.9458784207, 0.7712134133
0.4729392103, 0.3856067067
0.2364696052, 0.1928033533
0.6182348026, 0.0964016767
0.3091174013, 0.0482008383
0.6545587006, 0.5241004192
0.3272793503, 0.7620502096
0.1636396752, 0.3810251048
0.0818198376, 0.1905125524
0.0409099188, 0.0952562762
0.0204549594, 0.5476281381
0.0102274797, 0.7738140690
0.5051137398, 0.3869070345
0.2525568699, 0.1934535173
0.6262784350, 0.5967267586
0.8131392175, 0.7983633793
0.4065696087, 0.3991816897
0.7032848044, 0.1995908448
0.8516424022, 0.0997954224
0.9258212011, 0.5498977112
0.4629106005, 0.2749488556
0.2314553003, 0.1374744278
0.1157276501, 0.5687372139
0.0578638251, 0.2843686070
0.5289319125, 0.1421843035
0.2644659563, 0.0710921517
0.6322329781, 0.5355460759
0.8161164891, 0.7677730379
0.4080582445, 0.3838865190
0.2040291223, 0.6919432595
0.6020145611, 0.3459716297
0.8010072806, 0.6729858149
0.4005036403, 0.8364929074
0.2002518201, 0.4182464537
0.6001259101, 0.2091232269
0.3000629550, 0.6045616134
0.6500314775, 0.3022808067
0.3250157388, 0.1511404034
0.1625078694, 0.0755702017
0.0812539347, 0.0377851008
0.0406269673, 0.0188925504
0.0203134837, 0.5094462752
0.0101567418, 0.7547231376
0.5050783709, 0.8773615688
0.7525391855, 0.9386807844
0.8762695927, 0.9693403922
0.4381347964, 0.9846701961
0.7190673982, 0.4923350981
0.8595336991, 0.7461675490
0.4297668495, 0.8730837745
0.2148834248, 0.4365418873
0.1074417124, 0.2182709436
0.5537208562, 0.1091354718
0.7768604281, 0.0545677359
0.8884302140, 0.5272838680
0.4442151070, 0.7636419340
0.7221075535, 0.3818209670
0.3610537768, 0.6909104835
0.1805268884, 0.3454552417
0.0902634442, 0.6727276209
0.0451317221, 0.3363638104
0.0225658610, 0.6681819052
0.5112829305, 0.3340909526
0.2556414653, 0.6670454763
0.1278207326, 0.3335227382
0.0639103663, 0.6667613691
0.0319551832, 0.3333806845
0.0159775916, 0.1666903423
0.0079887958, 0.5833451711
0.0039943979, 0.7916725856
0.5019971989, 0.3958362928
0.7509985995, 0.6979181464
0.3754992997, 0.3489590732
0.1877496499, 0.1744795366
0.0938748249, 0.0872397683
0.0469374125, 0.5436198841
0.0234687062, 0.2718099421
0.0117343531, 0.1359049710
0.0058671766, 0.5679524855
0.0029335883, 0.7839762428
0.0014667941, 0.3919881214
0.0007333971, 0.1959940607
0.0003666985, 0.5979970303
0.0001833493, 0.2989985152
0.0000916746, 0.6494992576
0.0000458373, 0.3247496288
0.0000229187, 0.1623748144
0.5000114593, 0.5811874072
0.2500057297, 0.7905937036
0.1250028648, 0.8952968518
0.0625014324, 0.4476484259
0.0312507162, 0.2238242129
0.0156253581, 0.1119121065
0.0078126791, 0.5559560532
0.0039063395, 0.2779780266
0.0019531698, 0.1389890133
0.5009765849, 0.0694945067
0.2504882924, 0.0347472533
0.1252441462, 0.0173736267
0.5626220731, 0.0086868133
0.2813110366, 0.0043434067
0.1406555183, 0.0021717033
0.0703277591, 0.0010858517
0.0351638796, 0.5005429258
0.0175819398, 0.2502714629
0.0087909699, 0.1251357315
0.0043954849, 0.5625678657
0.5021977425, 0.2812839329
0.2510988712, 0.1406419664
0.6255494356, 0.0703209832
0.8127747178, 0.0351604916
0.4063873589, 0.0175802458
0.7031936795, 0.0087901229
0.3515968397, 0.0043950615
0.1757984199, 0.0021975307
0.5878992099, 0.0010987654
0.7939496050, 0.5005493827
0.3969748025, 0.2502746913
0.1984874012, 0.1251373457
0.0992437006, 0.0625686728
0.0496218503, 0.5312843364
0.0248109252, 0.2656421682
0.0124054626, 0.1328210841
0.0062027313, 0.0664105421
0.0031013656, 0.5332052710
0.0015506828, 0.2666026355
0.5007753414, 0.1333013178
0.2503876707, 0.5666506589
0.1251938354, 0.2833253294
0.0625969177, 0.6416626647
0.0312984588, 0.8208313324
0.0156492294, 0.4104156662
0.0078246147, 0.2052078331
0.0039123074, 0.6026039165
0.0019561537, 0.3013019583
0.5009780768, 0.1506509791
0.2504890384, 0.5753254896
0.1252445192, 0.7876627448
0.0626222596, 0.3938313724
0.0313111298, 0.1969156862
0.0156555649, 0.0984578431
0.5078277825, 0.0492289215
0.7539138912, 0.5246144608
0.8769569456, 0.7623072304
0.4384784728, 0.3811536152
0.2192392364, 0.1905768076
0.6096196182, 0.5952884038
0.3048098091, 0.2976442019
0.6524049046, 0.6488221009
0.3262024523, 0.3244110505
0.6631012261, 0.6622055252
0.3315506131, 0.3311027626
0.1657753065, 0.1655513813
0.0828876533, 0.5827756907
0.0414438266, 0.2913878453
0.0207219133, 0.1456939227
0.5103609567, 0.5728469613
0.2551804783, 0.7864234807
0.1275902392, 0.3932117403
0.5637951196, 0.6966058702
0.7818975598, 0.8483029351
0.3909487799, 0.4241514675
0.1954743899, 0.2120757338
0.5977371950, 0.1060378669
0.7988685975, 0.0530189334
0.8994342987, 0.0265094667
0.4497171494, 0.5132547334
0.2248585747, 0.2566273667
0.1124292873, 0.1283136833
0.5562146437, 0.0641568417
0.2781073218, 0.0320784208
0.1390536609, 0.0160392104
0.0695268305, 0.5080196052
0.5347634152, 0.2540098026
0.7673817076, 0.1270049013
0.3836908538, 0.0635024507
0.1918454269, 0.0317512253
0.0959227135, 0.5158756127
0.5479613567, 0.2579378063
0.2739806784, 0.1289689032
0.1369903392, 0.0644844516
0.0684951696, 0.0322422258
0.5342475848, 0.5161211129
0.7671237924, 0.7580605564
0.8835618962, 0.8790302782
0.4417809481, 0.9395151391
0.7208904740, 0.4697575696
0.3604452370, 0.7348787848
0.6802226185, 0.3674393924
0.8401113093, 0.6837196962
0.9200556546, 0.3418598481
0.4600278273, 0.1709299240
0.2300139137, 0.5854649620
0.6150069568, 0.2927324810
0.3075034784, 0.1463662405
0.6537517392, 0.0731831203
0.3268758696, 0.0365915601
0.1634379348, 0.0182957801
0.0817189674, 0.0091478900
0.5408594837, 0.0045739450
0.7704297419, 0.0022869725
0.3852148709, 0.5011434863
0.1926074355, 0.2505717431
0.5963037177, 0.1252858716
0.7981518589, 0.5626429358
0.8990759294, 0.7813214679
0.4495379647, 0.8906607339
0.2247689824, 0.4453303670
0.1123844912, 0.7226651835
0.0561922456, 0.3613325917
0.5280961228, 0.1806662959
0.2640480614, 0.0903331479
0.6320240307, 0.0451665740
0.3160120153, 0.0225832870
0.6580060077, 0.0112916435
0.8290030038, 0.5056458217
0.9145015019, 0.7528229109
0.9572507510, 0.8764114554
0.4786253755, 0.4382057277
0.2393126877, 0.2191028639
0.1196563439, 0.1095514319
0.5598281719, 0.5547757160
0.2799140860, 0.2773878580
0.1399570430, 0.6386939290
0.0699785215, 0.3193469645
0.0349892607, 0.1596734822
0.5174946304, 0.0798367411
0.7587473152, 0.5399183706
0.3793736576, 0.7699591853
0.1896868288, 0.3849795926
0.5948434144, 0.6924897963
0.7974217072, 0.3462448982
0.3987108536, 0.1731224491
0.1993554268, 0.0865612245
0.5996777134, 0.5432806123
0.2998388567, 0.2716403061
0.1499194283, 0.1358201531
0.5749597142, 0.0679100765
0.7874798571, 0.0339550383
0.8937399285, 0.5169775191
0.9468699643, 0.7584887596
0.4734349821, 0.3792443798
0.7367174911, 0.6896221899
0.3683587455, 0.3448110949
0.6841793728, 0.6724055475
0.3420896864, 0.3362027737
0.6710448432, 0.6681013869
0.3355224216, 0.8340506934
0.6677612108, 0.4170253467
0.3338806054, 0.7085126734
0.6669403027, 0.8542563367
0.8334701513, 0.9271281683
0.4167350757, 0.4635640842
0.7083675378, 0.2317820421
0.8541837689, 0.6158910210
0.9270918845, 0.3079455105
0.9635459422, 0.1539727553
0.9817729711, 0.0769863776
0.9908864856, 0.0384931888
0.4954432428, 0.0192465944
0.7477216214, 0.5096232972
0.8738608107, 0.2548116486
0.4369304053, 0.6274058243
0.2184652027, 0.3137029122
0.1092326013, 0.6568514561
0.0546163007, 0.3284257280
0.0273081503, 0.1642128640
0.5136540752, 0.5821064320
0.2568270376, 0.2910532160
0.6284135188, 0.6455266080
0.3142067594, 0.3227633040
0.1571033797, 0.1613816520
0.0785516898, 0.5806908260
0.0392758449, 0.7903454130
0.0196379225, 0.8951727065
0.5098189612, 0.4475863533
0.2549094806, 0.2237931766
0.6274547403, 0.1118965883
0.8137273702, 0.5559482942
0.9068636851, 0.2779741471
0.9534318425, 0.1389870735
0.9767159213, 0.0694935368
0.4883579606, 0.5347467684
0.2441789803, 0.2673733842
0.6220894902, 0.1336866921
0.8110447451, 0.5668433460
0.4055223725, 0.7834216730
0.7027611863, 0.8917108365
0.3513805931, 0.4458554183
0.1756902966, 0.7229277091
0.0878451483, 0.8614638546
0.0439225741, 0.9307319273
0.0219612871, 0.4653659636
0.5109806435, 0.7326829818
0.2554903218, 0.3663414909
0.6277451609, 0.1831707455
0.8138725804, 0.5915853727
0.4069362902, 0.2957926864
0.2034681451, 0.1478963432
0.6017340726, 0.0739481716
0.8008670363, 0.5369740858
0.4004335181, 0.7684870429
0.2002167591, 0.3842435214
0.6001083795, 0.6921217607
0.8000541898, 0.8460608804
0.9000270949, 0.4230304402
0.9500135474, 0.2115152201
0.4750067737, 0.6057576100
0.7375033869, 0.3028788050
0.3687516934, 0.1514394025
0.6843758467, 0.0757197013
0.8421879234, 0.5378598506
0.4210939617, 0.7689299253
0.7105469808, 0.3844649627
0.3552734904, 0.6922324813
0.6776367452, 0.3461162407
0.3388183726, 0.6730581203
0.1694091863, 0.3365290602
0.5847045932, 0.6682645301
0.2923522966, 0.8341322650
0.1461761483, 0.9170661325
0.0730880741, 0.4585330663
0.0365440371, 0.2292665331
0.5182720185, 0.6146332666
0.7591360093, 0.8073166333
0.3795680046, 0.4036583166
0.1897840023, 0.2018291583
0.0948920012, 0.6009145792
0.0474460006, 0.3004572896
0.0237230003, 0.1502286448
0.0118615001, 0.5751143224
0.0059307501, 0.2875571612
0.0029653750, 0.1437785806
0.5014826875, 0.0718892903
0.2507413438, 0.5359446451
0.1253706719, 0.2679723226
0.5626853359, 0.6339861613
0.2813426680, 0.3169930806
0.6406713340, 0.6584965403
0.8203356670, 0.8292482702
0.9101678335, 0.9146241351
0.4550839167, 0.4573120675
0.2275419584, 0.2286560338
0.1137709792, 0.1143280169
0.0568854896, 0.5571640084
0.0284427448, 0.2785820042
0.0142213724, 0.6392910021
0.5071106862, 0.3196455011
0.2535553431, 0.6598227505
0.1267776715, 0.3299113753
0.0633888358, 0.1649556876
0.0316944179, 0.0824778438
0.0158472089, 0.5412389219
0.5079236045, 0.7706194610
0.7539618022, 0.8853097305
0.3769809011, 0.4426548652
0.1884904506, 0.2213274326
0.0942452253, 0.6106637163
0.0471226126, 0.3053318582
0.0235613063, 0.1526659291
0.5117806532, 0.0763329645
0.2558903266, 0.0381664823
0.1279451633, 0.5190832411
0.0639725816, 0.2595416206
0.0319862908, 0.6297708103
0.5159931454, 0.8148854051
0.2579965727, 0.4074427026
0.6289982864, 0.2037213513
0.3144991432, 0.1018606756
0.6572495716, 0.5509303378
0.8286247858, 0.7754651689
0.9143123929, 0.3877325845
0.4571561964, 0.6938662922
0.2285780982, 0.8469331461
0.1142890491, 0.9234665731
0.0571445246, 0.4617332865
0.5285722623, 0.7308666433
0.7642861311, 0.3654333216
0.3821430656, 0.1827166608
0.6910715328, 0.0913583304
0.3455357664, 0.5456791652
0.6727678832, 0.7728395826
0.3363839416, 0.8864197913
0.6681919708, 0.9432098957
0.3340959854, 0.9716049478
0.1670479927, 0.9858024739
0.0835239963, 0.9929012370
0.5417619982, 0.4964506185
0.7708809991, 0.7482253092
0.3854404995, 0.3741126546
0.6927202498, 0.1870563273
0.3463601249, 0.0935281637
0.1731800624, 0.0467640818
0.5865900312, 0.5233820409
0.2932950156, 0.7616910205
0.6466475078, 0.3808455102
0.8233237539, 0.6904227551
0.9116618770, 0.8452113776
0.4558309385, 0.9226056888
0.2279154692, 0.9613028444
0.1139577346, 0.4806514222
0.0569788673, 0.7403257111
0.5284894337, 0.3701628555
0.2642447168, 0.1850814278
0.6321223584, 0.0925407139
0.3160611792, 0.5462703569
0.1580305896, 0.2731351785
0.5790152948, 0.1365675892
0.2895076474, 0.5682837946
0.1447538237, 0.2841418973
0.0723769119, 0.6420709487
0.0361884559, 0.8210354743
0.5180942280, 0.9105177372
0.2590471140, 0.9552588686
0.1295235570, 0.9776294343
0.0647617785, 0.9888147171
0.0323808892, 0.4944073586
0.0161904446, 0.7472036793
0.0080952223, 0.3736018396
0.5040476112, 0.6868009198
0.7520238056, 0.3434004599
0.8760119028, 0.6717002300
0.9380059514, 0.3358501150
0.4690029757, 0.1679250575
0.2345014878, 0.5839625287
0.1172507439, 0.2919812644
0.0586253720, 0.1459906322
0.0293126860, 0.5729953161
0.0146563430, 0.2864976580
0.5073281715, 0.6432488290
0.2536640857, 0.8216244145
0.1268320429, 0.4108122073
0.5634160214, 0.7054061036
0.7817080107, 0.8527030518
0.8908540054, 0.9263515259
0.9454270027, 0.4631757630
0.9727135013, 0.7315878815
0.9863567507, 0.8657939407
0.4931783753, 0.4328969704
0.2465891877, 0.2164484852
0.6232945938, 0.1082242426
0.8116472969, 0.5541121213
0.4058236485, 0.7770560606
0.2029118242, 0.3885280303
0.6014559121, 0.1942640152
0.8007279561, 0.0971320076
0.9003639780, 0.5485660038
0.9501819890, 0.7742830019
0.9750909945, 0.8871415009
0.9875454973, 0.4435707505
0.9937727486, 0.7217853752
0.9968863743, 0.8608926876
0.9984431872, 0.4304463438
0.4992215936, 0.7152231719
0.2496107968, 0.3576115860
0.1248053984, 0.1788057930
0.5624026992, 0.5894028965
0.7812013496, 0.2947014482
0.3906006748, 0.1473507241
0.1953003374, 0.5736753621
0.5976501687, 0.2868376810
0.2988250843, 0.1434188405
0.6494125422, 0.5717094203
0.8247062711, 0.2858547101
0.9123531355, 0.1429273551
0.9561765678, 0.5714636775
0.4780882839, 0.7857318388
0.2390441419, 0.8928659194
0.1195220710, 0.4464329597
0.5597610355, 0.2232164798
0.7798805177, 0.6116082399
0.3899402589, 0.3058041200
0.6949701294, 0.1529020600
0.8474850647, 0.5764510300
0.9237425324, 0.7882255150
0.4618712662, 0.8941127575
0.2309356331, 0.4470563787
0.1154678165, 0.2235281894
0.0577339083, 0.1117640947
0.5288669541, 0.0558820473
0.2644334771, 0.5279410237
0.1322167385, 0.7639705118
0.0661083693, 0.3819852559
0.5330541846, 0.6909926280
0.7665270923, 0.8454963140
0.3832635462, 0.4227481570
0.6916317731, 0.2113740785
0.8458158865, 0.6056870392
0.9229079433, 0.3028435196
0.4614539716, 0.6514217598
0.2307269858, 0.3257108799
0.1153634929, 0.1628554400
0.5576817465, 0.0814277200
0.2788408732, 0.0407138600
0.6394204366, 0.0203569300
0.8197102183, 0.5101784650
0.9098551092, 0.2550892325
0.4549275546, 0.1275446162
0.7274637773, 0.0637723081
0.3637318886, 0.0318861541
0.6818659443, 0.0159430770
0.3409329722, 0.5079715385
0.1704664861, 0.2539857693
0.5852332430, 0.6269928846
0.7926166215, 0.8134964423
0.3963083108, 0.4067482212
0.1981541554, 0.7033741106
0.0990770777, 0.8516870553
0.0495385388, 0.4258435276
0.0247692694, 0.2129217638
0.0123846347, 0.1064608819
0.0061923174, 0.5532304410
0.0030961587, 0.2766152205
0.0015480793, 0.1383076102
0.0007740397, 0.5691538051
0.0003870198, 0.2845769026
0.0001935099, 0.1422884513
0.5000967550, 0.0711442256
0.7500483775, 0.5355721128
0.3750241887, 0.7677860564
0.1875120944, 0.3838930282
0.5937560472, 0.1919465141
0.2968780236, 0.5959732571
0.6484390118, 0.2979866285
0.8242195059, 0.6489933143
0.4121097529, 0.8244966571
0.2060548765, 0.4122483286
0.6030274382, 0.7061241643
0.8015137191, 0.3530620821
0.4007568596, 0.1765310411
0.7003784298, 0.5882655205
0.8501892149, 0.2941327603
0.4250946074, 0.1470663801
0.7125473037, 0.0735331901
0.8562736519, 0.5367665950
0.9281368259, 0.7683832975
0.9640684130, 0.3841916488
0.4820342065, 0.1920958244
0.2410171032, 0.5960479122
0.1205085516, 0.2980239561
0.0602542758, 0.1490119780
0.0301271379, 0.5745059890
0.0150635690, 0.2872529945
0.5075317845, 0.6436264973
0.2537658922, 0.3218132486
0.1268829461, 0.1609066243
0.5634414731, 0.5804533122
0.7817207365, 0.7902266561
0.3908603683, 0.8951133280
0.1954301841, 0.9475566640
0.5977150921, 0.4737783320
0.7988575460, 0.7368891660
0.8994287730, 0.3684445830
0.9497143865, 0.1842222915
0.9748571933, 0.5921111458
0.4874285966, 0.7960555729
0.2437142983, 0.3980277864
0.6218571492, 0.6990138932
0.3109285746, 0.3495069466
0.1554642873, 0.1747534733
0.0777321436, 0.0873767367
0.5388660718, 0.0436883683
0.7694330359, 0.0218441842
0.3847165180, 0.0109220921
0.1923582590, 0.0054610460
0.0961791295, 0.5027305230
0.0480895647, 0.2513652615
0.0240447824, 0.6256826308
0.0120223912, 0.3128413154
0.5060111956, 0.1564206577
0.7530055978, 0.5782103288
0.8765027989, 0.7891051644
0.9382513994, 0.8945525822
0.4691256997, 0.9472762911
0.2345628499, 0.9736381456
0.1172814249, 0.9868190728
0.5586407125, 0.9934095364
0.2793203562, 0.4967047682
0.1396601781, 0.2483523841
0.0698300891, 0.1241761920
0.0349150445, 0.5620880960
0.0174575223, 0.2810440480
0.5087287611, 0.1405220240
0.2543643806, 0.0702610120
0.1271821903, 0.5351305060
0.5635910951, 0.2675652530
0.2817955476, 0.1337826265
0.1408977738, 0.0668913133
0.5704488869, 0.5334456566
0.2852244434, 0.2667228283
0.1426122217, 0.1333614142
0.0713061109, 0.5666807071
0.0356530554, 0.2833403535
0.0178265277, 0.6416701768
0.0089132639, 0.3208350884
0.5044566319, 0.6604175442
0.7522283160, 0.8302087721
0.3761141580, 0.4151043860
0.1880570790, 0.2075521930
0.5940285395, 0.1037760965
0.2970142697, 0.5518880483
0.6485071349, 0.2759440241
0.8242535674, 0.6379720121
0.4121267837, 0.3189860060
0.2060633919, 0.1594930030
0.6030316959, 0.0797465015
0.8015158480, 0.5398732508
0.9007579240, 0.2699366254
0.9503789620, 0.6349683127
0.9751894810, 0.3174841563
0.4875947405, 0.1587420782
0.7437973702, 0.0793710391
0.8718986851, 0.5396855195
0.4359493426, 0.7698427598
0.2179746713, 0.8849213799
0.1089873356, 0.4424606899
0.0544936678, 0.7212303450
0.0272468339, 0.3606151725
0.0136234170, 0.1803075862
0.0068117085, 0.5901537931
0.5034058542, 0.7950768966
0.7517029271, 0.8975384483
0.3758514636, 0.9487692241
0.6879257318, 0.9743846121
0.8439628659, 0.4871923060
0.4219814329, 0.2435961530
0.7109907165, 0.1217980765
0.8554953582, 0.5608990383
0.4277476791, 0.7804495191
0.2138738396, 0.8902247596
0.1069369198, 0.9451123798
0.0534684599, 0.4725561899
0.5267342299, 0.7362780949
0.7633671150, 0.3681390475
0.3816835575, 0.1840695237
0.6908417787, 0.5920347619
0.8454208894, 0.2960173809
0.9227104447, 0.6480086905
0.9613552223, 0.3240043452
0.9806776112, 0.1620021726
0.4903388056, 0.5810010863
0.2451694028, 0.2905005432
0.1225847014, 0.6452502716
0.0612923507, 0.8226251358
0.5306461753, 0.9113125679
0.2653230877, 0.4556562839
0.6326615438, 0.2278281420
0.8163307719, 0.6139140710
0.9081653860, 0.8069570355
0.9540826930, 0.9034785177
0.9770413465, 0.4517392589
0.4885206732, 0.7258696294
0.7442603366, 0.3629348147
0.8721301683, 0.6814674074
0.4360650842, 0.8407337037
0.2180325421, 0.9203668518
0.1090162710, 0.4601834259
0.0545081355, 0.7300917130
0.5272540678, 0.3650458565
0.7636270339, 0.6825229282
0.8818135169, 0.8412614641
0.4409067585, 0.4206307321
0.2204533792, 0.7103153660
0.1102266896, 0.8551576830
0.5551133448, 0.4275788415
0.7775566724, 0.7137894208
0.3887783362, 0.8568947104
0.1943891681, 0.4284473552
0.5971945841, 0.7142236776
0.2985972920, 0.3571118388
0.1492986460, 0.6785559194
0.0746493230, 0.3392779597
0.0373246615, 0.6696389798
0.0186623308, 0.3348194899
0.0093311654, 0.1674097450
0.5046655827, 0.5837048725
0.2523327913, 0.2918524362
0.1261663957, 0.1459262181
0.5630831978, 0.0729631091
0.2815415989, 0.0364815545
0.6407707995, 0.0182407773
0.3203853997, 0.0091203886
0.1601926999, 0.5045601943
0.5800963499, 0.2522800972
0.2900481750, 0.1261400486
0.6450240875, 0.0630700243
0.8225120437, 0.0315350121
0.9112560219, 0.0157675061
0.9556280109, 0.0078837530
0.4778140055, 0.0039418765
0.2389070027, 0.0019709383
0.1194535014, 0.0009854691
0.5597267507, 0.5004927346
0.2798633753, 0.2502463673
0.6399316877, 0.6251231836
0.8199658438, 0.8125615918
0.9099829219, 0.9062807959
0.9549914610, 0.9531403980
0.4774957305, 0.4765701990
0.2387478652, 0.2382850995
0.1193739326, 0.1191425497
0.0596869663, 0.0595712749
0.5298434832, 0.0297856374
0.2649217416, 0.0148928187
0.6324608708, 0.0074464094
0.8162304354, 0.0037232047
0.9081152177, 0.5018616023
0.4540576088, 0.2509308012
0.2270288044, 0.1254654006
0.1135144022, 0.0627327003
0.5567572011, 0.0313663501
0.7783786006, 0.5156831751
0.8891893003, 0.7578415875
0.9445946501, 0.8789207938
0.4722973251, 0.4394603969
0.7361486625, 0.7197301984
0.8680743313, 0.3598650992
0.4340371656, 0.6799325496
0.7170185828, 0.3399662748
0.3585092914, 0.6699831374
0.6792546457, 0.3349915687
0.8396273229, 0.6674957844
0.4198136614, 0.3337478922
0.2099068307, 0.6668739461
0.6049534154, 0.3334369730
0.8024767077, 0.6667184865
0.9012383538, 0.8333592433
0.4506191769, 0.4166796216
0.2253095885, 0.2083398108
0.1126547942, 0.6041699054
0.5563273971, 0.3020849527
0.7781636986, 0.6510424764
0.3890818493, 0.8255212382
0.6945409246, 0.4127606191
0.3472704623, 0.2063803095
0.1736352312, 0.1031901548
0.5868176156, 0.5515950774
0.2934088078, 0.7757975387
0.1467044039, 0.3878987693
0.5733522019, 0.1939493847
0.2866761010, 0.0969746923
0.6433380505, 0.0484873462
0.8216690252, 0.0242436731
0.9108345126, 0.5121218365
0.4554172563, 0.2560609183
0.2277086282, 0.1280304591
0.6138543141, 0.5640152296
0.3069271570, 0.2820076148
0.1534635785, 0.1410038074
0.5767317893, 0.0705019037
0.7883658946, 0.5352509518
0.3941829473, 0.7676254759
0.6970914737, 0.3838127380
0.3485457368, 0.6919063690
0.1742728684, 0.3459531845
0.5871364342, 0.1729765922
0.7935682171, 0.5864882961
0.8967841086, 0.2932441481
0.9483920543, 0.1466220740
0.4741960271, 0.0733110370
0.2370980136, 0.5366555185
0.6185490068, 0.7683277593
0.8092745034, 0.8841638796
0.9046372517, 0.9420819398
0.9523186258, 0.9710409699
0.4761593129, 0.4855204850
0.2380796565, 0.2427602425
0.1190398282, 0.6213801212
0.5595199141, 0.8106900606
0.2797599571, 0.4053450303
0.1398799785, 0.2026725152
0.0699399893, 0.6013362576
0.0349699946, 0.3006681288
0.5174849973, 0.6503340644
0.7587424987, 0.8251670322
0.3793712493, 0.4125835161
0.1896856247, 0.2062917580
0.5948428123, 0.1031458790
0.7974214062, 0.0515729395
0.3987107031, 0.0257864698
0.1993553515, 0.5128932349
0.0996776758, 0.7564466174
0.5498388379, 0.3782233087
0.7749194189, 0.6891116544
0.3874597095, 0.8445558272
0.1937298547, 0.4222779136
0.0968649274, 0.7111389568
0.0484324637, 0.3555694784
0.5242162318, 0.1777847392
0.7621081159, 0.5888923696
0.3810540580, 0.7944461848
0.1905270290, 0.3972230924
0.5952635145, 0.6986115462
0.7976317572, 0.8493057731
0.8988158786, 0.9246528865
0.4494079393, 0.4623264433
0.2247039697, 0.7311632216
0.1123519848, 0.3655816108
0.0561759924, 0.1827908054
0.5280879962, 0.0913954027
0.7640439981, 0.0456977014
0.8820219991, 0.5228488507
0.9410109995, 0.7614244253
0.4705054998, 0.8807122127
0.2352527499, 0.4403561063
0.6176263749, 0.7201780532
0.8088131875, 0.8600890266
0.9044065937, 0.9300445133
0.4522032969, 0.9650222566
0.7261016484, 0.4825111283
0.3630508242, 0.7412555642
0.1815254121, 0.3706277821
0.0907627061, 0.1853138910
0.0453813530, 0.0926569455
0.5226906765, 0.0463284728
0.2613453383, 0.0231642364
0.6306726691, 0.5115821182
0.3153363346, 0.2557910591
0.1576681673, 0.6278955295
0.0788340836, 0.8139477648
0.0394170418, 0.4069738824
0.5197085209, 0.7034869412
0.7598542605, 0.3517434706
0.8799271302, 0.6758717353
0.4399635651, 0.3379358676
0.7199817826, 0.1689679338
0.8599908913, 0.0844839669
0.4299954456, 0.5422419835
0.2149977228, 0.2711209917
0.6074988614, 0.6355604959
0.3037494307, 0.3177802479
0.6518747154, 0.1588901240
0.3259373577, 0.0794450620
0.6629686788, 0.5397225310
0.3314843394, 0.2698612655
0.1657421697, 0.6349306327
0.0828710849, 0.8174653164
0.0414355424, 0.9087326582
0.0207177712, 0.4543663291
0.5103588856, 0.7271831645
0.7551794428, 0.3635915823
0.3775897214, 0.1817957911
0.6887948607, 0.5908978956
0.3443974304, 0.7954489478
0.1721987152, 0.3977244739
0.0860993576, 0.1988622369
0.5430496788, 0.0994311185
0.7715248394, 0.5497155592
0.3857624197, 0.2748577796
0.1928812098, 0.6374288898
0.0964406049, 0.3187144449
0.0482203025, 0.6593572225
0.0241101512, 0.3296786112
0.0120550756, 0.6648393056
0.0060275378, 0.3324196528
0.0030137689, 0.6662098264
0.5015068845, 0.3331049132
0.2507534422, 0.1665524566
0.6253767211, 0.5832762283
0.8126883606, 0.2916381142
0.4063441803, 0.6458190571
0.2031720901, 0.3229095285
0.1015860451, 0.1614547643
0.5507930225, 0.0807273821
0.2753965113, 0.0403636911
0.6376982556, 0.0201818455
0.3188491278, 0.0100909228
0.6594245639, 0.0050454614
0.3297122820, 0.0025227307
0.6648561410, 0.0012613653
0.8324280705, 0.5006306827
0.4162140352, 0.7503153413
0.2081070176, 0.3751576707
0.6040535088, 0.6875788353
0.8020267544, 0.3437894177
0.4010133772, 0.6718947088
0.2005066886, 0.8359473544
0.6002533443, 0.4179736772
0.8001266722, 0.7089868386
0.9000633361, 0.3544934193
0.9500316680, 0.1772467097
0.4750158340, 0.5886233548
0.7375079170, 0.2943116774
0.3687539585, 0.1471558387
0.1843769793, 0.0735779194
0.0921884896, 0.5367889597
0.0460942448, 0.2683944798
0.5230471224, 0.6341972399
0.2615235612, 0.3170986200
0.1307617806, 0.6585493100
0.0653808903, 0.3292746550
0.0326904452, 0.1646373275
0.5163452226, 0.0823186637
0.2581726113, 0.5411593319
0.1290863056, 0.7705796659
0.0645431528, 0.8852898330
0.0322715764, 0.9426449165
0.5161357882, 0.9713224582
0.2580678941, 0.4856612291
0.1290339471, 0.7428306146
0.0645169735, 0.8714153073
0.5322584868, 0.9357076536
0.7661292434, 0.9678538268
0.3830646217, 0.4839269134
0.6915323108, 0.2419634567
0.8457661554, 0.6209817284
0.4228830777, 0.3104908642
0.2114415389, 0.6552454321
0.1057207694, 0.8276227160
0.0528603847, 0.9138113580
0.0264301924, 0.4569056790
0.0132150962, 0.2284528395
0.0066075481, 0.1142264198
0.5033037740, 0.0571132099
0.2516518870, 0.0285566049
0.6258259435, 0.0142783025
0.3129129718, 0.0071391512
0.6564564859, 0.5035695756
0.8282282429, 0.7517847878
0.9141141215, 0.3758923939
0.4570570607, 0.1879461970
0.2285285304, 0.0939730985
0.1142642652, 0.0469865492
0.5571321326, 0.0234932746
0.7785660663, 0.5117466373
0.8892830331, 0.2558733187
0.4446415166, 0.1279366593
0.2223207583, 0.0639683297
0.6111603791, 0.0319841648
0.8055801896, 0.5159920824
0.4027900948, 0.2579960412
0.2013950474, 0.6289980206
0.1006975237, 0.8144990103
0.0503487618, 0.9072495052
0.5251743809, 0.4536247526
0.7625871905, 0.2268123763
0.3812935952, 0.1134061881
0.6906467976, 0.0567030941
0.3453233988, 0.5283515470
0.1726616994, 0.7641757735
0.0863308497, 0.3820878868
0.5431654249, 0.6910439434
0.7715827124, 0.8455219717
0.8857913562, 0.4227609858
0.4428956781, 0.2113804929
0.2214478391, 0.1056902465
0.6107239195, 0.0528451232
0.3053619598, 0.0264225616
0.1526809799, 0.0132112808
0.5763404899, 0.0066056404
0.2881702450, 0.0033028202
0.1440851225, 0.0016514101
0.0720425612, 0.5008257051
0.0360212806, 0.2504128525
0.0180106403, 0.1252064263
0.5090053202, 0.0626032131
0.7545026601, 0.5313016066
0.8772513300, 0.7656508033
0.4386256650, 0.3828254016
0.7193128325, 0.6914127008
0.8596564163, 0.3457063504
0.4298282081, 0.6728531752
0.2149141041, 0.3364265876
0.1074570520, 0.1682132938
0.5537285260, 0.5841066469
0.7768642630, 0.7920533235
0.8884321315, 0.8960266617
0.4442160658, 0.4480133309
0.7221080329, 0.2240066654
0.8610540164, 0.1120033327
0.4305270082, 0.5560016664
0.7152635041, 0.2780008332
0.3576317521, 0.6390004166
0.1788158760, 0.3195002083
0.5894079380, 0.1597501041
0.2947039690, 0.0798750521
0.1473519845, 0.5399375260
0.0736759923, 0.7699687630
0.5368379961, 0.3849843815
0.7684189981, 0.6924921908
0.8842094990, 0.8462460954
0.4421047495, 0.4231230477
0.7210523748, 0.2115615238
0.8605261874, 0.6057807619
0.9302630937, 0.8028903810
0.9651315468, 0.9014451905
0.9825657734, 0.9507225952
0.4912828867, 0.9753612976
0.7456414434, 0.4876806488
0.3728207217, 0.2438403244
0.1864103608, 0.1219201622
0.0932051804, 0.5609600811
0.0466025902, 0.2804800406
0.0233012951, 0.6402400203
0.5116506476, 0.3201200101
0.7558253238, 0.1600600051
0.8779126619, 0.5800300025
0.9389563309, 0.7900150013
0.4694781655, 0.8950075006
0.7347390827, 0.4475037503
0.3673695414, 0.2237518752
0.6836847707, 0.6118759376
0.8418423853, 0.8059379688
0.9209211927, 0.9029689844
0.4604605963, 0.4514844922
0.7302302982, 0.7257422461
0.8651151491, 0.8628711230
0.4325575745, 0.4314355615
0.2162787873, 0.7157177808
0.1081393936, 0.3578588904
0.0540696968, 0.1789294452
0.5270348484, 0.0894647226
0.2635174242, 0.0447323613
0.1317587121, 0.0223661806
0.5658793561, 0.5111830903
0.2829396780, 0.7555915452
0.1414698390, 0.3777957726
0.0707349195, 0.6888978863
0.0353674598, 0.3444489431
0.5176837299, 0.6722244716
0.2588418649, 0.8361122358
0.1294209325, 0.9180561179
0.5647104662, 0.4590280589
0.2823552331, 0.7295140295
0.6411776166, 0.8647570147
0.3205888083, 0.4323785074
0.6602944041, 0.7161892537
0.8301472021, 0.8580946268
0.9150736010, 0.4290473134
0.4575368005, 0.7145236567
0.7287684003, 0.3572618284
0.8643842001, 0.6786309142
0.9321921001, 0.8393154571
0.4660960500, 0.4196577285
0.7330480250, 0.2098288643
0.3665240125, 0.1049144321
0.1832620063, 0.5524572161
0.5916310031, 0.7762286080
0.2958155016, 0.3881143040
0.6479077508, 0.6940571520
0.3239538754, 0.3470285760
0.6619769377, 0.1735142880
0.8309884688, 0.5867571440
0.9154942344, 0.2933785720
0.9577471172, 0.1466892860
0.4788735586, 0.0733446430
0.2394367793, 0.0366723215
0.1197183897, 0.0183361608
0.0598591948, 0.0091680804
0.5299295974, 0.5045840402
0.7649647987, 0.2522920201
0.8824823994, 0.6261460100
0.4412411997, 0.8130730050
0.2206205998, 0.9065365025
0.1103102999, 0.4532682513
0.0551551500, 0.2266341256
0.0275775750, 0.1133170628
0.5137887875, 0.0566585314
0.7568943937, 0.5283292657
0.3784471969, 0.7641646329
0.1892235984, 0.3820823164
0.5946117992, 0.1910411582
0.7973058996, 0.0955205791
0.8986529498, 0.5477602896
0.4493264749, 0.2738801448
0.2246632375, 0.6369400724
0.1123316187, 0.3184700362
0.5561658094, 0.6592350181
0.2780829047, 0.3296175090
0.6390414523, 0.1648087545
0.8195207262, 0.5824043773
0.4097603631, 0.2912021886
0.7048801815, 0.1456010943
0.3524400908, 0.0728005472
0.6762200454, 0.5364002736
0.3381100227, 0.2682001368
0.6690550113, 0.1341000684
0.3345275057, 0.5670500342
0.1672637528, 0.2835250171
0.0836318764, 0.1417625085
0.0418159382, 0.0708812543
0.5209079691, 0.5354406271
0.2604539846, 0.7677203136
0.1302269923, 0.8838601568
0.0651134961, 0.9419300784
0.0325567481, 0.4709650392
0.5162783740, 0.2354825196
0.7581391870, 0.1177412598
0.3790695935, 0.5588706299
0.1895347968, 0.2794353149
0.0947673984, 0.1397176575
0.5473836992, 0.5698588287
0.7736918496, 0.7849294144
0.8868459248, 0.3924647072
0.4434229624, 0.6962323536
0.2217114812, 0.3481161768
0.6108557406, 0.6740580884
0.3054278703, 0.3370290442
0.1527139351, 0.6685145221
0.0763569676, 0.3342572610
0.0381784838, 0.1671286305
0.5190892419, 0.0835643153
0.7595446209, 0.0417821576
0.8797723105, 0.5208910788
0.9398861552, 0.2604455394
0.4699430776, 0.1302227697
0.7349715388, 0.0651113849
0.8674857694, 0.0325556924
0.4337428847, 0.0162778462
0.2168714424, 0.0081389231
0.1084357212, 0.0040694616
0.0542178606, 0.5020347308
0.5271089303, 0.7510173654
0.2635544651, 0.8755086827
0.6317772326, 0.4377543413
0.8158886163, 0.7188771707
0.4079443081, 0.3594385853
0.2039721541, 0.6797192927
0.6019860770, 0.3398596463
0.8009930385, 0.6699298232
0.9004965193, 0.8349649116
0.4502482596, 0.4174824558
0.7251241298, 0.7087412279
0.8625620649, 0.3543706139
0.9312810325, 0.6771853070
0.9656405162, 0.8385926535
0.9828202581, 0.4192963267
0.9914101291, 0.2096481634
0.4957050645, 0.1048240817
0.2478525323, 0.5524120408
0.1239262661, 0.2762060204
0.5619631331, 0.6381030102
0.7809815665, 0.3190515051
0.8904907833, 0.6595257526
0.9452453916, 0.8297628763
0.4726226958, 0.4148814381
0.7363113479, 0.2074407191
0.3681556740, 0.6037203595
0.6840778370, 0.3018601798
0.8420389185, 0.1509300899
0.9210194592, 0.0754650449
0.4605097296, 0.5377325225
0.2302548648, 0.2688662612
0.6151274324, 0.1344331306
0.8075637162, 0.5672165653
0.9037818581, 0.7836082827
0.4518909291, 0.3918041413
0.2259454645, 0.6959020707
0.6129727323, 0.3479510353
0.3064863661, 0.1739755177
0.6532431831, 0.0869877588
0.8266215915, 0.0434938794
0.9133107958, 0.5217469397
0.9566553979, 0.7608734699
0.9783276989, 0.8804367349
0.4891638495, 0.9402183675
0.7445819247, 0.4701091837
0.8722909624, 0.7350545919
0.4361454812, 0.3675272959
0.2180727406, 0.6837636480
0.6090363703, 0.8418818240
0.8045181851, 0.9209409120
0.9022590926, 0.9604704560
0.9511295463, 0.9802352280
0.4755647731, 0.4901176140
0.2377823866, 0.7450588070
0.6188911933, 0.3725294035
0.8094455966, 0.6862647017
0.4047227983, 0.8431323509
0.7023613992, 0.4215661754
0.3511806996, 0.2107830877
0.6755903498, 0.1053915439
0.3377951749, 0.5526957719
0.6688975874, 0.7763478860
0.3344487937, 0.3881739430
0.6672243969, 0.6940869715
0.3336121984, 0.8470434857
0.6668060992, 0.9235217429
0.8334030496, 0.4617608714
0.9167015248, 0.7308804357
0.9583507624, 0.3654402179
0.9791753812, 0.1827201089
0.9895876906, 0.0913600545
0.9947938453, 0.0456800272
0.9973969227, 0.0228400136
0.4986984613, 0.0114200068
0.7493492307, 0.0057100034
0.8746746153, 0.5028550017
0.9373373077, 0.2514275009
0.9686686538, 0.6257137504
0.9843343269, 0.8128568752
0.4921671635, 0.4064284376
0.7460835817, 0.7032142188
0.8730417909, 0.3516071094
0.9365208954, 0.1758035547
0.9682604477, 0.5879017774
0.4841302239, 0.2939508887
0.7420651119, 0.1469754443
0.3710325560, 0.0734877222
0.1855162780, 0.5367438611
0.5927581390, 0.7683719305
0.7963790695, 0.3841859653
0.8981895347, 0.6920929826
0.9490947674, 0.8460464913
0.4745473837, 0.4230232457
0.2372736918, 0.2115116228
0.6186368459, 0.6057558114
0.3093184230, 0.3028779057
0.1546592115, 0.6514389529
0.0773296057, 0.8257194764
0.0386648029, 0.9128597382
0.0193324014, 0.4564298691
0.0096662007, 0.2282149346
0.5048331004, 0.6141074673
0.7524165502, 0.8070537336
0.3762082751, 0.4035268668
0.6881041375, 0.7017634334
0.8440520688, 0.8508817167
0.4220260344, 0.4254408584
0.7110130172, 0.2127204292
0.3555065086, 0.1063602146
0.1777532543, 0.0531801073
0.0888766271, 0.0265900536
0.5444383136, 0.5132950268
0.7722191568, 0.2566475134
0.8861095784, 0.6283237567
0.9430547892, 0.3141618784
0.9715273946, 0.6570809392
0.9857636973, 0.8285404696
0.9928818486, 0.4142702348
0.9964409243, 0.7071351174
0.9982204622, 0.8535675587
0.4991102311, 0.4267837793
0.2495551155, 0.7133918897
0.1247775578, 0.8566959448
0.0623887789, 0.4283479724
0.5311943894, 0.7141739862
0.2655971947, 0.8570869931
0.1327985974, 0.4285434966
0.0663992987, 0.2142717483
0.5331996493, 0.1071358741
0.2665998247, 0.0535679371
0.6332999123, 0.5267839685
0.8166499562, 0.2633919843
0.4083249781, 0.1316959921
0.7041624890, 0.0658479961
0.3520812445, 0.0329239980
0.6760406223, 0.5164619990
0.8380203111, 0.2582309995
0.4190101556, 0.1291154998
0.7095050778, 0.0645577499
0.3547525389, 0.5322788749
0.6773762694, 0.7661394375
0.3386881347, 0.3830697187
0.6693440674, 0.1915348594
0.8346720337, 0.5957674297
0.9173360168, 0.2978837148
0.9586680084, 0.6489418574
0.9793340042, 0.3244709287
0.9896670021, 0.1622354644
0.4948335011, 0.5811177322
0.2474167505, 0.7905588661
0.1237083753, 0.3952794330
0.5618541876, 0.6976397165
0.7809270938, 0.3488198583
0.3904635469, 0.1744099291
0.1952317735, 0.5872049646
0.0976158867, 0.2936024823
0.5488079434, 0.6468012411
0.2744039717, 0.3234006206
0.1372019858, 0.1617003103
0.5686009929, 0.0808501551
0.7843004965, 0.0404250776
0.3921502482, 0.5202125388
0.1960751241, 0.7601062694
0.5980375621, 0.3800531347
0.7990187810, 0.6900265673
0.8995093905, 0.8450132837
0.9497546953, 0.9225066418
0.4748773476, 0.4612533209
0.2374386738, 0.7306266605
0.1187193369, 0.3653133302
0.0593596685, 0.1826566651
0.5296798342, 0.0913283326
0.7648399171, 0.5456641663
0.8824199586, 0.7728320831
0.4412099793, 0.3864160416
0.2206049896, 0.1932080208
0.1103024948, 0.5966040104
0.5551512474, 0.2983020052
0.7775756237, 0.6491510026
0.8887878119, 0.8245755013
0.4443939059, 0.9122877506
0.2221969530, 0.9561438753
0.6110984765, 0.4780719377
0.8055492382, 0.7390359688
0.4027746191, 0.3695179844
0.7013873096, 0.1847589922
0.8506936548, 0.5923794961
0.9253468274, 0.7961897481
0.9626734137, 0.8980948740
0.9813367068, 0.9490474370
0.4906683534, 0.9745237185
0.7453341767, 0.4872618593
0.3726670884, 0.2436309296
0.1863335442, 0.1218154648
0.0931667721, 0.0609077324
0.0465833860, 0.0304538662
0.5232916930, 0.0152269331
0.2616458465, 0.0076134666
0.6308229233, 0.5038067333
0.3154114616, 0.2519033666
0.6577057308, 0.6259516833
0.8288528654, 0.3129758417
0.4144264327, 0.1564879208
0.2072132164, 0.5782439604
0.6036066082, 0.2891219802
0.8018033041, 0.1445609901
0.4009016520, 0.5722804951
0.2004508260, 0.7861402475
0.6002254130, 0.3930701238
0.3001127065, 0.6965350619
0.6500563533, 0.3482675309
0.3250281766, 0.1741337655
0.1625140883, 0.0870668827
