0.2500000000, 0.2500000000
0.6250000000, 0.1250000000
0.8125000000, 0.5625000000
0.4062500000, 0.2812500000
0.2031250000, 0.1406250000
0.6015625000, 0.0703125000
0.3007812500, 0.5351562500
0.1503906250, 0.7675781250
0.0751953125, 0.3837890625
0.0375976562, 0.1918945312
0.0187988281, 0.0959472656
0.5093994141, 0.0479736328
0.2546997070, 0.5239868164
0.1273498535, 0.2619934082
0.5636749268, 0.6309967041
0.2818374634, 0.3154983521
0.1409187317, 0.1577491760
0.5704593658, 0.5788745880
0.2852296829, 0.2894372940
0.6426148415, 0.1447186470
0.8213074207, 0.0723593235
0.4106537104, 0.5361796618
0.7053268552, 0.2680898309
0.3526634276, 0.1340449154
0.6763317138, 0.0670224577
0.8381658569, 0.5335112289
0.4190829284, 0.7667556144
0.2095414642, 0.3833778072
0.1047707321, 0.6916889036
0.5523853661, 0.3458444518
0.7761926830, 0.1729222259
0.3880963415, 0.5864611130
0.1940481708, 0.2932305565
0.5970240854, 0.6466152782
0.2985120427, 0.8233076391
0.1492560213, 0.9116538196
0.0746280107, 0.4558269098
0.0373140053, 0.7279134549
0.5186570027, 0.3639567274
0.7593285013, 0.6819783637
0.3796642507, 0.8409891819
0.6898321253, 0.4204945909
0.3449160627, 0.2102472955
0.6724580313, 0.1051236477
0.3362290157, 0.5525618239
0.6681145078, 0.7762809119
0.8340572539, 0.3881404560
0.4170286270, 0.1940702280
0.2085143135, 0.0970351140
0.6042571567, 0.0485175570
0.3021285784, 0.0242587785
0.6510642892, 0.5121293892
0.8255321446, 0.7560646946
0.4127660723, 0.8780323473
0.2063830361, 0.4390161737
0.1031915181, 0.7195080868
0.0515957590, 0.3597540434
0.0257978795, 0.1798770217
0.5128989398, 0.0899385109
0.2564494699, 0.5449692554
0.6282247349, 0.7724846277
0.3141123675, 0.8862423139
0.1570561837, 0.4431211569
0.5785280919, 0.7215605785
0.7892640459, 0.3607802892
0.3946320230, 0.1803901446
0.1973160115, 0.5901950723
0.5986580057, 0.2950975362
0.2993290029, 0.6475487681
0.1496645014, 0.3237743840
0.5748322507, 0.1618871920
0.2874161254, 0.0809435960
0.6437080627, 0.5404717980
0.8218540313, 0.7702358990
0.4109270157, 0.3851179495
0.2054635078, 0.1925589748
0.6027317539, 0.0962794874
0.3013658770, 0.0481397437
0.6506829385, 0.5240698718
0.3253414692, 0.7620349359
0.1626707346, 0.3810174680
0.0813353673, 0.1905087340
0.0406676837, 0.0952543670
0.0203338418, 0.5476271835
0.0101669209, 0.7738135917
0.5050834605, 0.3869067959
0.2525417302, 0.1934533979
0.6262708651, 0.5967266990
0.8131354326, 0.7983633495
0.9065677163, 0.8991816747
0.9532838581, 0.4495908374
0.9766419291, 0.2247954187
0.4883209645, 0.1123977093
0.2441604823, 0.0561988547
0.1220802411, 0.0280994273
0.0610401206, 0.5140497137
0.0305200603, 0.2570248568
0.5152600301, 0.1285124284
0.2576300151, 0.0642562142
0.6288150075, 0.5321281071
0.8144075038, 0.7660640536
0.4072037519, 0.3830320268
0.2036018759, 0.6915160134
0.6018009380, 0.3457580067
0.8009004690, 0.6728790033
0.4004502345, 0.8364395017
0.2002251172, 0.4182197508
0.6001125586, 0.2091098754
0.3000562793, 0.6045549377
0.6500281397, 0.3022774689
0.3250140698, 0.1511387344
0.1625070349, 0.0755693672
0.0812535175, 0.0377846836
0.0406267587, 0.0188923418
0.0203133794, 0.5094461709
0.0101566897, 0.7547230855
0.5050783448, 0.8773615427
0.2525391724, 0.4386807714
0.6262695862, 0.7193403857
0.3131347931, 0.8596701928
0.6565673966, 0.4298350964
0.8282836983, 0.7149175482
0.4141418491, 0.8574587741
0.2070709246, 0.4287293871
0.1035354623, 0.2143646935
0.5517677311, 0.1071823468
0.7758838656, 0.0535911734
0.8879419328, 0.5267955867
0.4439709664, 0.7633977933
0.7219854832, 0.3816988967
0.3609927416, 0.6908494483
0.1804963708, 0.3454247242
0.0902481854, 0.6727123621
0.0451240927, 0.3363561810
0.0225620463, 0.6681780905
0.5112810232, 0.3340890453
0.2556405116, 0.6670445226
0.1278202558, 0.3335222613
0.0639101279, 0.6667611307
0.0319550639, 0.3333805653
0.0159775320, 0.1666902827
0.0079887660, 0.5833451413
0.0039943830, 0.7916725707
0.5019971915, 0.3958362853
0.7509985957, 0.6979181427
0.3754992979, 0.3489590713
0.1877496489, 0.1744795357
0.0938748245, 0.0872397678
0.0469374122, 0.5436198839
0.0234687061, 0.2718099420
0.0117343531, 0.1359049710
0.0058671765, 0.5679524855
0.0029335883, 0.7839762427
0.0014667941, 0.3919881214
0.0007333971, 0.1959940607
0.0003666985, 0.5979970303
0.0001833493, 0.2989985152
0.0000916746, 0.6494992576
0.0000458373, 0.3247496288
0.0000229187, 0.1623748144
0.5000114593, 0.5811874072
0.2500057297, 0.7905937036
0.1250028648, 0.8952968518
0.0625014324, 0.4476484259
0.0312507162, 0.2238242129
0.0156253581, 0.1119121065
0.0078126791, 0.5559560532
0.0039063395, 0.2779780266
0.0019531698, 0.1389890133
0.5009765849, 0.0694945067
0.2504882924, 0.0347472533
0.1252441462, 0.0173736267
0.5626220731, 0.0086868133
0.2813110366, 0.0043434067
0.1406555183, 0.0021717033
0.0703277591, 0.0010858517
0.0351638796, 0.5005429258
0.0175819398, 0.2502714629
0.0087909699, 0.1251357315
0.0043954849, 0.5625678657
0.5021977425, 0.2812839329
0.2510988712, 0.1406419664
0.6255494356, 0.0703209832
0.8127747178, 0.0351604916
0.4063873589, 0.0175802458
0.7031936795, 0.0087901229
0.3515968397, 0.0043950615
0.1757984199, 0.0021975307
0.5878992099, 0.0010987654
0.7939496050, 0.5005493827
0.3969748025, 0.2502746913
0.1984874012, 0.1251373457
0.0992437006, 0.0625686728
0.0496218503, 0.5312843364
0.0248109252, 0.2656421682
0.0124054626, 0.1328210841
0.0062027313, 0.0664105421
0.5031013656, 0.0332052710
0.2515506828, 0.0166026355
0.6257753414, 0.0083013178
0.3128876707, 0.5041506589
0.1564438354, 0.2520753294
0.0782219177, 0.6260376647
0.0391109588, 0.8130188324
0.0195554794, 0.9065094162
0.0097777397, 0.4532547081
0.0048888699, 0.2266273540
0.0024444349, 0.1133136770
0.5012222175, 0.0566568385
0.2506111087, 0.0283284193
0.1253055544, 0.0141642096
0.5626527772, 0.5070821048
0.7813263886, 0.2535410524
0.3906631943, 0.1267705262
0.1953315971, 0.0633852631
0.0976657986, 0.5316926316
0.0488328993, 0.2658463158
0.0244164496, 0.6329231579
0.0122082248, 0.8164615789
0.0061041124, 0.4082307895
0.0030520562, 0.2041153947
0.0015260281, 0.6020576974
0.0007630141, 0.3010288487
0.5003815070, 0.1505144243
0.7501907535, 0.0752572122
0.3750953768, 0.5376286061
0.1875476884, 0.2688143030
0.0937738442, 0.1344071515
0.0468869221, 0.0672035758
0.5234434610, 0.0336017879
0.7617217305, 0.5168008939
0.8808608653, 0.7584004470
0.4404304326, 0.3792002235
0.2202152163, 0.1896001117
0.6101076082, 0.5948000559
0.3050538041, 0.2974000279
0.1525269020, 0.1487000140
0.0762634510, 0.0743500070
0.5381317255, 0.5371750035
0.2690658628, 0.2685875017
0.6345329314, 0.6342937509
0.3172664657, 0.8171468754
0.1586332328, 0.4085734377
0.0793166164, 0.2042867189
0.5396583082, 0.6021433594
0.2698291541, 0.8010716797
0.1349145771, 0.4005358399
0.5674572885, 0.7002679199
0.2837286443, 0.3501339600
0.6418643221, 0.6750669800
0.3209321611, 0.3375334900
0.6604660805, 0.1687667450
0.8302330403, 0.0843833725
0.9151165201, 0.0421916862
0.4575582601, 0.5210958431
0.2287791300, 0.2605479216
0.1143895650, 0.1302739608
0.5571947825, 0.0651369804
0.2785973913, 0.0325684902
0.1392986956, 0.0162842451
0.0696493478, 0.5081421225
0.5348246739, 0.2540710613
0.7674123370, 0.1270355306
0.8837061685, 0.5635177653
0.4418530842, 0.2817588827
0.2209265421, 0.6408794413
0.6104632711, 0.3204397207
0.3052316355, 0.1602198603
0.1526158178, 0.0801099302
0.0763079089, 0.0400549651
0.5381539544, 0.5200274825
0.7690769772, 0.7600137413
0.8845384886, 0.8800068706
0.4422692443, 0.9400034353
0.7211346222, 0.4700017177
0.3605673111, 0.7350008588
0.6802836555, 0.3675004294
0.8401418278, 0.6837502147
0.9200709139, 0.3418751074
0.4600354569, 0.1709375537
0.2300177285, 0.5854687768
0.6150088642, 0.2927343884
0.3075044321, 0.1463671942
0.6537522161, 0.0731835971
0.3268761080, 0.0365917986
0.1634380540, 0.0182958993
0.0817190270, 0.0091479496
0.5408595135, 0.0045739748
0.7704297568, 0.0022869874
0.3852148784, 0.5011434937
0.1926074392, 0.2505717469
0.5963037196, 0.1252858734
0.7981518598, 0.5626429367
0.8990759299, 0.7813214684
0.4495379649, 0.8906607342
0.2247689825, 0.4453303671
0.1123844912, 0.7226651835
0.0561922456, 0.3613325918
0.5280961228, 0.1806662959
0.2640480614, 0.0903331479
0.6320240307, 0.0451665740
0.3160120154, 0.0225832870
0.6580060077, 0.0112916435
0.8290030038, 0.5056458217
0.9145015019, 0.7528229109
0.9572507510, 0.8764114554
0.4786253755, 0.4382057277
0.2393126877, 0.2191028639
0.1196563439, 0.1095514319
0.5598281719, 0.5547757160
0.2799140860, 0.2773878580
0.1399570430, 0.6386939290
0.0699785215, 0.3193469645
0.0349892607, 0.1596734822
0.5174946304, 0.0798367411
0.7587473152, 0.5399183706
0.3793736576, 0.7699591853
0.1896868288, 0.3849795926
0.5948434144, 0.6924897963
0.7974217072, 0.3462448982
0.3987108536, 0.1731224491
0.1993554268, 0.0865612245
0.5996777134, 0.5432806123
0.2998388567, 0.2716403061
0.1499194283, 0.1358201531
0.5749597142, 0.0679100765
0.7874798571, 0.0339550383
0.8937399285, 0.5169775191
0.9468699643, 0.7584887596
0.4734349821, 0.3792443798
0.7367174911, 0.6896221899
0.3683587455, 0.3448110949
0.6841793728, 0.6724055475
0.3420896864, 0.3362027737
0.1710448432, 0.1681013869
0.0855224216, 0.5840506934
0.5427612108, 0.2920253467
0.2713806054, 0.6460126734
0.1356903027, 0.3230063367
0.5678451513, 0.6615031683
0.2839225757, 0.3307515842
0.6419612878, 0.1653757921
0.8209806439, 0.5826878960
0.9104903220, 0.2913439480
0.9552451610, 0.1456719740
0.9776225805, 0.0728359870
0.9888112902, 0.0364179935
0.4944056451, 0.0182089968
0.7472028226, 0.5091044984
0.8736014113, 0.2545522492
0.4368007056, 0.6272761246
0.2184003528, 0.3136380623
0.1092001764, 0.6568190311
0.0546000882, 0.3284095156
0.0273000441, 0.1642047578
0.5136500221, 0.5821023789
0.2568250110, 0.2910511894
0.6284125055, 0.6455255947
0.3142062528, 0.3227627974
0.1571031264, 0.1613813987
0.0785515632, 0.5806906993
0.0392757816, 0.7903453497
0.0196378908, 0.8951726748
0.5098189454, 0.4475863374
0.2549094727, 0.2237931687
0.6274547363, 0.1118965844
0.8137273682, 0.5559482922
0.9068636841, 0.2779741461
0.9534318420, 0.1389870730
0.9767159210, 0.0694935365
0.4883579605, 0.5347467683
0.2441789803, 0.2673733841
0.6220894901, 0.1336866921
0.8110447451, 0.5668433460
0.4055223725, 0.7834216730
0.7027611863, 0.8917108365
0.3513805931, 0.4458554183
0.1756902966, 0.7229277091
0.0878451483, 0.8614638546
0.0439225741, 0.9307319273
0.0219612871, 0.4653659636
0.5109806435, 0.7326829818
0.2554903218, 0.3663414909
0.6277451609, 0.1831707455
0.8138725804, 0.5915853727
0.4069362902, 0.2957926864
0.2034681451, 0.1478963432
0.6017340726, 0.0739481716
0.8008670363, 0.5369740858
0.4004335181, 0.7684870429
0.2002167591, 0.3842435214
0.6001083795, 0.6921217607
0.8000541898, 0.8460608804
0.9000270949, 0.4230304402
0.9500135474, 0.2115152201
0.4750067737, 0.6057576100
0.7375033869, 0.3028788050
0.3687516934, 0.1514394025
0.6843758467, 0.0757197013
0.8421879234, 0.5378598506
0.4210939617, 0.7689299253
0.7105469808, 0.3844649627
0.3552734904, 0.6922324813
0.6776367452, 0.3461162407
0.3388183726, 0.6730581203
0.1694091863, 0.3365290602
0.5847045932, 0.6682645301
0.2923522966, 0.8341322650
0.1461761483, 0.9170661325
0.0730880741, 0.4585330663
0.0365440371, 0.2292665331
0.5182720185, 0.6146332666
0.7591360093, 0.8073166333
0.3795680046, 0.4036583166
0.1897840023, 0.2018291583
0.0948920012, 0.6009145792
0.0474460006, 0.3004572896
0.0237230003, 0.1502286448
0.0118615001, 0.5751143224
0.0059307501, 0.2875571612
0.0029653750, 0.1437785806
0.5014826875, 0.0718892903
0.2507413438, 0.5359446451
0.1253706719, 0.2679723226
0.5626853359, 0.6339861613
0.2813426680, 0.3169930806
0.6406713340, 0.6584965403
0.8203356670, 0.8292482702
0.9101678335, 0.9146241351
0.4550839167, 0.4573120675
0.2275419584, 0.2286560338
0.1137709792, 0.1143280169
0.0568854896, 0.5571640084
0.0284427448, 0.2785820042
0.0142213724, 0.6392910021
0.5071106862, 0.3196455011
0.2535553431, 0.6598227505
0.1267776715, 0.3299113753
0.0633888358, 0.1649556876
0.0316944179, 0.0824778438
0.0158472089, 0.5412389219
0.5079236045, 0.7706194610
0.7539618022, 0.8853097305
0.3769809011, 0.4426548652
0.1884904506, 0.2213274326
0.0942452253, 0.6106637163
0.5471226126, 0.8053318582
0.2735613063, 0.4026659291
0.6367806532, 0.2013329645
0.3183903266, 0.1006664823
0.1591951633, 0.5503332411
0.0795975816, 0.2751666206
0.0397987908, 0.6375833103
0.5198993954, 0.8187916551
0.2599496977, 0.4093958276
0.6299748489, 0.2046979138
0.3149874244, 0.1023489569
0.6574937122, 0.5511744784
0.8287468561, 0.7755872392
0.9143734281, 0.3877936196
0.4571867140, 0.6938968098
0.2285933570, 0.8469484049
0.1142966785, 0.9234742025
0.0571483393, 0.4617371012
0.0285741696, 0.2308685506
0.5142870848, 0.1154342753
0.2571435424, 0.0577171377
0.1285717712, 0.5288585688
0.0642858856, 0.7644292844
0.5321429428, 0.8822146422
0.2660714714, 0.9411073211
0.6330357357, 0.9705536606
0.3165178679, 0.9852768303
0.1582589339, 0.9926384151
0.0791294670, 0.9963192076
0.5395647335, 0.4981596038
0.7697823667, 0.7490798019
0.3848911834, 0.3745399009
0.6924455917, 0.1872699505
0.3462227958, 0.0936349752
0.1731113979, 0.0468174876
0.5865556990, 0.5234087438
0.2932778495, 0.7617043719
0.6466389247, 0.3808521860
0.8233194624, 0.6904260930
0.9116597312, 0.8452130465
0.4558298656, 0.9226065232
0.2279149328, 0.9613032616
0.1139574664, 0.4806516308
0.0569787332, 0.7403258154
0.5284893666, 0.3701629077
0.2642446833, 0.1850814539
0.6321223416, 0.0925407269
0.3160611708, 0.5462703635
0.1580305854, 0.2731351817
0.5790152927, 0.1365675909
0.2895076464, 0.5682837954
0.1447538232, 0.2841418977
0.0723769116, 0.6420709489
0.0361884558, 0.8210354744
0.5180942279, 0.9105177372
0.2590471139, 0.9552588686
0.1295235570, 0.9776294343
0.0647617785, 0.9888147172
0.0323808892, 0.4944073586
0.0161904446, 0.7472036793
0.0080952223, 0.3736018396
0.5040476112, 0.6868009198
0.7520238056, 0.3434004599
0.3760119028, 0.1717002300
0.6880059514, 0.0858501150
0.3440029757, 0.0429250575
0.1720014878, 0.5214625287
0.0860007439, 0.2607312644
0.0430003720, 0.1303656322
0.5215001860, 0.0651828161
0.2607500930, 0.0325914080
0.6303750465, 0.5162957040
0.3151875232, 0.7581478520
0.1575937616, 0.3790739260
0.5787968808, 0.6895369630
0.7893984404, 0.8447684815
0.8946992202, 0.9223842408
0.9473496101, 0.4611921204
0.9736748051, 0.7305960602
0.9868374025, 0.8652980301
0.4934187013, 0.4326490150
0.2467093506, 0.2163245075
0.6233546753, 0.1081622538
0.8116773377, 0.5540811269
0.4058386688, 0.7770405634
0.2029193344, 0.3885202817
0.6014596672, 0.1942601409
0.8007298336, 0.0971300704
0.9003649168, 0.5485650352
0.9501824584, 0.7742825176
0.9750912292, 0.8871412588
0.9875456146, 0.4435706294
0.9937728073, 0.7217853147
0.9968864037, 0.8608926574
0.9984432018, 0.4304463287
0.4992216009, 0.7152231643
0.2496108005, 0.3576115822
0.1248054002, 0.1788057911
0.5624027001, 0.5894028955
0.7812013501, 0.2947014478
0.3906006750, 0.1473507239
0.1953003375, 0.5736753619
0.5976501688, 0.2868376810
0.2988250844, 0.1434188405
0.6494125422, 0.5717094202
0.8247062711, 0.2858547101
0.9123531355, 0.1429273551
0.9561765678, 0.5714636775
0.4780882839, 0.7857318388
0.2390441419, 0.8928659194
0.1195220710, 0.4464329597
0.5597610355, 0.2232164798
0.7798805177, 0.6116082399
0.3899402589, 0.3058041200
0.6949701294, 0.1529020600
0.8474850647, 0.5764510300
0.9237425324, 0.7882255150
0.4618712662, 0.8941127575
0.2309356331, 0.4470563787
0.1154678165, 0.2235281894
0.5577339083, 0.6117640947
0.7788669541, 0.3058820473
0.3894334771, 0.6529410237
0.1947167385, 0.8264705118
0.0973583693, 0.4132352559
0.5486791846, 0.7066176280
0.7743395923, 0.8533088140
0.3871697962, 0.4266544070
0.6935848981, 0.2133272035
0.8467924490, 0.6066636017
0.9233962245, 0.3033318009
0.4616981123, 0.6516659004
0.2308490561, 0.3258329502
0.1154245281, 0.1629164751
0.5577122640, 0.0814582376
0.2788561320, 0.0407291188
0.6394280660, 0.0203645594
0.8197140330, 0.5101822797
0.9098570165, 0.2550911398
0.4549285083, 0.1275455699
0.7274642541, 0.0637727850
0.3637321271, 0.0318863925
0.6818660635, 0.0159431962
0.3409330318, 0.5079715981
0.1704665159, 0.2539857991
0.5852332579, 0.6269928995
0.7926166290, 0.8134964498
0.3963083145, 0.4067482249
0.1981541572, 0.7033741124
0.0990770786, 0.8516870562
0.0495385393, 0.4258435281
0.0247692697, 0.2129217641
0.0123846348, 0.1064608820
0.0061923174, 0.5532304410
0.0030961587, 0.2766152205
0.0015480794, 0.1383076103
0.0007740397, 0.5691538051
0.0003870198, 0.2845769026
0.0001935099, 0.1422884513
0.5000967550, 0.0711442256
0.7500483775, 0.5355721128
0.3750241887, 0.7677860564
0.1875120944, 0.3838930282
0.5937560472, 0.1919465141
0.2968780236, 0.5959732571
0.6484390118, 0.2979866285
0.8242195059, 0.6489933143
0.4121097529, 0.8244966571
0.2060548765, 0.4122483286
0.6030274382, 0.7061241643
0.8015137191, 0.3530620821
0.4007568596, 0.1765310411
0.7003784298, 0.5882655205
0.8501892149, 0.2941327603
0.4250946074, 0.1470663801
0.7125473037, 0.0735331901
0.8562736519, 0.5367665950
0.9281368259, 0.7683832975
0.9640684130, 0.3841916488
0.4820342065, 0.1920958244
0.2410171032, 0.5960479122
0.1205085516, 0.2980239561
0.0602542758, 0.1490119780
0.0301271379, 0.5745059890
0.0150635690, 0.2872529945
0.5075317845, 0.6436264973
0.2537658922, 0.3218132486
0.1268829461, 0.1609066243
0.5634414731, 0.5804533122
0.7817207365, 0.7902266561
0.3908603683, 0.8951133280
0.1954301841, 0.9475566640
0.5977150921, 0.4737783320
0.7988575460, 0.7368891660
0.8994287730, 0.3684445830
0.9497143865, 0.1842222915
0.9748571933, 0.5921111458
0.4874285966, 0.7960555729
0.2437142983, 0.3980277864
0.6218571492, 0.6990138932
0.3109285746, 0.3495069466
0.1554642873, 0.1747534733
0.0777321436, 0.0873767367
0.5388660718, 0.0436883683
0.7694330359, 0.0218441842
0.3847165180, 0.0109220921
0.1923582590, 0.0054610460
0.0961791295, 0.5027305230
0.0480895647, 0.2513652615
0.0240447824, 0.6256826308
0.0120223912, 0.3128413154
0.5060111956, 0.1564206577
0.7530055978, 0.5782103288
0.8765027989, 0.7891051644
0.9382513994, 0.8945525822
0.4691256997, 0.9472762911
0.2345628499, 0.9736381456
0.1172814249, 0.9868190728
0.5586407125, 0.9934095364
0.2793203562, 0.4967047682
0.1396601781, 0.2483523841
0.0698300891, 0.1241761920
0.5349150445, 0.0620880960
0.2674575223, 0.0310440480
0.6337287611, 0.0155220240
0.3168643806, 0.0077610120
0.1584321903, 0.5038805060
0.5792160951, 0.2519402530
0.2896080476, 0.1259701265
0.1448040238, 0.0629850633
0.5724020119, 0.5314925316
0.2862010059, 0.2657462658
0.1431005030, 0.1328731329
0.0715502515, 0.5664365665
0.0357751257, 0.2832182832
0.0178875629, 0.6416091416
0.0089437814, 0.3208045708
0.5044718907, 0.6604022854
0.7522359454, 0.8302011427
0.3761179727, 0.4151005714
0.1880589863, 0.2075502857
0.5940294932, 0.1037751428
0.2970147466, 0.5518875714
0.6485073733, 0.2759437857
0.8242536866, 0.6379718929
0.4121268433, 0.3189859464
0.2060634217, 0.1594929732
0.6030317108, 0.0797464866
0.8015158554, 0.5398732433
0.9007579277, 0.2699366217
0.9503789639, 0.6349683108
0.9751894819, 0.3174841554
0.4875947410, 0.1587420777
0.7437973705, 0.0793710389
0.8718986852, 0.5396855194
0.4359493426, 0.7698427597
0.2179746713, 0.8849213799
0.1089873357, 0.4424606899
0.0544936678, 0.7212303450
0.0272468339, 0.3606151725
0.0136234170, 0.1803075862
0.0068117085, 0.5901537931
0.5034058542, 0.7950768966
0.7517029271, 0.8975384483
0.8758514636, 0.4487692241
0.9379257318, 0.7243846121
0.9689628659, 0.3621923060
0.4844814329, 0.1810961530
0.7422407165, 0.0905480765
0.8711203582, 0.5452740383
0.4355601791, 0.7726370191
0.2177800896, 0.8863185096
0.1088900448, 0.9431592548
0.0544450224, 0.4715796274
0.5272225112, 0.7357898137
0.7636112556, 0.3678949068
0.3818056278, 0.1839474534
0.6909028139, 0.5919737267
0.8454514069, 0.2959868634
0.9227257035, 0.6479934317
0.9613628517, 0.3239967158
0.9806814259, 0.1619983579
0.4903407129, 0.5809991790
0.2451703565, 0.2904995895
0.1225851782, 0.6452497947
0.0612925891, 0.3226248974
0.5306462946, 0.6613124487
0.2653231473, 0.3306562243
0.6326615736, 0.1653281122
0.8163307868, 0.5826640561
0.9081653934, 0.7913320280
0.9540826967, 0.8956660140
0.9770413484, 0.4478330070
0.4885206742, 0.7239165035
0.7442603371, 0.3619582518
0.8721301685, 0.6809791259
0.4360650843, 0.8404895629
0.2180325421, 0.9202447815
0.1090162711, 0.4601223907
0.0545081355, 0.7300611954
0.5272540678, 0.3650305977
0.7636270339, 0.6825152988
0.8818135169, 0.8412576494
0.4409067585, 0.4206288247
0.2204533792, 0.7103144124
0.1102266896, 0.8551572062
0.5551133448, 0.4275786031
0.7775566724, 0.7137893015
0.3887783362, 0.8568946508
0.1943891681, 0.4284473254
0.5971945841, 0.7142236627
0.2985972920, 0.3571118313
0.1492986460, 0.6785559157
0.0746493230, 0.3392779578
0.0373246615, 0.6696389789
0.0186623308, 0.3348194895
0.0093311654, 0.1674097447
0.5046655827, 0.5837048724
0.2523327913, 0.2918524362
0.1261663957, 0.1459262181
0.5630831978, 0.0729631090
0.2815415989, 0.0364815545
0.6407707995, 0.0182407773
0.3203853997, 0.0091203886
0.1601926999, 0.5045601943
0.5800963499, 0.2522800972
0.2900481750, 0.1261400486
0.6450240875, 0.0630700243
0.8225120437, 0.0315350121
0.9112560219, 0.0157675061
0.4556280109, 0.5078837530
0.2278140055, 0.2539418765
0.1139070027, 0.1269709383
0.0569535014, 0.0634854691
0.5284767507, 0.5317427346
0.2642383753, 0.2658713673
0.6321191877, 0.6329356836
0.8160595938, 0.8164678418
0.9080297969, 0.9082339209
0.4540148985, 0.4541169605
0.2270074492, 0.2270584802
0.6135037246, 0.6135292401
0.3067518623, 0.3067646201
0.1533759312, 0.1533823100
0.5766879656, 0.0766911550
0.2883439828, 0.0383455775
0.6441719914, 0.0191727888
0.8220859957, 0.0095863944
0.9110429978, 0.5047931972
0.4555214989, 0.2523965986
0.2277607495, 0.1261982993
0.1138803747, 0.0630991496
0.5569401874, 0.0315495748
0.7784700937, 0.5157747874
0.8892350468, 0.7578873937
0.9446175234, 0.8789436969
0.4723087617, 0.4394718484
0.2361543809, 0.2197359242
0.6180771904, 0.1098679621
0.3090385952, 0.5549339811
0.6545192976, 0.2774669905
0.3272596488, 0.6387334953
0.6636298244, 0.3193667476
0.8318149122, 0.6596833738
0.4159074561, 0.3298416869
0.2079537281, 0.6649208435
0.6039768640, 0.3324604217
0.8019884320, 0.6662302109
0.9009942160, 0.8331151054
0.4504971080, 0.4165575527
0.2252485540, 0.2082787764
0.1126242770, 0.6041393882
0.5563121385, 0.3020696941
0.7781560693, 0.6510348470
0.3890780346, 0.8255174235
0.6945390173, 0.4127587118
0.3472695087, 0.2063793559
0.1736347543, 0.1031896779
0.5868173772, 0.5515948390
0.2934086886, 0.7757974195
0.1467043443, 0.3878987097
0.5733521721, 0.1939493549
0.2866760861, 0.0969746774
0.6433380430, 0.0484873387
0.8216690215, 0.0242436694
0.9108345108, 0.5121218347
0.4554172554, 0.2560609173
0.2277086277, 0.1280304587
0.6138543138, 0.5640152293
0.3069271569, 0.2820076147
0.1534635785, 0.1410038073
0.5767317892, 0.0705019037
0.7883658946, 0.5352509518
0.3941829473, 0.7676254759
0.6970914737, 0.3838127380
0.3485457368, 0.6919063690
0.1742728684, 0.3459531845
0.5871364342, 0.1729765922
0.7935682171, 0.5864882961
0.8967841086, 0.2932441481
0.9483920543, 0.1466220740
0.4741960271, 0.0733110370
0.2370980136, 0.5366555185
0.6185490068, 0.7683277593
0.8092745034, 0.8841638796
0.9046372517, 0.9420819398
0.9523186258, 0.9710409699
0.4761593129, 0.4855204850
0.2380796565, 0.2427602425
0.1190398282, 0.6213801212
0.5595199141, 0.8106900606
0.2797599571, 0.4053450303
0.1398799785, 0.2026725152
0.0699399893, 0.6013362576
0.0349699946, 0.3006681288
0.5174849973, 0.6503340644
0.7587424987, 0.8251670322
0.3793712493, 0.4125835161
0.1896856247, 0.2062917580
0.5948428123, 0.1031458790
0.7974214062, 0.0515729395
0.3987107031, 0.0257864698
0.1993553515, 0.5128932349
0.0996776758, 0.7564466174
0.5498388379, 0.3782233087
0.7749194189, 0.6891116544
0.3874597095, 0.8445558272
0.1937298547, 0.4222779136
0.0968649274, 0.7111389568
0.0484324637, 0.3555694784
0.5242162318, 0.1777847392
0.7621081159, 0.5888923696
0.3810540580, 0.7944461848
0.1905270290, 0.3972230924
0.5952635145, 0.6986115462
0.2976317572, 0.3493057731
0.6488158786, 0.6746528865
0.3244079393, 0.3373264433
0.1622039697, 0.6686632216
0.0811019848, 0.3343316108
0.0405509924, 0.1671658054
0.5202754962, 0.0835829027
0.7601377481, 0.0417914514
0.8800688741, 0.5208957257
0.9400344370, 0.7604478628
0.4700172185, 0.8802239314
0.2350086093, 0.4401119657
0.6175043046, 0.7200559829
0.8087521523, 0.8600279914
0.9043760762, 0.9300139957
0.4521880381, 0.4650069979
0.7260940190, 0.2325034989
0.3630470095, 0.6162517495
0.1815235048, 0.3081258747
0.0907617524, 0.1540629374
0.0453808762, 0.0770314687
0.5226904381, 0.0385157343
0.2613452190, 0.0192578672
0.6306726095, 0.5096289336
0.3153363048, 0.2548144668
0.1576681524, 0.6274072334
0.0788340762, 0.8137036167
0.0394170381, 0.4068518083
0.5197085190, 0.7034259042
0.7598542595, 0.3517129521
0.3799271298, 0.1758564760
0.1899635649, 0.0879282380
0.5949817824, 0.0439641190
0.2974908912, 0.5219820595
0.1487454456, 0.7609910298
0.5743727228, 0.8804955149
0.2871863614, 0.4402477574
0.1435931807, 0.2201238787
0.5717965904, 0.1100619394
0.2858982952, 0.0550309697
0.6429491476, 0.5275154848
0.3214745738, 0.2637577424
0.6607372869, 0.1318788712
0.3303686434, 0.5659394356
0.1651843217, 0.7829697178
0.0825921609, 0.3914848589
0.5412960804, 0.6957424295
0.7706480402, 0.3478712147
0.8853240201, 0.6739356074
0.9426620101, 0.8369678037
0.4713310050, 0.9184839018
0.2356655025, 0.4592419509
0.1178327513, 0.2296209755
0.5589163756, 0.1148104877
0.7794581878, 0.5574052439
0.3897290939, 0.2787026219
0.1948645470, 0.6393513110
0.0974322735, 0.3196756555
0.0487161367, 0.6598378277
0.0243580684, 0.3299189139
0.5121790342, 0.1649594569
0.2560895171, 0.0824797285
0.1280447585, 0.5412398642
0.5640223793, 0.2706199321
0.2820111896, 0.1353099661
0.6410055948, 0.5676549830
0.8205027974, 0.2838274915
0.4102513987, 0.6419137458
0.2051256994, 0.3209568729
0.6025628497, 0.6604784364
0.8012814248, 0.3302392182
0.4006407124, 0.1651196091
0.7003203562, 0.0825598046
0.3501601781, 0.0412799023
0.6750800891, 0.0206399511
0.3375400445, 0.0103199756
0.6687700223, 0.0051599878
0.8343850111, 0.5025799939
0.4171925056, 0.7512899969
0.2085962528, 0.3756449985
0.6042981264, 0.6878224992
0.3021490632, 0.8439112496
0.1510745316, 0.9219556248
0.0755372658, 0.9609778124
0.5377686329, 0.4804889062
0.7688843164, 0.7402444531
0.8844421582, 0.3701222266
0.9422210791, 0.1850611133
0.4711105396, 0.5925305566
0.7355552698, 0.2962652783
0.3677776349, 0.6481326392
0.1838888174, 0.3240663196
0.0919444087, 0.6620331598
0.0459722044, 0.3310165799
0.5229861022, 0.6655082899
0.2614930511, 0.3327541450
0.1307465255, 0.6663770725
0.0653732628, 0.3331885362
0.0326866314, 0.1665942681
0.5163433157, 0.0832971341
0.2581716578, 0.5416485670
0.1290858289, 0.7708242835
0.0645429145, 0.8854121418
0.0322714572, 0.9427060709
0.5161357286, 0.9713530354
0.7580678643, 0.9856765177
0.3790339322, 0.9928382589
0.1895169661, 0.9964191294
0.5947584830, 0.9982095647
0.2973792415, 0.4991047824
0.1486896208, 0.2495523912
0.5743448104, 0.1247761956
0.7871724052, 0.5623880978
0.3935862026, 0.2811940489
0.1967931013, 0.6405970244
0.0983965506, 0.8202985122
0.0491982753, 0.9101492561
0.0245991377, 0.4550746281
0.0122995688, 0.2275373140
0.0061497844, 0.1137686570
0.5030748922, 0.0568843285
0.7515374461, 0.5284421643
0.8757687231, 0.2642210821
0.4378843615, 0.1321105411
0.7189421808, 0.5660552705
0.8594710904, 0.7830276353
0.9297355452, 0.3915138176
0.4648677726, 0.1957569088
0.2324338863, 0.0978784544
0.6162169431, 0.5489392272
0.8081084716, 0.2744696136
0.9040542358, 0.6372348068
0.9520271179, 0.3186174034
0.4760135589, 0.1593087017
0.2380067795, 0.0796543509
0.1190033897, 0.5398271754
0.5595016949, 0.7699135877
0.2797508474, 0.3849567939
0.1398754237, 0.6924783969
0.0699377119, 0.8462391985
0.0349688559, 0.9231195992
0.5174844280, 0.4615597996
0.7587422140, 0.2307798998
0.3793711070, 0.1153899499
0.6896855535, 0.0576949750
0.3448427767, 0.5288474875
0.1724213884, 0.7644237437
0.0862106942, 0.3822118719
0.5431053471, 0.6911059359
0.7715526735, 0.8455529680
0.8857763368, 0.4227764840
0.4428881684, 0.2113882420
0.2214440842, 0.1056941210
0.6107220421, 0.0528470605
0.3053610210, 0.0264235302
0.1526805105, 0.0132117651
0.5763402553, 0.0066058826
0.2881701276, 0.0033029413
0.1440850638, 0.0016514706
0.0720425319, 0.5008257353
0.0360212660, 0.2504128677
0.0180106330, 0.1252064338
0.5090053165, 0.0626032169
0.7545026582, 0.5313016085
0.8772513291, 0.7656508042
0.4386256646, 0.3828254021
0.7193128323, 0.6914127011
0.8596564161, 0.3457063505
0.4298282081, 0.6728531753
0.2149141040, 0.3364265876
0.1074570520, 0.1682132938
0.0537285260, 0.0841066469
0.5268642630, 0.5420533235
0.7634321315, 0.7710266617
0.8817160658, 0.8855133309
0.9408580329, 0.4427566654
0.9704290164, 0.2213783327
0.4852145082, 0.6106891664
0.7426072541, 0.3053445832
0.3713036271, 0.6526722916
0.1856518135, 0.3263361458
0.5928259068, 0.1631680729
0.2964129534, 0.0815840364
0.1482064767, 0.5407920182
0.0741032383, 0.7703960091
0.5370516192, 0.3851980046
0.2685258096, 0.1925990023
0.6342629048, 0.5962995011
0.3171314524, 0.2981497506
0.6585657262, 0.1490748753
0.8292828631, 0.5745374376
0.9146414315, 0.7872687188
0.4573207158, 0.3936343594
0.7286603579, 0.6968171797
0.8643301789, 0.3484085899
0.4321650895, 0.6742042949
0.2160825447, 0.3371021475
0.1080412724, 0.1685510737
0.0540206362, 0.5842755369
0.0270103181, 0.2921377684
0.0135051590, 0.6460688842
0.5067525795, 0.3230344421
0.7533762898, 0.1615172211
0.8766881449, 0.5807586105
0.9383440724, 0.7903793053
0.4691720362, 0.8951896526
0.7345860181, 0.4475948263
0.3672930091, 0.2237974132
0.6836465045, 0.6118987066
0.8418232523, 0.8059493533
0.9209116261, 0.9029746766
0.4604558131, 0.4514873383
0.7302279065, 0.7257436692
0.3651139533, 0.3628718346
0.1825569766, 0.1814359173
0.0912784883, 0.5907179586
0.0456392442, 0.2953589793
0.0228196221, 0.1476794897
0.5114098110, 0.0738397448
0.2557049055, 0.0369198724
0.1278524528, 0.0184599362
0.5639262264, 0.5092299681
0.2819631132, 0.7546149841
0.1409815566, 0.3773074920
0.0704907783, 0.6886537460
0.0352453891, 0.3443268730
0.5176226946, 0.6721634365
0.2588113473, 0.8360817183
0.6294056736, 0.4180408591
0.8147028368, 0.2090204296
0.4073514184, 0.6045102148
0.7036757092, 0.8022551074
0.3518378546, 0.4011275537
0.6759189273, 0.7005637768
0.8379594637, 0.8502818884
0.9189797318, 0.4251409442
0.4594898659, 0.7125704721
0.7297449330, 0.3562852361
0.8648724665, 0.6781426180
0.9324362332, 0.8390713090
0.9662181166, 0.9195356545
0.9831090583, 0.4597678273
0.4915545292, 0.2298839136
0.7457772646, 0.1149419568
0.8728886323, 0.5574709784
0.4364443161, 0.2787354892
0.7182221581, 0.6393677446
0.3591110790, 0.3196838723
0.6795555395, 0.1598419362
0.8397777698, 0.5799209681
0.4198888849, 0.7899604840
0.7099444424, 0.3949802420
0.3549722212, 0.1974901210
0.1774861106, 0.0987450605
0.0887430553, 0.0493725303
0.0443715277, 0.0246862651
0.5221857638, 0.5123431326
0.7610928819, 0.2561715663
0.8805464410, 0.6280857831
0.4402732205, 0.8140428916
0.2201366102, 0.9070214458
0.1100683051, 0.4535107229
0.0550341526, 0.2267553614
0.0275170763, 0.1133776807
0.5137585381, 0.0566888404
0.7568792691, 0.5283444202
0.3784396345, 0.7641722101
0.1892198173, 0.3820861050
0.5946099086, 0.1910430525
0.7973049543, 0.0955215263
0.8986524772, 0.5477607631
0.4493262386, 0.2738803816
0.2246631193, 0.6369401908
0.1123315596, 0.3184700954
0.5561657798, 0.6592350477
0.2780828899, 0.3296175238
0.6390414450, 0.1648087619
0.8195207225, 0.5824043810
0.4097603612, 0.2912021905
0.7048801806, 0.1456010952
0.3524400903, 0.0728005476
0.6762200452, 0.5364002738
0.3381100226, 0.2682001369
0.6690550113, 0.1341000685
0.3345275056, 0.5670500342
0.1672637528, 0.2835250171
0.0836318764, 0.1417625086
0.0418159382, 0.0708812543
0.5209079691, 0.5354406271
0.2604539846, 0.7677203136
0.1302269923, 0.8838601568
0.0651134961, 0.9419300784
0.0325567481, 0.4709650392
0.5162783740, 0.2354825196
0.7581391870, 0.1177412598
0.3790695935, 0.5588706299
0.1895347968, 0.2794353149
0.0947673984, 0.1397176575
0.5473836992, 0.5698588287
0.7736918496, 0.7849294144
0.8868459248, 0.3924647072
0.4434229624, 0.6962323536
0.2217114812, 0.3481161768
0.6108557406, 0.6740580884
0.3054278703, 0.3370290442
0.1527139351, 0.6685145221
0.0763569676, 0.8342572610
0.0381784838, 0.4171286305
0.5190892419, 0.2085643153
0.7595446209, 0.1042821576
0.8797723105, 0.5521410788
0.9398861552, 0.2760705394
0.4699430776, 0.1380352697
0.7349715388, 0.0690176349
0.8674857694, 0.0345088174
0.4337428847, 0.0172544087
0.2168714424, 0.0086272044
0.1084357212, 0.0043136022
0.0542178606, 0.5021568011
0.0271089303, 0.2510784005
0.0135544651, 0.6255392003
0.5067772326, 0.3127696001
0.7533886163, 0.6563848001
0.3766943081, 0.3281924000
0.1883471541, 0.6640962000
0.5941735770, 0.3320481000
0.7970867885, 0.6660240500
0.8985433943, 0.8330120250
0.4492716971, 0.4165060125
0.7246358486, 0.7082530063
0.3623179243, 0.8541265031
0.6811589621, 0.9270632516
0.8405794811, 0.9635316258
0.9202897405, 0.4817658129
0.9601448703, 0.2408829064
0.4800724351, 0.1204414532
0.2400362176, 0.5602207266
0.1200181088, 0.2801103633
0.5600090544, 0.6400551817
0.7800045272, 0.3200275908
0.8900022636, 0.6600137954
0.9450011318, 0.8300068977
0.4725005659, 0.4150034489
0.7362502829, 0.2075017244
0.3681251415, 0.6037508622
0.6840625707, 0.3018754311
0.8420312854, 0.1509377156
0.9210156427, 0.0754688578
0.4605078213, 0.5377344289
0.2302539107, 0.2688672144
0.6151269553, 0.1344336072
0.8075634777, 0.5672168036
0.9037817388, 0.7836084018
0.4518908694, 0.3918042009
0.2259454347, 0.6959021005
0.6129727174, 0.3479510502
0.3064863587, 0.1739755251
0.6532431793, 0.0869877626
0.8266215897, 0.0434938813
0.9133107948, 0.5217469406
0.9566553974, 0.7608734703
0.9783276987, 0.8804367352
0.4891638494, 0.9402183676
0.7445819247, 0.4701091838
0.8722909623, 0.7350545919
0.4361454812, 0.3675272959
0.7180727406, 0.6837636480
0.8590363703, 0.8418818240
0.9295181851, 0.9209409120
0.9647590926, 0.9604704560
0.9823795463, 0.9802352280
0.4911897731, 0.4901176140
0.2455948866, 0.7450588070
0.6227974433, 0.3725294035
0.8113987216, 0.6862647017
0.4056993608, 0.8431323509
0.7028496804, 0.4215661754
0.3514248402, 0.2107830877
0.6757124201, 0.1053915439
0.3378562101, 0.5526957719
0.6689281050, 0.7763478860
0.3344640525, 0.3881739430
0.6672320263, 0.6940869715
0.3336160131, 0.8470434857
0.6668080066, 0.9235217429
0.8334040033, 0.4617608714
0.9167020016, 0.7308804357
0.9583510008, 0.3654402179
0.9791755004, 0.1827201089
0.9895877502, 0.0913600545
0.9947938751, 0.0456800272
0.9973969376, 0.0228400136
0.4986984688, 0.0114200068
0.2493492344, 0.5057100034
0.6246746172, 0.7528550017
0.8123373086, 0.3764275009
0.9061686543, 0.6882137504
0.9530843271, 0.8441068752
0.4765421636, 0.4220534376
0.7382710818, 0.7110267188
0.8691355409, 0.3555133594
0.9345677704, 0.1777566797
0.9672838852, 0.5888783399
0.4836419426, 0.2944391699
0.7418209713, 0.1472195850
0.3709104857, 0.0736097925
0.1854552428, 0.5368048962
0.5927276214, 0.7684024481
0.7963638107, 0.3842012241
0.8981819054, 0.6921006120
0.9490909527, 0.8460503060
0.4745454763, 0.4230251530
0.2372727382, 0.2115125765
0.6186363691, 0.6057562883
0.3093181845, 0.3028781441
0.1546590923, 0.6514390721
0.0773295461, 0.8257195360
0.0386647731, 0.9128597680
0.0193323865, 0.4564298840
0.0096661933, 0.2282149420
0.5048330966, 0.6141074710
0.7524165483, 0.8070537355
0.3762082742, 0.4035268678
0.6881041371, 0.7017634339
0.8440520685, 0.8508817169
0.4220260343, 0.4254408585
0.7110130171, 0.2127204292
0.3555065086, 0.1063602146
0.1777532543, 0.0531801073
0.0888766271, 0.0265900537
0.5444383136, 0.5132950268
0.7722191568, 0.2566475134
0.8861095784, 0.6283237567
0.9430547892, 0.3141618784
0.9715273946, 0.6570809392
0.9857636973, 0.8285404696
0.9928818486, 0.4142702348
0.9964409243, 0.7071351174
0.9982204622, 0.8535675587
0.4991102311, 0.4267837793
0.2495551155, 0.7133918897
0.1247775578, 0.8566959448
0.0623887789, 0.4283479724
0.5311943894, 0.7141739862
0.2655971947, 0.8570869931
0.1327985974, 0.4285434966
0.0663992987, 0.2142717483
0.5331996493, 0.1071358741
0.2665998247, 0.0535679371
0.6332999123, 0.5267839685
0.8166499562, 0.2633919843
0.4083249781, 0.1316959921
0.7041624890, 0.0658479961
0.3520812445, 0.0329239980
0.6760406223, 0.5164619990
0.8380203111, 0.2582309995
0.4190101556, 0.1291154998
0.7095050778, 0.0645577499
0.3547525389, 0.5322788749
0.6773762694, 0.7661394375
0.3386881347, 0.3830697187
0.6693440674, 0.1915348594
0.8346720337, 0.5957674297
0.9173360168, 0.2978837148
0.9586680084, 0.6489418574
0.9793340042, 0.3244709287
0.9896670021, 0.1622354644
0.4948335011, 0.5811177322
0.2474167505, 0.7905588661
0.1237083753, 0.3952794330
0.5618541876, 0.6976397165
0.7809270938, 0.3488198583
0.3904635469, 0.1744099291
0.1952317735, 0.5872049646
0.0976158867, 0.2936024823
0.5488079434, 0.6468012411
0.2744039717, 0.3234006206
0.1372019858, 0.1617003103
0.5686009929, 0.0808501551
0.7843004965, 0.0404250776
0.3921502482, 0.5202125388
0.1960751241, 0.7601062694
0.5980375621, 0.3800531347
0.7990187810, 0.6900265673
0.8995093905, 0.8450132837
0.9497546953, 0.9225066418
0.4748773476, 0.4612533209
0.2374386738, 0.7306266605
0.1187193369, 0.3653133302
0.0593596685, 0.1826566651
0.5296798342, 0.0913283326
0.7648399171, 0.5456641663
0.8824199586, 0.7728320831
0.9412099793, 0.8864160416
0.4706049896, 0.4432080208
0.2353024948, 0.7216040104
0.6176512474, 0.3608020052
0.8088256237, 0.6804010026
0.9044128119, 0.8402005013
0.4522064059, 0.9201002506
0.2261032030, 0.9600501253
0.6130516015, 0.4800250627
0.8065258007, 0.7400125313
0.4032629004, 0.3700062657
0.7016314502, 0.1850031328
0.8508157251, 0.5925015664
0.9254078625, 0.7962507832
0.9627039313, 0.8981253916
0.9813519656, 0.9490626958
0.4906759828, 0.9745313479
0.7453379914, 0.4872656740
0.3726689957, 0.2436328370
0.1863344979, 0.1218164185
0.0931672489, 0.0609082092
0.0465836245, 0.0304541046
0.5232918122, 0.0152270523
0.2616459061, 0.0076135262
0.6308229531, 0.5038067631
0.3154114765, 0.2519033815
0.6577057383, 0.6259516908
0.8288528691, 0.3129758454
0.4144264346, 0.1564879227
0.2072132173, 0.5782439613
0.6036066086, 0.2891219807
0.8018033043, 0.1445609903
0.4009016522, 0.5722804952
0.2004508261, 0.7861402476
0.6002254130, 0.3930701238
0.3001127065, 0.6965350619
0.6500563533, 0.3482675309
0.3250281766, 0.1741337655
0.1625140883, 0.0870668827
