0.2500000000, 0.2500000000
0.1250000000, 0.1250000000
0.5625000000, 0.5625000000
0.2812500000, 0.2812500000
0.6406250000, 0.1406250000
0.8203125000, 0.5703125000
0.4101562500, 0.2851562500
0.2050781250, 0.1425781250
0.6025390625, 0.0712890625
0.3012695312, 0.5356445312
0.1506347656, 0.7678222656
0.0753173828, 0.3839111328
0.0376586914, 0.1919555664
0.0188293457, 0.0959777832
0.5094146729, 0.0479888916
0.2547073364, 0.5239944458
0.1273536682, 0.2619972229
0.5636768341, 0.6309986115
0.2818384171, 0.3154993057
0.1409192085, 0.1577496529
0.5704596043, 0.5788748264
0.2852298021, 0.2894374132
0.6426149011, 0.1447187066
0.8213074505, 0.0723593533
0.4106537253, 0.5361796767
0.7053268626, 0.2680898383
0.3526634313, 0.1340449192
0.6763317157, 0.0670224596
0.8381658578, 0.5335112298
0.4190829289, 0.7667556149
0.2095414645, 0.3833778074
0.1047707322, 0.6916889037
0.5523853661, 0.3458444519
0.7761926831, 0.1729222259
0.3880963415, 0.5864611130
0.1940481708, 0.2932305565
0.5970240854, 0.6466152782
0.2985120427, 0.8233076391
0.1492560213, 0.9116538196
0.0746280107, 0.4558269098
0.0373140053, 0.7279134549
0.5186570027, 0.3639567274
0.7593285013, 0.6819783637
0.3796642507, 0.8409891819
0.6898321253, 0.4204945909
0.3449160627, 0.2102472955
0.6724580313, 0.1051236477
0.3362290157, 0.5525618239
0.1681145078, 0.2762809119
0.5840572539, 0.1381404560
0.2920286270, 0.0690702280
0.1460143135, 0.0345351140
0.5730071567, 0.0172675570
0.2865035784, 0.0086337785
0.6432517892, 0.5043168892
0.8216258946, 0.7521584446
0.4108129473, 0.8760792223
0.7054064736, 0.9380396112
0.3527032368, 0.9690198056
0.1763516184, 0.4845099028
0.0881758092, 0.2422549514
0.5440879046, 0.1211274757
0.2720439523, 0.5605637378
0.6360219762, 0.7802818689
0.3180109881, 0.8901409345
0.1590054940, 0.4450704672
0.5795027470, 0.7225352336
0.7897513735, 0.3612676168
0.3948756868, 0.1806338084
0.1974378434, 0.5903169042
0.5987189217, 0.2951584521
0.2993594608, 0.6475792261
0.1496797304, 0.3237896130
0.5748398652, 0.1618948065
0.2874199326, 0.0809474033
0.6437099663, 0.5404737016
0.8218549832, 0.7702368508
0.4109274916, 0.3851184254
0.2054637458, 0.1925592127
0.6027318729, 0.0962796064
0.3013659364, 0.0481398032
0.6506829682, 0.5240699016
0.3253414841, 0.7620349508
0.1626707421, 0.3810174754
0.0813353710, 0.1905087377
0.0406676855, 0.0952543688
0.5203338428, 0.0476271844
0.2601669214, 0.5238135922
0.6300834607, 0.2619067961
0.3150417303, 0.1309533981
0.6575208652, 0.5654766990
0.8287604326, 0.7827383495
0.9143802163, 0.8913691748
0.9571901081, 0.4456845874
0.9785950541, 0.2228422937
0.9892975270, 0.6114211468
0.4946487635, 0.3057105734
0.2473243818, 0.1528552867
0.1236621909, 0.5764276434
0.0618310954, 0.2882138217
0.5309155477, 0.1441069108
0.2654577739, 0.0720534554
0.6327288869, 0.5360267277
0.8163644435, 0.7680133639
0.4081822217, 0.3840066819
0.2040911109, 0.6920033410
0.6020455554, 0.3460016705
0.8010227777, 0.6730008352
0.4005113889, 0.8365004176
0.2002556944, 0.4182502088
0.6001278472, 0.2091251044
0.3000639236, 0.6045625522
0.6500319618, 0.3022812761
0.3250159809, 0.1511406381
0.1625079905, 0.0755703190
0.0812539952, 0.0377851595
0.0406269976, 0.0188925798
0.0203134988, 0.5094462899
0.0101567494, 0.7547231449
0.5050783747, 0.8773615725
0.2525391874, 0.4386807862
0.6262695937, 0.7193403931
0.3131347968, 0.8596701966
0.6565673984, 0.4298350983
0.8282836992, 0.7149175491
0.4141418496, 0.8574587746
0.2070709248, 0.4287293873
0.1035354624, 0.2143646936
0.5517677312, 0.1071823468
0.7758838656, 0.0535911734
0.8879419328, 0.5267955867
0.4439709664, 0.7633977934
0.7219854832, 0.3816988967
0.3609927416, 0.6908494483
0.1804963708, 0.3454247242
0.0902481854, 0.6727123621
0.0451240927, 0.3363561810
0.0225620464, 0.6681780905
0.5112810232, 0.3340890453
0.2556405116, 0.6670445226
0.1278202558, 0.3335222613
0.0639101279, 0.6667611307
0.0319550639, 0.3333805653
0.0159775320, 0.1666902827
0.0079887660, 0.5833451413
0.0039943830, 0.7916725707
0.5019971915, 0.3958362853
0.7509985957, 0.6979181427
0.3754992979, 0.3489590713
0.1877496489, 0.1744795357
0.0938748245, 0.0872397678
0.0469374122, 0.5436198839
0.0234687061, 0.2718099420
0.0117343531, 0.1359049710
0.0058671765, 0.5679524855
0.0029335883, 0.7839762427
0.0014667941, 0.3919881214
0.0007333971, 0.1959940607
0.0003666985, 0.5979970303
0.0001833493, 0.2989985152
0.0000916746, 0.6494992576
0.0000458373, 0.3247496288
0.0000229187, 0.1623748144
0.5000114593, 0.5811874072
0.2500057297, 0.7905937036
0.1250028648, 0.8952968518
0.0625014324, 0.4476484259
0.0312507162, 0.2238242129
0.0156253581, 0.1119121065
0.0078126791, 0.5559560532
0.0039063395, 0.2779780266
0.0019531698, 0.1389890133
0.5009765849, 0.0694945067
0.2504882924, 0.0347472533
0.1252441462, 0.0173736267
0.5626220731, 0.0086868133
0.2813110366, 0.0043434067
0.1406555183, 0.0021717033
0.0703277591, 0.0010858517
0.0351638796, 0.5005429258
0.0175819398, 0.2502714629
0.0087909699, 0.1251357315
0.0043954849, 0.5625678657
0.5021977425, 0.2812839329
0.2510988712, 0.1406419664
0.6255494356, 0.0703209832
0.8127747178, 0.0351604916
0.4063873589, 0.0175802458
0.7031936795, 0.0087901229
0.3515968397, 0.0043950615
0.1757984199, 0.0021975307
0.5878992099, 0.0010987654
0.7939496050, 0.5005493827
0.3969748025, 0.2502746913
0.1984874012, 0.1251373457
0.0992437006, 0.0625686728
0.0496218503, 0.5312843364
0.0248109252, 0.2656421682
0.0124054626, 0.1328210841
0.0062027313, 0.0664105421
0.0031013656, 0.5332052710
0.0015506828, 0.2666026355
0.5007753414, 0.1333013178
0.2503876707, 0.5666506589
0.1251938354, 0.2833253294
0.0625969177, 0.6416626647
0.0312984588, 0.8208313324
0.0156492294, 0.9104156662
0.0078246147, 0.4552078331
0.0039123074, 0.2276039165
0.0019561537, 0.1138019583
0.5009780768, 0.0569009791
0.2504890384, 0.0284504896
0.1252445192, 0.0142252448
0.5626222596, 0.5071126224
0.7813111298, 0.2535563112
0.3906555649, 0.1267781556
0.1953277825, 0.0633890778
0.0976638912, 0.5316945389
0.0488319456, 0.2658472694
0.0244159728, 0.6329236347
0.0122079864, 0.8164618174
0.0061039932, 0.4082309087
0.0030519966, 0.2041154543
0.0015259983, 0.6020577272
0.0007629992, 0.3010288636
0.5003814996, 0.1505144318
0.2501907498, 0.5752572159
0.1250953749, 0.7876286079
0.0625476874, 0.3938143040
0.0312738437, 0.1969071520
0.0156369219, 0.0984535760
0.5078184609, 0.0492267880
0.7539092305, 0.5246133940
0.8769546152, 0.7623066970
0.4384773076, 0.3811533485
0.2192386538, 0.1905766742
0.6096193269, 0.5952883371
0.3048096635, 0.2976441686
0.6524048317, 0.6488220843
0.3262024159, 0.3244110421
0.6631012079, 0.6622055211
0.3315506040, 0.3311027605
0.6657753020, 0.6655513803
0.3328876510, 0.8327756901
0.1664438255, 0.4163878451
0.0832219127, 0.2081939225
0.5416109564, 0.6040969613
0.2708054782, 0.8020484806
0.1354027391, 0.4010242403
0.5677013695, 0.7005121202
0.7838506848, 0.8502560601
0.8919253424, 0.9251280300
0.9459626712, 0.9625640150
0.9729813356, 0.4812820075
0.9864906678, 0.2406410038
0.9932453339, 0.1203205019
0.4966226669, 0.5601602509
0.2483113335, 0.2800801255
0.1241556667, 0.1400400627
0.5620778334, 0.0700200314
0.2810389167, 0.0350100157
0.1405194583, 0.0175050078
0.0702597292, 0.5087525039
0.5351298646, 0.2543762520
0.7675649323, 0.1271881260
0.3837824661, 0.0635940630
0.1918912331, 0.0317970315
0.0959456165, 0.5158985157
0.5479728083, 0.2579492579
0.2739864041, 0.1289746289
0.1369932021, 0.0644873145
0.0684966010, 0.0322436572
0.5342483005, 0.5161218286
0.7671241503, 0.7580609143
0.8835620751, 0.8790304572
0.4417810376, 0.9395152286
0.7208905188, 0.4697576143
0.3604452594, 0.7348788071
0.6802226297, 0.3674394036
0.8401113148, 0.6837197018
0.9200556574, 0.3418598509
0.4600278287, 0.1709299254
0.2300139144, 0.5854649627
0.6150069572, 0.2927324814
0.3075034786, 0.1463662407
0.6537517393, 0.0731831203
0.3268758696, 0.0365915602
0.1634379348, 0.0182957801
0.0817189674, 0.0091478900
0.5408594837, 0.0045739450
0.7704297419, 0.0022869725
0.3852148709, 0.5011434863
0.1926074355, 0.2505717431
0.5963037177, 0.1252858716
0.7981518589, 0.5626429358
0.8990759294, 0.7813214679
0.4495379647, 0.8906607339
0.2247689824, 0.4453303670
0.1123844912, 0.7226651835
0.0561922456, 0.3613325917
0.5280961228, 0.1806662959
0.2640480614, 0.0903331479
0.6320240307, 0.0451665740
0.3160120153, 0.0225832870
0.6580060077, 0.0112916435
0.8290030038, 0.5056458217
0.9145015019, 0.7528229109
0.9572507510, 0.8764114554
0.4786253755, 0.4382057277
0.2393126877, 0.2191028639
0.1196563439, 0.1095514319
0.5598281719, 0.5547757160
0.2799140860, 0.2773878580
0.1399570430, 0.6386939290
0.0699785215, 0.3193469645
0.0349892607, 0.1596734822
0.5174946304, 0.0798367411
0.7587473152, 0.5399183706
0.3793736576, 0.7699591853
0.1896868288, 0.3849795926
0.5948434144, 0.6924897963
0.7974217072, 0.3462448982
0.3987108536, 0.1731224491
0.1993554268, 0.0865612245
0.5996777134, 0.5432806123
0.2998388567, 0.2716403061
0.1499194283, 0.1358201531
0.5749597142, 0.0679100765
0.7874798571, 0.0339550383
0.8937399285, 0.5169775191
0.9468699643, 0.7584887596
0.4734349821, 0.3792443798
0.7367174911, 0.6896221899
0.3683587455, 0.3448110949
0.6841793728, 0.6724055475
0.3420896864, 0.3362027737
0.6710448432, 0.6681013869
0.3355224216, 0.8340506934
0.6677612108, 0.4170253467
0.3338806054, 0.7085126734
0.6669403027, 0.8542563367
0.8334701513, 0.9271281683
0.4167350757, 0.4635640842
0.7083675378, 0.2317820421
0.8541837689, 0.6158910210
0.9270918845, 0.3079455105
0.9635459422, 0.1539727553
0.9817729711, 0.0769863776
0.9908864856, 0.0384931888
0.4954432428, 0.0192465944
0.7477216214, 0.5096232972
0.8738608107, 0.2548116486
0.4369304053, 0.6274058243
0.2184652027, 0.3137029122
0.1092326013, 0.6568514561
0.0546163007, 0.3284257280
0.0273081503, 0.1642128640
0.5136540752, 0.5821064320
0.2568270376, 0.2910532160
0.6284135188, 0.6455266080
0.3142067594, 0.3227633040
0.1571033797, 0.1613816520
0.0785516898, 0.5806908260
0.0392758449, 0.7903454130
0.0196379225, 0.8951727065
0.5098189612, 0.4475863533
0.2549094806, 0.2237931766
0.6274547403, 0.1118965883
0.8137273702, 0.5559482942
0.9068636851, 0.2779741471
0.9534318425, 0.1389870735
0.9767159213, 0.0694935368
0.4883579606, 0.5347467684
0.2441789803, 0.2673733842
0.6220894902, 0.1336866921
0.8110447451, 0.5668433460
0.4055223725, 0.7834216730
0.7027611863, 0.8917108365
0.3513805931, 0.4458554183
0.1756902966, 0.7229277091
0.0878451483, 0.8614638546
0.0439225741, 0.9307319273
0.0219612871, 0.4653659636
0.5109806435, 0.7326829818
0.2554903218, 0.3663414909
0.6277451609, 0.1831707455
0.8138725804, 0.5915853727
0.4069362902, 0.2957926864
0.2034681451, 0.1478963432
0.6017340726, 0.0739481716
0.8008670363, 0.5369740858
0.4004335181, 0.7684870429
0.2002167591, 0.3842435214
0.6001083795, 0.6921217607
0.8000541898, 0.8460608804
0.9000270949, 0.4230304402
0.9500135474, 0.2115152201
0.4750067737, 0.6057576100
0.7375033869, 0.3028788050
0.3687516934, 0.1514394025
0.6843758467, 0.0757197013
0.8421879234, 0.5378598506
0.4210939617, 0.7689299253
0.7105469808, 0.3844649627
0.3552734904, 0.6922324813
0.6776367452, 0.3461162407
0.3388183726, 0.6730581203
0.1694091863, 0.3365290602
0.5847045932, 0.6682645301
0.2923522966, 0.8341322650
0.1461761483, 0.9170661325
0.0730880741, 0.4585330663
0.0365440371, 0.2292665331
0.5182720185, 0.6146332666
0.7591360093, 0.8073166333
0.3795680046, 0.4036583166
0.1897840023, 0.2018291583
0.0948920012, 0.6009145792
0.0474460006, 0.3004572896
0.0237230003, 0.1502286448
0.0118615001, 0.5751143224
0.0059307501, 0.2875571612
0.0029653750, 0.1437785806
0.5014826875, 0.0718892903
0.2507413438, 0.5359446451
0.1253706719, 0.2679723226
0.5626853359, 0.6339861613
0.2813426680, 0.3169930806
0.6406713340, 0.6584965403
0.8203356670, 0.8292482702
0.9101678335, 0.9146241351
0.4550839167, 0.4573120675
0.2275419584, 0.2286560338
0.1137709792, 0.1143280169
0.0568854896, 0.5571640084
0.0284427448, 0.2785820042
0.0142213724, 0.6392910021
0.5071106862, 0.3196455011
0.2535553431, 0.6598227505
0.1267776715, 0.3299113753
0.0633888358, 0.1649556876
0.0316944179, 0.0824778438
0.0158472089, 0.5412389219
0.5079236045, 0.7706194610
0.7539618022, 0.8853097305
0.3769809011, 0.4426548652
0.1884904506, 0.2213274326
0.0942452253, 0.6106637163
0.0471226126, 0.3053318582
0.0235613063, 0.1526659291
0.5117806532, 0.0763329645
0.2558903266, 0.0381664823
0.1279451633, 0.5190832411
0.0639725816, 0.2595416206
0.0319862908, 0.6297708103
0.5159931454, 0.8148854051
0.2579965727, 0.4074427026
0.6289982864, 0.2037213513
0.3144991432, 0.1018606756
0.6572495716, 0.5509303378
0.8286247858, 0.7754651689
0.9143123929, 0.3877325845
0.4571561964, 0.6938662922
0.2285780982, 0.8469331461
0.1142890491, 0.9234665731
0.0571445246, 0.4617332865
0.5285722623, 0.7308666433
0.7642861311, 0.3654333216
0.3821430656, 0.1827166608
0.6910715328, 0.0913583304
0.3455357664, 0.5456791652
0.6727678832, 0.7728395826
0.3363839416, 0.8864197913
0.6681919708, 0.9432098957
0.3340959854, 0.9716049478
0.1670479927, 0.9858024739
0.0835239963, 0.9929012370
0.5417619982, 0.4964506185
0.7708809991, 0.7482253092
0.3854404995, 0.3741126546
0.6927202498, 0.1870563273
0.3463601249, 0.0935281637
0.1731800624, 0.0467640818
0.5865900312, 0.5233820409
0.2932950156, 0.7616910205
0.6466475078, 0.3808455102
0.8233237539, 0.6904227551
0.9116618770, 0.8452113776
0.4558309385, 0.9226056888
0.2279154692, 0.9613028444
0.1139577346, 0.4806514222
0.0569788673, 0.7403257111
0.5284894337, 0.3701628555
0.2642447168, 0.1850814278
0.6321223584, 0.0925407139
0.3160611792, 0.5462703569
0.1580305896, 0.2731351785
0.5790152948, 0.1365675892
0.2895076474, 0.5682837946
0.1447538237, 0.2841418973
0.0723769119, 0.6420709487
0.0361884559, 0.8210354743
0.5180942280, 0.9105177372
0.2590471140, 0.9552588686
0.1295235570, 0.9776294343
0.0647617785, 0.9888147171
0.0323808892, 0.4944073586
0.0161904446, 0.7472036793
0.0080952223, 0.3736018396
0.5040476112, 0.6868009198
0.7520238056, 0.3434004599
0.8760119028, 0.6717002300
0.9380059514, 0.3358501150
0.4690029757, 0.1679250575
0.2345014878, 0.5839625287
0.1172507439, 0.2919812644
0.0586253720, 0.1459906322
0.5293126860, 0.0729953161
0.2646563430, 0.0364976580
0.6323281715, 0.5182488290
0.3161640857, 0.7591244145
0.1580820429, 0.3795622073
0.5790410214, 0.6897811036
0.7895205107, 0.8448905518
0.8947602554, 0.9224452759
0.9473801277, 0.4612226380
0.9736900638, 0.7306113190
0.9868450319, 0.8653056595
0.4934225160, 0.4326528297
0.2467112580, 0.2163264149
0.6233556290, 0.1081632074
0.8116778145, 0.5540816037
0.4058389072, 0.7770408019
0.2029194536, 0.3885204009
0.6014597268, 0.1942602005
0.8007298634, 0.0971301002
0.9003649317, 0.5485650501
0.9501824659, 0.7742825251
0.9750912329, 0.8871412625
0.9875456165, 0.4435706313
0.9937728082, 0.7217853156
0.9968864041, 0.8608926578
0.9984432021, 0.4304463289
0.4992216010, 0.7152231645
0.2496108005, 0.3576115822
0.1248054003, 0.1788057911
0.5624027001, 0.5894028956
0.7812013501, 0.2947014478
0.3906006750, 0.1473507239
0.1953003375, 0.5736753619
0.5976501688, 0.2868376810
0.2988250844, 0.1434188405
0.6494125422, 0.5717094202
0.8247062711, 0.2858547101
0.9123531355, 0.1429273551
0.9561765678, 0.5714636775
0.4780882839, 0.7857318388
0.2390441419, 0.8928659194
0.1195220710, 0.4464329597
0.5597610355, 0.2232164798
0.7798805177, 0.6116082399
0.3899402589, 0.3058041200
0.6949701294, 0.1529020600
0.8474850647, 0.5764510300
0.9237425324, 0.7882255150
0.4618712662, 0.8941127575
0.2309356331, 0.4470563787
0.1154678165, 0.2235281894
0.0577339083, 0.1117640947
0.5288669541, 0.0558820473
0.2644334771, 0.5279410237
0.1322167385, 0.7639705118
0.0661083693, 0.3819852559
0.5330541846, 0.6909926280
0.7665270923, 0.8454963140
0.3832635462, 0.4227481570
0.6916317731, 0.2113740785
0.8458158865, 0.6056870392
0.9229079433, 0.3028435196
0.4614539716, 0.6514217598
0.2307269858, 0.3257108799
0.1153634929, 0.1628554400
0.5576817465, 0.0814277200
0.2788408732, 0.0407138600
0.6394204366, 0.0203569300
0.8197102183, 0.5101784650
0.9098551092, 0.2550892325
0.4549275546, 0.1275446162
0.7274637773, 0.0637723081
0.3637318886, 0.0318861541
0.6818659443, 0.0159430770
0.3409329722, 0.5079715385
0.1704664861, 0.2539857693
0.5852332430, 0.6269928846
0.7926166215, 0.8134964423
0.3963083108, 0.4067482212
0.1981541554, 0.7033741106
0.0990770777, 0.8516870553
0.0495385388, 0.4258435276
0.0247692694, 0.2129217638
0.0123846347, 0.1064608819
0.0061923174, 0.5532304410
0.0030961587, 0.2766152205
0.0015480793, 0.1383076102
0.0007740397, 0.5691538051
0.0003870198, 0.2845769026
0.0001935099, 0.1422884513
0.5000967550, 0.0711442256
0.7500483775, 0.5355721128
0.3750241887, 0.7677860564
0.1875120944, 0.3838930282
0.5937560472, 0.1919465141
0.2968780236, 0.5959732571
0.6484390118, 0.2979866285
0.8242195059, 0.6489933143
0.4121097529, 0.8244966571
0.2060548765, 0.4122483286
0.6030274382, 0.7061241643
0.8015137191, 0.3530620821
0.4007568596, 0.1765310411
0.7003784298, 0.5882655205
0.8501892149, 0.2941327603
0.4250946074, 0.1470663801
0.7125473037, 0.0735331901
0.8562736519, 0.5367665950
0.9281368259, 0.7683832975
0.9640684130, 0.3841916488
0.4820342065, 0.1920958244
0.2410171032, 0.5960479122
0.1205085516, 0.2980239561
0.0602542758, 0.1490119780
0.0301271379, 0.5745059890
0.0150635690, 0.2872529945
0.5075317845, 0.6436264973
0.2537658922, 0.3218132486
0.1268829461, 0.1609066243
0.5634414731, 0.5804533122
0.7817207365, 0.7902266561
0.3908603683, 0.8951133280
0.1954301841, 0.9475566640
0.5977150921, 0.4737783320
0.7988575460, 0.7368891660
0.8994287730, 0.3684445830
0.9497143865, 0.1842222915
0.9748571933, 0.5921111458
0.4874285966, 0.7960555729
0.2437142983, 0.3980277864
0.6218571492, 0.6990138932
0.3109285746, 0.3495069466
0.1554642873, 0.1747534733
0.0777321436, 0.0873767367
0.5388660718, 0.0436883683
0.7694330359, 0.0218441842
0.3847165180, 0.0109220921
0.1923582590, 0.0054610460
0.0961791295, 0.5027305230
0.0480895647, 0.2513652615
0.0240447824, 0.6256826308
0.0120223912, 0.3128413154
0.5060111956, 0.1564206577
0.7530055978, 0.5782103288
0.8765027989, 0.7891051644
0.9382513994, 0.8945525822
0.4691256997, 0.9472762911
0.2345628499, 0.9736381456
0.1172814249, 0.9868190728
0.5586407125, 0.9934095364
0.2793203562, 0.4967047682
0.1396601781, 0.2483523841
0.0698300891, 0.1241761920
0.0349150445, 0.5620880960
0.0174575223, 0.2810440480
0.5087287611, 0.1405220240
0.2543643806, 0.0702610120
0.1271821903, 0.5351305060
0.5635910951, 0.2675652530
0.2817955476, 0.1337826265
0.1408977738, 0.0668913133
0.5704488869, 0.5334456566
0.2852244434, 0.2667228283
0.1426122217, 0.1333614142
0.0713061109, 0.5666807071
0.0356530554, 0.2833403535
0.0178265277, 0.6416701768
0.0089132639, 0.3208350884
0.5044566319, 0.6604175442
0.7522283160, 0.8302087721
0.3761141580, 0.4151043860
0.1880570790, 0.2075521930
0.5940285395, 0.1037760965
0.2970142697, 0.5518880483
0.6485071349, 0.2759440241
0.8242535674, 0.6379720121
0.4121267837, 0.3189860060
0.2060633919, 0.1594930030
0.6030316959, 0.0797465015
0.8015158480, 0.5398732508
0.9007579240, 0.2699366254
0.9503789620, 0.6349683127
0.9751894810, 0.3174841563
0.9875947405, 0.6587420782
0.9937973702, 0.3293710391
0.9968986851, 0.6646855195
0.4984493426, 0.8323427598
0.2492246713, 0.9161713799
0.1246123356, 0.4580856899
0.0623061678, 0.7290428450
0.0311530839, 0.3645214225
0.0155765420, 0.1822607112
0.0077882710, 0.5911303556
0.5038941355, 0.7955651778
0.7519470677, 0.8977825889
0.8759735339, 0.4488912945
0.9379867669, 0.7244456472
0.9689933835, 0.3622228236
0.4844966917, 0.1811114118
0.7422483459, 0.0905557059
0.8711241729, 0.5452778530
0.4355620865, 0.7726389265
0.2177810432, 0.8863194632
0.1088905216, 0.9431597316
0.0544452608, 0.4715798658
0.5272226304, 0.7357899329
0.7636113152, 0.3678949665
0.3818056576, 0.1839474832
0.6909028288, 0.5919737416
0.8454514144, 0.2959868708
0.9227257072, 0.6479934354
0.9613628536, 0.3239967177
0.9806814268, 0.1619983589
0.4903407134, 0.5809991794
0.2451703567, 0.2904995897
0.1225851784, 0.6452497949
0.0612925892, 0.8226248974
0.5306462946, 0.9113124487
0.2653231473, 0.4556562244
0.6326615736, 0.2278281122
0.8163307868, 0.6139140561
0.9081653934, 0.8069570280
0.9540826967, 0.9034785140
0.9770413484, 0.4517392570
0.4885206742, 0.7258696285
0.7442603371, 0.3629348143
0.8721301685, 0.6814674071
0.4360650843, 0.8407337036
0.2180325421, 0.9203668518
0.1090162711, 0.4601834259
0.0545081355, 0.7300917129
0.5272540678, 0.3650458565
0.7636270339, 0.6825229282
0.8818135169, 0.8412614641
0.4409067585, 0.4206307321
0.2204533792, 0.7103153660
0.1102266896, 0.8551576830
0.5551133448, 0.4275788415
0.7775566724, 0.7137894208
0.3887783362, 0.8568947104
0.1943891681, 0.4284473552
0.5971945841, 0.7142236776
0.2985972920, 0.3571118388
0.1492986460, 0.6785559194
0.0746493230, 0.3392779597
0.0373246615, 0.6696389798
0.0186623308, 0.3348194899
0.0093311654, 0.1674097450
0.5046655827, 0.5837048725
0.2523327913, 0.2918524362
0.1261663957, 0.1459262181
0.5630831978, 0.0729631091
0.2815415989, 0.0364815545
0.6407707995, 0.0182407773
0.3203853997, 0.0091203886
0.1601926999, 0.5045601943
0.5800963499, 0.2522800972
0.2900481750, 0.1261400486
0.6450240875, 0.0630700243
0.8225120437, 0.0315350121
0.9112560219, 0.0157675061
0.4556280109, 0.5078837530
0.2278140055, 0.2539418765
0.1139070027, 0.1269709383
0.0569535014, 0.0634854691
0.5284767507, 0.5317427346
0.2642383753, 0.2658713673
0.6321191877, 0.6329356836
0.8160595938, 0.8164678418
0.9080297969, 0.9082339209
0.9540148985, 0.9541169605
0.4770074492, 0.4770584802
0.2385037246, 0.2385292401
0.1192518623, 0.1192646201
0.0596259312, 0.0596323100
0.5298129656, 0.0298161550
0.2649064828, 0.0149080775
0.6324532414, 0.0074540388
0.8162266207, 0.0037270194
0.9081133103, 0.5018635097
0.4540566552, 0.2509317548
0.2270283276, 0.1254658774
0.1135141638, 0.0627329387
0.5567570819, 0.0313664694
0.7783785409, 0.5156832347
0.8891892705, 0.7578416173
0.9445946352, 0.8789208087
0.4722973176, 0.4394604043
0.7361486588, 0.7197302022
0.8680743294, 0.3598651011
0.4340371647, 0.6799325505
0.7170185824, 0.3399662753
0.3585092912, 0.6699831376
0.6792546456, 0.3349915688
0.8396273228, 0.6674957844
0.4198136614, 0.3337478922
0.2099068307, 0.6668739461
0.6049534153, 0.3334369731
0.8024767077, 0.6667184865
0.9012383538, 0.8333592433
0.4506191769, 0.4166796216
0.2253095885, 0.2083398108
0.1126547942, 0.6041699054
0.5563273971, 0.3020849527
0.7781636986, 0.6510424764
0.3890818493, 0.8255212382
0.6945409246, 0.4127606191
0.3472704623, 0.2063803095
0.1736352312, 0.1031901548
0.5868176156, 0.5515950774
0.2934088078, 0.7757975387
0.1467044039, 0.3878987693
0.0733522019, 0.6939493847
0.0366761010, 0.3469746923
0.5183380505, 0.1734873462
0.7591690252, 0.0867436731
0.8795845126, 0.5433718365
0.4397922563, 0.2716859183
0.2198961282, 0.1358429591
0.6099480641, 0.5679214796
0.3049740320, 0.2839607398
0.1524870160, 0.1419803699
0.5762435080, 0.0709901849
0.7881217540, 0.5354950925
0.3940608770, 0.7677475462
0.6970304385, 0.3838737731
0.3485152193, 0.6919368866
0.1742576096, 0.3459684433
0.5871288048, 0.1729842216
0.7935644024, 0.5864921108
0.8967822012, 0.2932460554
0.9483911006, 0.1466230277
0.4741955503, 0.0733115139
0.2370977752, 0.5366557569
0.6185488876, 0.7683278785
0.8092744438, 0.8841639392
0.9046372219, 0.9420819696
0.9523186109, 0.9710409848
0.4761593055, 0.4855204924
0.2380796527, 0.2427602462
0.1190398264, 0.6213801231
0.5595199132, 0.8106900616
0.2797599566, 0.4053450308
0.1398799783, 0.2026725154
0.0699399891, 0.6013362577
0.0349699946, 0.3006681288
0.5174849973, 0.6503340644
0.7587424986, 0.8251670322
0.3793712493, 0.4125835161
0.1896856247, 0.2062917581
0.5948428123, 0.1031458790
0.7974214062, 0.0515729395
0.3987107031, 0.0257864698
0.1993553515, 0.5128932349
0.0996776758, 0.7564466174
0.5498388379, 0.3782233087
0.7749194189, 0.6891116544
0.3874597095, 0.8445558272
0.1937298547, 0.4222779136
0.0968649274, 0.7111389568
0.0484324637, 0.3555694784
0.5242162318, 0.1777847392
0.7621081159, 0.5888923696
0.3810540580, 0.7944461848
0.1905270290, 0.3972230924
0.5952635145, 0.6986115462
0.7976317572, 0.8493057731
0.8988158786, 0.9246528865
0.4494079393, 0.4623264433
0.2247039697, 0.7311632216
0.1123519848, 0.3655816108
0.0561759924, 0.1827908054
0.5280879962, 0.0913954027
0.7640439981, 0.0456977014
0.8820219991, 0.5228488507
0.9410109995, 0.7614244253
0.4705054998, 0.8807122127
0.2352527499, 0.4403561063
0.6176263749, 0.7201780532
0.8088131875, 0.8600890266
0.9044065937, 0.9300445133
0.4522032969, 0.9650222566
0.7261016484, 0.4825111283
0.3630508242, 0.7412555642
0.1815254121, 0.3706277821
0.0907627061, 0.1853138910
0.0453813530, 0.0926569455
0.5226906765, 0.0463284728
0.2613453383, 0.0231642364
0.6306726691, 0.5115821182
0.3153363346, 0.2557910591
0.1576681673, 0.6278955295
0.0788340836, 0.8139477648
0.0394170418, 0.4069738824
0.5197085209, 0.7034869412
0.7598542605, 0.3517434706
0.8799271302, 0.6758717353
0.4399635651, 0.3379358676
0.7199817826, 0.1689679338
0.8599908913, 0.0844839669
0.4299954456, 0.5422419835
0.2149977228, 0.2711209917
0.6074988614, 0.6355604959
0.3037494307, 0.3177802479
0.6518747154, 0.1588901240
0.3259373577, 0.0794450620
0.6629686788, 0.5397225310
0.3314843394, 0.2698612655
0.6657421697, 0.1349306327
0.3328710849, 0.5674653164
0.1664355424, 0.7837326582
0.0832177712, 0.3918663291
0.5416088856, 0.6959331645
0.7708044428, 0.3479665823
0.3854022214, 0.1739832911
0.6927011107, 0.5869916456
0.3463505554, 0.7934958228
0.1731752777, 0.3967479114
0.0865876388, 0.1983739557
0.5432938194, 0.0991869778
0.7716469097, 0.5495934889
0.3858234549, 0.2747967445
0.1929117274, 0.6373983722
0.0964558637, 0.3186991861
0.0482279319, 0.6593495931
0.0241139659, 0.3296747965
0.0120569830, 0.6648373983
0.0060284915, 0.3324186991
0.0030142457, 0.6662093496
0.5015071229, 0.3331046748
0.2507535614, 0.1665523374
0.6253767807, 0.5832761687
0.8126883904, 0.2916380843
0.4063441952, 0.6458190422
0.2031720976, 0.3229095211
0.6015860488, 0.6614547605
0.8007930244, 0.3307273803
0.4003965122, 0.1653636901
0.7001982561, 0.0826818451
0.3500991280, 0.0413409225
0.6750495640, 0.0206704613
0.3375247820, 0.0103352306
0.6687623910, 0.0051676153
0.8343811955, 0.5025838077
0.4171905978, 0.7512919038
0.2085952989, 0.3756459519
0.6042976494, 0.6878229760
0.8021488247, 0.3439114880
0.4010744124, 0.6719557440
0.2005372062, 0.8359778720
0.6002686031, 0.4179889360
0.8001343015, 0.7089944680
0.9000671508, 0.3544972340
0.9500335754, 0.1772486170
0.4750167877, 0.5886243085
0.7375083938, 0.2943121542
0.8687541969, 0.1471560771
0.4343770985, 0.0735780386
0.2171885492, 0.5367890193
0.1085942746, 0.2683945096
0.5542971373, 0.6341972548
0.2771485687, 0.3170986274
0.1385742843, 0.6585493137
0.0692871422, 0.3292746569
0.0346435711, 0.1646373284
0.5173217855, 0.0823186642
0.2586608928, 0.5411593321
0.1293304464, 0.7705796661
0.0646652232, 0.8852898330
0.0323326116, 0.9426449165
0.5161663058, 0.9713224583
0.2580831529, 0.4856612291
0.1290415764, 0.7428306146
0.0645207882, 0.8714153073
0.5322603941, 0.9357076536
0.2661301971, 0.4678538268
0.1330650985, 0.2339269134
0.5665325493, 0.1169634567
0.7832662746, 0.5584817284
0.3916331373, 0.2792408642
0.1958165687, 0.6396204321
0.0979082843, 0.8198102160
0.0489541422, 0.9099051080
0.0244770711, 0.4549525540
0.0122385355, 0.2274762770
0.0061192678, 0.1137381385
0.5030596339, 0.0568690693
0.2515298169, 0.0284345346
0.6257649085, 0.0142172673
0.3128824542, 0.0071086337
0.6564412271, 0.5035543168
0.8282206136, 0.7517771584
0.9141103068, 0.3758885792
0.4570551534, 0.1879442896
0.2285275767, 0.0939721448
0.6142637883, 0.5469860724
0.8071318942, 0.2734930362
0.9035659471, 0.6367465181
0.9517829735, 0.3183732591
0.4758914868, 0.1591866295
0.2379457434, 0.0795933148
0.6189728717, 0.0397966574
0.8094864358, 0.5198983287
0.4047432179, 0.2599491643
0.2023716090, 0.6299745822
0.1011858045, 0.8149872911
0.0505929022, 0.9074936455
0.5252964511, 0.4537468228
0.7626482256, 0.2268734114
0.3813241128, 0.1134367057
0.6906620564, 0.0567183528
0.3453310282, 0.5283591764
0.1726655141, 0.7641795882
0.0863327570, 0.3820897941
0.5431663785, 0.6910448971
0.7715831893, 0.8455224485
0.8857915946, 0.4227612243
0.4428957973, 0.2113806121
0.2214478987, 0.1056903061
0.6107239493, 0.0528451530
0.3053619747, 0.0264225765
0.1526809873, 0.0132112883
0.5763404937, 0.0066056441
0.2881702468, 0.0033028221
0.1440851234, 0.0016514110
0.0720425617, 0.5008257055
0.0360212809, 0.2504128528
0.0180106404, 0.1252064264
0.5090053202, 0.0626032132
0.7545026601, 0.5313016066
0.8772513301, 0.7656508033
0.4386256650, 0.3828254016
0.7193128325, 0.6914127008
0.8596564163, 0.3457063504
0.4298282081, 0.6728531752
0.2149141041, 0.3364265876
0.1074570520, 0.1682132938
0.5537285260, 0.5841066469
0.7768642630, 0.7920533235
0.8884321315, 0.8960266617
0.9442160658, 0.9480133309
0.9721080329, 0.4740066654
0.9860540164, 0.2370033327
0.4930270082, 0.6185016664
0.7465135041, 0.3092508332
0.3732567521, 0.6546254166
0.1866283760, 0.3273127083
0.5933141880, 0.1636563541
0.2966570940, 0.0818281771
0.1483285470, 0.5409140885
0.0741642735, 0.7704570443
0.5370821368, 0.3852285221
0.7685410684, 0.6926142611
0.8842705342, 0.8463071305
0.4421352671, 0.4231535653
0.7210676335, 0.2115767826
0.8605338168, 0.6057883913
0.9302669084, 0.8028941957
0.9651334542, 0.9014470978
0.9825667271, 0.9507235489
0.4912833635, 0.9753617745
0.7456416818, 0.4876808872
0.3728208409, 0.2438404436
0.1864104204, 0.1219202218
0.0932052102, 0.5609601109
0.0466026051, 0.2804800555
0.0233013026, 0.6402400277
0.5116506513, 0.3201200139
0.7558253256, 0.1600600069
0.8779126628, 0.5800300035
0.9389563314, 0.7900150017
0.4694781657, 0.8950075009
0.7347390829, 0.4475037504
0.3673695414, 0.2237518752
0.6836847707, 0.6118759376
0.8418423854, 0.8059379688
0.9209211927, 0.9029689844
0.4604605963, 0.4514844922
0.7302302982, 0.7257422461
0.8651151491, 0.8628711231
0.4325575745, 0.4314355615
0.2162787873, 0.7157177808
0.1081393936, 0.3578588904
0.0540696968, 0.1789294452
0.5270348484, 0.0894647226
0.2635174242, 0.0447323613
0.1317587121, 0.0223661806
0.5658793561, 0.5111830903
0.2829396780, 0.7555915452
0.1414698390, 0.3777957726
0.0707349195, 0.6888978863
0.0353674598, 0.3444489431
0.5176837299, 0.6722244716
0.2588418649, 0.8361122358
0.1294209325, 0.9180561179
0.5647104662, 0.4590280589
0.2823552331, 0.7295140295
0.6411776166, 0.8647570147
0.3205888083, 0.4323785074
0.6602944041, 0.7161892537
0.8301472021, 0.8580946268
0.9150736010, 0.4290473134
0.4575368005, 0.7145236567
0.7287684003, 0.3572618284
0.8643842001, 0.6786309142
0.9321921001, 0.8393154571
0.9660960500, 0.9196577285
0.9830480250, 0.4598288643
0.4915240125, 0.2299144321
0.2457620063, 0.6149572161
0.6228810031, 0.8074786080
0.3114405016, 0.4037393040
0.6557202508, 0.7018696520
0.3278601254, 0.3509348260
0.6639300627, 0.1754674130
0.8319650313, 0.5877337065
0.4159825157, 0.7938668533
0.7079912578, 0.3969334266
0.3539956289, 0.1984667133
0.1769978145, 0.0992333567
0.0884989072, 0.0496166783
0.0442494536, 0.0248083392
0.5221247268, 0.5124041696
0.7610623634, 0.2562020848
0.8805311817, 0.6281010424
0.4402655909, 0.8140505212
0.2201327954, 0.9070252606
0.1100663977, 0.4535126303
0.0550331989, 0.2267563151
0.0275165994, 0.1133781576
0.5137582997, 0.0566890788
0.7568791499, 0.5283445394
0.3784395749, 0.7641722697
0.1892197875, 0.3820861348
0.5946098937, 0.1910430674
0.7973049469, 0.0955215337
0.8986524734, 0.5477607669
0.4493262367, 0.2738803834
0.2246631184, 0.6369401917
0.1123315592, 0.3184700959
0.5561657796, 0.6592350479
0.2780828898, 0.3296175240
0.6390414449, 0.1648087620
0.8195207224, 0.5824043810
0.4097603612, 0.2912021905
0.7048801806, 0.1456010952
0.3524400903, 0.0728005476
0.6762200452, 0.5364002738
0.3381100226, 0.2682001369
0.6690550113, 0.1341000685
0.3345275056, 0.5670500342
0.1672637528, 0.2835250171
0.0836318764, 0.1417625086
0.0418159382, 0.0708812543
0.5209079691, 0.5354406271
0.2604539846, 0.7677203136
0.1302269923, 0.8838601568
0.0651134961, 0.9419300784
0.0325567481, 0.4709650392
0.5162783740, 0.2354825196
0.7581391870, 0.1177412598
0.3790695935, 0.5588706299
0.1895347968, 0.2794353149
0.0947673984, 0.1397176575
0.5473836992, 0.5698588287
0.7736918496, 0.7849294144
0.8868459248, 0.3924647072
0.4434229624, 0.6962323536
0.2217114812, 0.3481161768
0.6108557406, 0.6740580884
0.3054278703, 0.3370290442
0.1527139351, 0.6685145221
0.0763569676, 0.3342572610
0.0381784838, 0.1671286305
0.5190892419, 0.0835643153
0.7595446209, 0.0417821576
0.8797723105, 0.5208910788
0.9398861552, 0.2604455394
0.4699430776, 0.1302227697
0.7349715388, 0.0651113849
0.8674857694, 0.0325556924
0.4337428847, 0.0162778462
0.2168714424, 0.0081389231
0.1084357212, 0.0040694616
0.0542178606, 0.5020347308
0.0271089303, 0.2510173654
0.0135544651, 0.6255086827
0.5067772326, 0.3127543413
0.7533886163, 0.6563771707
0.3766943081, 0.3281885853
0.1883471541, 0.6640942927
0.5941735770, 0.3320471463
0.7970867885, 0.6660235732
0.8985433943, 0.8330117866
0.4492716971, 0.4165058933
0.7246358486, 0.7082529466
0.8623179243, 0.3541264733
0.9311589621, 0.6770632367
0.9655794811, 0.8385316183
0.9827897405, 0.4192658092
0.9913948703, 0.2096329046
0.4956974351, 0.1048164523
0.2478487176, 0.5524082261
0.1239243588, 0.2762041131
0.5619621794, 0.6381020565
0.7809810897, 0.3190510283
0.8904905448, 0.6595255141
0.9452452724, 0.8297627571
0.4726226362, 0.4148813785
0.7363113181, 0.2074406893
0.3681556591, 0.6037203446
0.6840778295, 0.3018601723
0.8420389148, 0.1509300862
0.9210194574, 0.0754650431
0.4605097287, 0.5377325215
0.2302548643, 0.2688662608
0.6151274322, 0.1344331304
0.8075637161, 0.5672165652
0.9037818580, 0.7836082826
0.4518909290, 0.3918041413
0.2259454645, 0.6959020706
0.6129727323, 0.3479510353
0.3064863661, 0.1739755177
0.6532431831, 0.0869877588
0.8266215915, 0.0434938794
0.9133107958, 0.5217469397
0.9566553979, 0.7608734699
0.9783276989, 0.8804367349
0.4891638495, 0.9402183675
0.7445819247, 0.4701091837
0.8722909624, 0.7350545919
0.4361454812, 0.3675272959
0.7180727406, 0.6837636480
0.8590363703, 0.8418818240
0.9295181851, 0.9209409120
0.9647590926, 0.9604704560
0.9823795463, 0.9802352280
0.4911897731, 0.4901176140
0.2455948866, 0.7450588070
0.6227974433, 0.3725294035
0.8113987216, 0.6862647017
0.4056993608, 0.8431323509
0.7028496804, 0.4215661754
0.3514248402, 0.2107830877
0.6757124201, 0.1053915439
0.3378562101, 0.5526957719
0.6689281050, 0.7763478860
0.3344640525, 0.3881739430
0.6672320263, 0.6940869715
0.3336160131, 0.8470434857
0.6668080066, 0.9235217429
0.8334040033, 0.4617608714
0.9167020016, 0.7308804357
0.9583510008, 0.3654402179
0.9791755004, 0.1827201089
0.9895877502, 0.0913600545
0.9947938751, 0.0456800272
0.9973969376, 0.0228400136
0.4986984688, 0.0114200068
0.7493492344, 0.0057100034
0.8746746172, 0.5028550017
0.9373373086, 0.2514275009
0.9686686543, 0.6257137504
0.9843343271, 0.8128568752
0.4921671636, 0.4064284376
0.7460835818, 0.7032142188
0.8730417909, 0.3516071094
0.9365208954, 0.1758035547
0.9682604477, 0.5879017774
0.4841302239, 0.2939508887
0.7420651119, 0.1469754443
0.3710325560, 0.0734877222
0.1855162780, 0.5367438611
0.5927581390, 0.7683719305
0.7963790695, 0.3841859653
0.8981895347, 0.6920929826
0.9490947674, 0.8460464913
0.4745473837, 0.4230232457
0.2372736918, 0.2115116228
0.6186368459, 0.6057558114
0.3093184230, 0.3028779057
0.1546592115, 0.6514389529
0.0773296057, 0.8257194764
0.0386648029, 0.9128597382
0.0193324014, 0.4564298691
0.0096662007, 0.2282149346
0.5048331004, 0.6141074673
0.7524165502, 0.8070537336
0.3762082751, 0.4035268668
0.6881041375, 0.7017634334
0.8440520688, 0.8508817167
0.4220260344, 0.4254408584
0.7110130172, 0.2127204292
0.3555065086, 0.1063602146
0.1777532543, 0.0531801073
0.0888766271, 0.0265900536
0.5444383136, 0.5132950268
0.7722191568, 0.2566475134
0.8861095784, 0.6283237567
0.9430547892, 0.3141618784
0.9715273946, 0.6570809392
0.9857636973, 0.8285404696
0.9928818486, 0.4142702348
0.9964409243, 0.7071351174
0.9982204622, 0.8535675587
0.4991102311, 0.4267837793
0.2495551155, 0.7133918897
0.1247775578, 0.8566959448
0.0623887789, 0.4283479724
0.5311943894, 0.7141739862
0.2655971947, 0.8570869931
0.1327985974, 0.4285434966
0.0663992987, 0.2142717483
0.5331996493, 0.1071358741
0.2665998247, 0.0535679371
0.6332999123, 0.5267839685
0.8166499562, 0.2633919843
0.4083249781, 0.1316959921
0.7041624890, 0.0658479961
0.3520812445, 0.0329239980
0.6760406223, 0.5164619990
0.8380203111, 0.2582309995
0.4190101556, 0.1291154998
0.7095050778, 0.0645577499
0.3547525389, 0.5322788749
0.6773762694, 0.7661394375
0.3386881347, 0.3830697187
0.6693440674, 0.1915348594
0.8346720337, 0.5957674297
0.9173360168, 0.2978837148
0.9586680084, 0.6489418574
0.9793340042, 0.3244709287
0.9896670021, 0.1622354644
0.4948335011, 0.5811177322
0.2474167505, 0.7905588661
0.1237083753, 0.3952794330
0.5618541876, 0.6976397165
0.7809270938, 0.3488198583
0.3904635469, 0.1744099291
0.1952317735, 0.5872049646
0.0976158867, 0.2936024823
0.5488079434, 0.6468012411
0.2744039717, 0.3234006206
0.1372019858, 0.1617003103
0.5686009929, 0.0808501551
0.7843004965, 0.0404250776
0.3921502482, 0.5202125388
0.1960751241, 0.7601062694
0.5980375621, 0.3800531347
0.7990187810, 0.6900265673
0.8995093905, 0.8450132837
0.9497546953, 0.9225066418
0.4748773476, 0.4612533209
0.2374386738, 0.7306266605
0.1187193369, 0.3653133302
0.0593596685, 0.1826566651
0.5296798342, 0.0913283326
0.7648399171, 0.5456641663
0.8824199586, 0.7728320831
0.4412099793, 0.3864160416
0.2206049896, 0.1932080208
0.1103024948, 0.5966040104
0.5551512474, 0.2983020052
0.7775756237, 0.6491510026
0.8887878119, 0.8245755013
0.4443939059, 0.9122877506
0.2221969530, 0.9561438753
0.6110984765, 0.4780719377
0.8055492382, 0.7390359688
0.4027746191, 0.3695179844
0.7013873096, 0.1847589922
0.8506936548, 0.5923794961
0.9253468274, 0.7961897481
0.9626734137, 0.8980948740
0.9813367068, 0.9490474370
0.4906683534, 0.9745237185
0.7453341767, 0.4872618593
0.3726670884, 0.2436309296
0.1863335442, 0.1218154648
0.0931667721, 0.0609077324
0.0465833860, 0.0304538662
0.5232916930, 0.0152269331
0.2616458465, 0.0076134666
0.6308229233, 0.5038067333
0.3154114616, 0.2519033666
0.6577057308, 0.6259516833
0.8288528654, 0.3129758417
0.4144264327, 0.1564879208
0.2072132164, 0.5782439604
0.6036066082, 0.2891219802
0.8018033041, 0.1445609901
0.4009016520, 0.5722804951
0.2004508260, 0.7861402475
0.6002254130, 0.3930701238
0.3001127065, 0.6965350619
0.6500563533, 0.3482675309
0.3250281766, 0.1741337655
0.1625140883, 0.0870668827
0.5812570442, 0.5435334414
0.2906285221, 0.2717667207
0.6453142610, 0.1358833603
0.8226571305, 0.5679416802
0.4113285653, 0.7839708401
0.2056642826, 0.3919854200
0.1028321413, 0.1959927100
0.0514160707, 0.0979963550
0.0257080353, 0.0489981775
0.0128540177, 0.0244990888
