0.2500000000, 0.2500000000
0.6250000000, 0.6250000000
0.3125000000, 0.8125000000
0.1562500000, 0.4062500000
0.0781250000, 0.2031250000
0.0390625000, 0.1015625000
0.0195312500, 0.0507812500
0.5097656250, 0.5253906250
0.2548828125, 0.7626953125
0.1274414062, 0.3813476562
0.5637207031, 0.6906738281
0.7818603516, 0.8453369141
0.8909301758, 0.9226684570
0.9454650879, 0.4613342285
0.4727325439, 0.7306671143
0.2363662720, 0.3653335571
0.1181831360, 0.1826667786
0.5590915680, 0.5913333893
0.2795457840, 0.2956666946
0.6397728920, 0.1478333473
0.8198864460, 0.5739166737
0.4099432230, 0.2869583368
0.2049716115, 0.1434791684
0.6024858057, 0.0717395842
0.3012429029, 0.5358697921
0.1506214514, 0.7679348961
0.5753107257, 0.8839674480
0.2876553629, 0.4419837240
0.1438276814, 0.2209918620
0.5719138407, 0.1104959310
0.2859569204, 0.5552479655
0.1429784602, 0.2776239828
0.5714892301, 0.6388119914
0.2857446150, 0.3194059957
0.1428723075, 0.1597029978
0.5714361538, 0.5798514989
0.2857180769, 0.2899257495
0.6428590384, 0.1449628747
0.8214295192, 0.0724814374
0.4107147596, 0.5362407187
0.7053573798, 0.2681203593
0.3526786899, 0.1340601797
0.6763393450, 0.0670300898
0.8381696725, 0.5335150449
0.4190848362, 0.7667575225
0.2095424181, 0.3833787612
0.1047712091, 0.6916893806
0.5523856045, 0.3458446903
0.7761928023, 0.1729223452
0.3880964011, 0.5864611726
0.6940482006, 0.2932305863
0.8470241003, 0.6466152931
0.4235120501, 0.8233076466
0.2117560251, 0.9116538233
0.1058780125, 0.4558269116
0.0529390063, 0.7279134558
0.5264695031, 0.3639567279
0.7632347516, 0.6819783640
0.3816173758, 0.8409891820
0.6908086879, 0.4204945910
0.3454043439, 0.2102472955
0.6727021720, 0.1051236477
0.8363510860, 0.0525618239
0.9181755430, 0.5262809119
0.9590877715, 0.2631404560
0.4795438857, 0.1315702280
0.2397719429, 0.0657851140
0.6198859714, 0.0328925570
0.3099429857, 0.0164462785
0.6549714929, 0.5082231392
0.8274857464, 0.7541115696
0.4137428732, 0.8770557848
0.2068714366, 0.4385278924
0.1034357183, 0.7192639462
0.5517178592, 0.8596319731
0.2758589296, 0.4298159866
0.6379294648, 0.2149079933
0.8189647324, 0.1074539966
0.9094823662, 0.5537269983
0.4547411831, 0.7768634992
0.2273705915, 0.3884317496
0.6136852958, 0.6942158748
0.8068426479, 0.3471079374
0.4034213239, 0.1735539687
0.2017106620, 0.5867769843
0.6008553310, 0.2933884922
0.3004276655, 0.6466942461
0.1502138327, 0.3233471230
0.5751069164, 0.1616735615
0.2875534582, 0.0808367808
0.6437767291, 0.5404183904
0.8218883645, 0.7702091952
0.4109441823, 0.3851045976
0.2054720911, 0.1925522988
0.6027360456, 0.0962761494
0.3013680228, 0.0481380747
0.6506840114, 0.5240690373
0.3253420057, 0.7620345187
0.6626710028, 0.8810172593
0.3313355014, 0.4405086297
0.1656677507, 0.2202543148
0.0828338754, 0.6101271574
0.5414169377, 0.3050635787
0.7707084688, 0.1525317894
0.3853542344, 0.0762658947
0.6926771172, 0.5381329473
0.8463385586, 0.7690664737
0.4231692793, 0.3845332368
0.7115846397, 0.1922666184
0.8557923198, 0.0961333092
0.9278961599, 0.5480666546
0.4639480800, 0.2740333273
0.2319740400, 0.1370166637
0.6159870200, 0.0685083318
0.3079935100, 0.0342541659
0.6539967550, 0.0171270830
0.3269983775, 0.0085635415
0.6634991887, 0.5042817707
0.8317495944, 0.7521408854
0.4158747972, 0.3760704427
0.2079373986, 0.6880352213
0.6039686993, 0.3440176107
0.3019843496, 0.1720088053
0.1509921748, 0.5860044027
0.0754960874, 0.2930022013
0.5377480437, 0.1465011007
0.2688740219, 0.5732505503
0.6344370109, 0.2866252752
0.8172185055, 0.6433126376
0.4086092527, 0.3216563188
0.2043046264, 0.1608281594
0.1021523132, 0.0804140797
0.0510761566, 0.5402070398
0.0255380783, 0.7701035199
0.5127690391, 0.8850517600
0.2563845196, 0.4425258800
0.1281922598, 0.2212629400
0.0640961299, 0.6106314700
0.5320480649, 0.3053157350
0.7660240325, 0.6526578675
0.3830120162, 0.8263289337
0.1915060081, 0.4131644669
0.0957530041, 0.2065822334
0.0478765020, 0.6032911167
0.5239382510, 0.3016455584
0.7619691255, 0.6508227792
0.3809845628, 0.8254113896
0.6904922814, 0.4127056948
0.3452461407, 0.7063528474
0.1726230703, 0.3531764237
0.0863115352, 0.6765882118
0.0431557676, 0.3382941059
0.0215778838, 0.6691470530
0.5107889419, 0.3345735265
0.2553944709, 0.6672867632
0.6276972355, 0.8336433816
0.3138486177, 0.9168216908
0.1569243089, 0.4584108454
0.0784621544, 0.2292054227
0.0392310772, 0.6146027114
0.0196155386, 0.8073013557
0.5098077693, 0.4036506778
0.7549038847, 0.7018253389
0.3774519423, 0.3509126695
0.1887259712, 0.1754563347
0.5943629856, 0.5877281674
0.2971814928, 0.7938640837
0.1485907464, 0.3969320418
0.0742953732, 0.1984660209
0.0371476866, 0.5992330105
0.0185738433, 0.7996165052
0.0092869216, 0.3998082526
0.0046434608, 0.1999041263
0.5023217304, 0.0999520632
0.7511608652, 0.5499760316
0.3755804326, 0.7749880158
0.1877902163, 0.3874940079
0.0938951082, 0.1937470039
0.5469475541, 0.5968735020
0.2734737770, 0.7984367510
0.1367368885, 0.8992183755
0.0683684443, 0.4496091877
0.0341842221, 0.2248045939
0.0170921111, 0.1124022969
0.0085460555, 0.5562011485
0.0042730278, 0.2781005742
0.0021365139, 0.1390502871
0.5010682569, 0.0695251436
0.2505341285, 0.0347625718
0.1252670642, 0.0173812859
0.5626335321, 0.0086906429
0.2813167661, 0.0043453215
0.1406583830, 0.0021726607
0.0703291915, 0.0010863304
0.0351645958, 0.5005431652
0.0175822979, 0.2502715826
0.0087911489, 0.1251357913
0.0043955745, 0.5625678956
0.5021977872, 0.2812839478
0.2510988936, 0.1406419739
0.1255494468, 0.5703209870
0.5627747234, 0.2851604935
0.2813873617, 0.1425802467
0.1406936809, 0.5712901234
0.0703468404, 0.2856450617
0.0351734202, 0.1428225308
0.0175867101, 0.5714112654
0.5087933551, 0.7857056327
0.2543966775, 0.3928528164
0.1271983388, 0.1964264082
0.0635991694, 0.0982132041
0.0317995847, 0.5491066020
0.0158997923, 0.2745533010
0.0079498962, 0.1372766505
0.0039749481, 0.0686383253
0.0019874740, 0.5343191626
0.0009937370, 0.2671595813
0.5004968685, 0.1335797907
0.2502484343, 0.5667898953
0.1251242171, 0.2833949477
0.0625621086, 0.6416974738
0.0312810543, 0.8208487369
0.0156405271, 0.9104243685
0.0078202636, 0.4552121842
0.0039101318, 0.2276060921
0.0019550659, 0.1138030461
0.5009775329, 0.0569015230
0.2504887665, 0.0284507615
0.1252443832, 0.0142253808
0.5626221916, 0.5071126904
0.7813110958, 0.2535563452
0.3906555479, 0.1267781726
0.1953277740, 0.0633890863
0.5976638870, 0.0316945431
0.2988319435, 0.0158472716
0.1494159717, 0.5079236358
0.0747079859, 0.7539618179
0.0373539929, 0.3769809089
0.0186769965, 0.1884904545
0.0093384982, 0.5942452272
0.0046692491, 0.2971226136
0.5023346246, 0.1485613068
0.2511673123, 0.5742806534
0.1255836561, 0.7871403267
0.0627918281, 0.3935701634
0.0313959140, 0.1967850817
0.0156979570, 0.0983925408
0.5078489785, 0.0491962704
0.7539244893, 0.5245981352
0.8769622446, 0.7622990676
0.4384811223, 0.3811495338
0.7192405612, 0.6905747669
0.8596202806, 0.8452873835
0.4298101403, 0.4226436917
0.7149050701, 0.7113218459
0.3574525351, 0.3556609229
0.1787262675, 0.1778304615
0.5893631338, 0.5889152307
0.7946815669, 0.7944576154
0.3973407834, 0.8972288077
0.1986703917, 0.4486144038
0.0993351959, 0.2243072019
0.5496675979, 0.6121536010
0.7748337990, 0.3060768005
0.3874168995, 0.1530384002
0.6937084497, 0.5765192001
0.3468542249, 0.2882596001
0.6734271124, 0.6441298000
0.3367135562, 0.3220649000
0.1683567781, 0.1610324500
0.5841783891, 0.0805162250
0.7920891945, 0.0402581125
0.3960445973, 0.5201290563
0.1980222986, 0.2600645281
0.0990111493, 0.1300322641
0.5495055747, 0.0650161320
0.2747527873, 0.0325080660
0.1373763937, 0.0162540330
0.0686881968, 0.5081270165
0.5343440984, 0.2540635083
0.7671720492, 0.1270317541
0.8835860246, 0.5635158771
0.4417930123, 0.2817579385
0.2208965062, 0.6408789693
0.1104482531, 0.8204394846
0.0552241265, 0.4102197423
0.0276120633, 0.2051098712
0.0138060316, 0.1025549356
0.5069030158, 0.5512774678
0.7534515079, 0.7756387339
0.3767257540, 0.3878193669
0.1883628770, 0.6939096835
0.5941814385, 0.3469548417
0.2970907192, 0.6734774209
0.6485453596, 0.3367387104
0.8242726798, 0.6683693552
0.9121363399, 0.3341846776
0.4560681700, 0.1670923388
0.2280340850, 0.5835461694
0.1140170425, 0.7917730847
0.0570085212, 0.3958865424
0.5285042606, 0.1979432712
0.2642521303, 0.0989716356
0.1321260652, 0.0494858178
0.0660630326, 0.0247429089
0.5330315163, 0.0123714544
0.7665157581, 0.0061857272
0.3832578791, 0.5030928636
0.1916289395, 0.2515464318
0.5958144698, 0.1257732159
0.7979072349, 0.5628866080
0.8989536174, 0.7814433040
0.4494768087, 0.8907216520
0.2247384044, 0.4453608260
0.1123692022, 0.7226804130
0.0561846011, 0.3613402065
0.5280923005, 0.1806701032
0.2640461503, 0.0903350516
0.6320230751, 0.0451675258
0.3160115376, 0.0225837629
0.6580057688, 0.0112918815
0.8290028844, 0.5056459407
0.9145014422, 0.7528229704
0.9572507211, 0.8764114852
0.4786253605, 0.4382057426
0.2393126803, 0.2191028713
0.1196563401, 0.1095514356
0.5598281701, 0.5547757178
0.2799140850, 0.2773878589
0.1399570425, 0.6386939295
0.0699785213, 0.3193469647
0.0349892606, 0.1596734824
0.5174946303, 0.0798367412
0.7587473152, 0.5399183706
0.3793736576, 0.7699591853
0.6896868288, 0.8849795926
0.8448434144, 0.9424897963
0.9224217072, 0.4712448982
0.4612108536, 0.2356224491
0.2306054268, 0.1178112245
0.6153027134, 0.5589056123
0.3076513567, 0.2794528061
0.1538256783, 0.1397264031
0.5769128392, 0.0698632015
0.7884564196, 0.0349316008
0.8942282098, 0.5174658004
0.9471141049, 0.7587329002
0.9735570524, 0.8793664501
0.9867785262, 0.9396832250
0.4933892631, 0.4698416125
0.7466946316, 0.7349208063
0.8733473158, 0.8674604031
0.4366736579, 0.4337302016
0.2183368289, 0.7168651008
0.6091684145, 0.3584325504
0.3045842072, 0.6792162752
0.1522921036, 0.3396081376
0.5761460518, 0.6698040688
0.2880730259, 0.3349020344
0.6440365130, 0.1674510172
0.8220182565, 0.5837255086
0.9110091282, 0.2918627543
0.9555045641, 0.1459313771
0.4777522821, 0.5729656886
0.7388761410, 0.2864828443
0.3694380705, 0.1432414221
0.6847190353, 0.5716207111
0.8423595176, 0.2858103555
0.4211797588, 0.1429051778
0.2105898794, 0.0714525889
0.1052949397, 0.5357262944
0.0526474699, 0.2678631472
0.0263237349, 0.1339315736
0.5131618675, 0.5669657868
0.2565809337, 0.2834828934
0.6282904669, 0.6417414467
0.3141452334, 0.3208707234
0.1570726167, 0.1604353617
0.0785363084, 0.5802176808
0.0392681542, 0.7901088404
0.0196340771, 0.8950544202
0.5098170385, 0.4475272101
0.2549085193, 0.2237636051
0.6274542596, 0.1118818025
0.8137271298, 0.5559409013
0.9068635649, 0.2779704506
0.4534317825, 0.6389852253
0.7267158912, 0.3194926127
0.3633579456, 0.6597463063
0.1816789728, 0.8298731532
0.5908394864, 0.4149365766
0.7954197432, 0.7074682883
0.8977098716, 0.3537341441
0.9488549358, 0.6768670721
0.4744274679, 0.3384335360
0.2372137340, 0.6692167680
0.1186068670, 0.8346083840
0.0593034335, 0.9173041920
0.0296517167, 0.4586520960
0.5148258584, 0.7293260480
0.2574129292, 0.3646630240
0.6287064646, 0.1823315120
0.8143532323, 0.5911657560
0.4071766161, 0.2955828780
0.7035883081, 0.6477914390
0.8517941540, 0.3238957195
0.9258970770, 0.6619478598
0.4629485385, 0.8309739299
0.2314742693, 0.4154869649
0.6157371346, 0.7077434825
0.8078685673, 0.8538717412
0.9039342837, 0.4269358706
0.9519671418, 0.2134679353
0.4759835709, 0.6067339677
0.7379917855, 0.3033669838
0.3689958927, 0.1516834919
0.6844979464, 0.0758417460
0.8422489732, 0.5379208730
0.4211244866, 0.7689604365
0.7105622433, 0.3844802182
0.3552811216, 0.6922401091
0.6776405608, 0.3461200546
0.3388202804, 0.6730600273
0.1694101402, 0.3365300136
0.5847050701, 0.6682650068
0.2923525351, 0.8341325034
0.1461762675, 0.9170662517
0.0730881338, 0.4585331259
0.0365440669, 0.2292665629
0.5182720334, 0.6146332815
0.7591360167, 0.8073166407
0.8795680084, 0.9036583204
0.4397840042, 0.4518291602
0.2198920021, 0.7259145801
0.1099460010, 0.3629572900
0.0549730005, 0.1814786450
0.0274865003, 0.5907393225
0.0137432501, 0.2953696613
0.0068716251, 0.1476848306
0.5034358125, 0.0738424153
0.7517179063, 0.0369212077
0.3758589531, 0.0184606038
0.6879294766, 0.5092303019
0.3439647383, 0.2546151510
0.6719823691, 0.6273075755
0.8359911846, 0.8136537877
0.9179955923, 0.9068268939
0.4589977961, 0.4534134469
0.2294988981, 0.2267067235
0.1147494490, 0.1133533617
0.0573747245, 0.5566766809
0.0286873623, 0.2783383404
0.0143436811, 0.6391691702
0.5071718406, 0.3195845851
0.2535859203, 0.6597922926
0.1267929601, 0.3298961463
0.0633964801, 0.1649480731
0.0316982400, 0.0824740366
0.5158491200, 0.0412370183
0.7579245600, 0.5206185091
0.8789622800, 0.7603092546
0.4394811400, 0.3801546273
0.2197405700, 0.1900773136
0.1098702850, 0.5950386568
0.0549351425, 0.2975193284
0.0274675713, 0.1487596642
0.5137337856, 0.0743798321
0.2568668928, 0.0371899161
0.1284334464, 0.5185949580
0.0642167232, 0.2592974790
0.0321083616, 0.6296487395
0.5160541808, 0.8148243698
0.2580270904, 0.4074121849
0.6290135452, 0.2037060924
0.3145067726, 0.1018530462
0.6572533863, 0.5509265231
0.3286266932, 0.2754632616
0.6643133466, 0.1377316308
0.3321566733, 0.5688658154
0.1660783366, 0.7844329077
0.0830391683, 0.8922164538
0.0415195842, 0.4461082269
0.5207597921, 0.7230541135
0.7603798960, 0.3615270567
0.3801899480, 0.1807635284
0.1900949740, 0.5903817642
0.0950474870, 0.7951908821
0.5475237435, 0.8975954410
0.2737618718, 0.9487977205
0.6368809359, 0.9743988603
0.3184404679, 0.9871994301
0.1592202340, 0.9935997151
0.0796101170, 0.9967998575
0.5398050585, 0.4983999288
0.7699025292, 0.7491999644
0.3849512646, 0.3745999822
0.6924756323, 0.1872999911
0.3462378162, 0.0936499955
0.1731189081, 0.0468249978
0.5865594540, 0.5234124989
0.2932797270, 0.7617062494
0.6466398635, 0.3808531247
0.8233199318, 0.6904265624
0.9116599659, 0.8452132812
0.4558299829, 0.9226066406
0.2279149915, 0.9613033203
0.1139574957, 0.4806516601
0.0569787479, 0.7403258301
0.5284893739, 0.3701629150
0.2642446870, 0.1850814575
0.6321223435, 0.0925407288
0.3160611717, 0.5462703644
0.1580305859, 0.2731351822
0.5790152929, 0.1365675911
0.2895076465, 0.5682837955
0.1447538232, 0.2841418978
0.0723769116, 0.6420709489
0.0361884558, 0.8210354744
0.0180942279, 0.4105177372
0.0090471140, 0.7052588686
0.0045235570, 0.8526294343
0.0022617785, 0.9263147172
0.0011308892, 0.4631573586
0.0005654446, 0.7315786793
0.0002827223, 0.3657893396
0.5001413612, 0.6828946698
0.7500706806, 0.3414473349
0.3750353403, 0.1707236675
0.6875176701, 0.0853618337
0.3437588351, 0.0426809169
0.6718794175, 0.0213404584
0.3359397088, 0.0106702292
0.1679698544, 0.0053351146
0.0839849272, 0.5026675573
0.0419924636, 0.2513337787
0.5209962318, 0.6256668893
0.2604981159, 0.8128334447
0.1302490579, 0.4064167223
0.5651245290, 0.7032083612
0.7825622645, 0.8516041806
0.8912811322, 0.9258020903
0.9456405661, 0.4629010451
0.9728202831, 0.7314505226
0.9864101415, 0.8657252613
0.4932050708, 0.4328626306
0.2466025354, 0.2164313153
0.6233012677, 0.1082156577
0.8116506338, 0.5541078288
0.4058253169, 0.7770539144
0.2029126585, 0.3885269572
0.6014563292, 0.1942634786
0.8007281646, 0.0971317393
0.9003640823, 0.5485658697
0.9501820412, 0.7742829348
0.4750910206, 0.3871414674
0.7375455103, 0.1935707337
0.8687727551, 0.5967853669
0.9343863776, 0.7983926834
0.9671931888, 0.3991963417
0.4835965944, 0.6995981709
0.2417982972, 0.3497990854
0.1208991486, 0.1748995427
0.5604495743, 0.5874497714
0.7802247871, 0.2937248857
0.3901123936, 0.1468624428
0.1950561968, 0.5734312214
0.5975280984, 0.2867156107
0.2987640492, 0.1433578054
0.6493820246, 0.5716789027
0.8246910123, 0.2858394513
0.9123455061, 0.1429197257
0.9561727531, 0.5714598628
0.4780863765, 0.7857299314
0.2390431883, 0.8928649657
0.1195215941, 0.4464324829
0.5597607971, 0.2232162414
0.7798803985, 0.6116081207
0.3899401993, 0.3058040604
0.6949700996, 0.1529020302
0.8474850498, 0.5764510151
0.9237425249, 0.7882255075
0.9618712625, 0.3941127538
0.4809356312, 0.1970563769
0.7404678156, 0.5985281884
0.3702339078, 0.2992640942
0.6851169539, 0.6496320471
0.3425584770, 0.8248160236
0.1712792385, 0.9124080118
0.0856396192, 0.4562040059
0.5428198096, 0.7281020029
0.7714099048, 0.8640510015
0.3857049524, 0.4320255007
0.6928524762, 0.2160127504
0.8464262381, 0.6080063752
0.9232131191, 0.3040031876
0.4616065595, 0.6520015938
0.2308032798, 0.3260007969
0.1154016399, 0.1630003984
0.5577008199, 0.0815001992
0.2788504100, 0.0407500996
0.6394252050, 0.0203750498
0.8197126025, 0.5101875249
0.9098563012, 0.2550937625
0.4549281506, 0.1275468812
0.7274640753, 0.0637734406
0.3637320377, 0.0318867203
0.6818660188, 0.0159433602
0.3409330094, 0.5079716801
0.1704665047, 0.2539858400
0.5852332524, 0.6269929200
0.7926166262, 0.8134964600
0.3963083131, 0.9067482300
0.1981541565, 0.9533741150
0.0990770783, 0.9766870575
0.5495385391, 0.9883435288
0.2747692696, 0.4941717644
0.1373846348, 0.2470858822
0.0686923174, 0.6235429411
0.0343461587, 0.3117714705
0.0171730793, 0.1558857353
0.0085865397, 0.5779428676
0.0042932698, 0.2889714338
0.0021466349, 0.1444857169
0.5010733175, 0.0722428585
0.7505366587, 0.5361214292
0.3752683294, 0.7680607146
0.1876341647, 0.3840303573
0.5938170823, 0.1920151787
0.2969085412, 0.5960075893
0.1484542706, 0.2980037947
0.5742271353, 0.6490018973
0.2871135676, 0.8245009487
0.1435567838, 0.4122504743
0.5717783919, 0.7061252372
0.7858891960, 0.3530626186
0.3929445980, 0.1765313093
0.1964722990, 0.0882656546
0.5982361495, 0.0441328273
0.2991180747, 0.5220664137
0.6495590374, 0.2610332068
0.8247795187, 0.6305166034
0.9123897593, 0.8152583017
0.9561948797, 0.4076291509
0.4780974398, 0.2038145754
0.2390487199, 0.6019072877
0.1195243600, 0.3009536439
0.0597621800, 0.1504768219
0.5298810900, 0.0752384110
0.2649405450, 0.0376192055
0.6324702725, 0.5188096027
0.3162351362, 0.2594048014
0.1581175681, 0.1297024007
0.5790587841, 0.5648512003
0.7895293920, 0.7824256002
0.3947646960, 0.8912128001
0.1973823480, 0.9456064000
0.5986911740, 0.4728032000
0.7993455870, 0.7364016000
0.8996727935, 0.3682008000
0.9498363968, 0.1841004000
0.4749181984, 0.0920502000
0.2374590992, 0.5460251000
0.1187295496, 0.2730125500
0.5593647748, 0.6365062750
0.2796823874, 0.3182531375
0.1398411937, 0.1591265688
0.0699205968, 0.0795632844
0.5349602984, 0.0397816422
0.2674801492, 0.5198908211
0.1337400746, 0.2599454105
0.0668700373, 0.1299727053
0.5334350187, 0.0649863526
0.2667175093, 0.0324931763
0.1333587547, 0.5162465882
0.0666793773, 0.2581232941
0.5333396887, 0.1290616470
0.7666698443, 0.5645308235
0.8833349222, 0.7822654118
0.9416674611, 0.8911327059
0.4708337305, 0.9455663529
0.2354168653, 0.9727831765
0.1177084326, 0.9863915882
0.5588542163, 0.9931957941
0.2794271082, 0.4965978971
0.1397135541, 0.2482989485
0.0698567770, 0.1241494743
0.0349283885, 0.5620747371
0.0174641943, 0.2810373686
0.5087320971, 0.1405186843
0.2543660486, 0.0702593421
0.1271830243, 0.5351296711
0.5635915121, 0.2675648355
0.2817957561, 0.1337824178
0.1408978780, 0.5668912089
0.5704489390, 0.7834456044
0.7852244695, 0.8917228022
0.3926122348, 0.4458614011
0.1963061174, 0.7229307006
0.0981530587, 0.3614653503
0.0490765293, 0.6807326751
0.0245382647, 0.3403663376
0.0122691323, 0.1701831688
0.5061345662, 0.5850915844
0.2530672831, 0.2925457922
0.1265336415, 0.1462728961
0.5632668208, 0.0731364480
0.2816334104, 0.5365682240
0.6408167052, 0.2682841120
0.8204083526, 0.6341420560
0.4102041763, 0.3170710280
0.2051020881, 0.1585355140
0.6025510441, 0.0792677570
0.8012755220, 0.5396338785
0.4006377610, 0.7698169393
0.7003188805, 0.8849084696
0.8501594403, 0.4424542348
0.4250797201, 0.2212271174
0.7125398601, 0.1106135587
0.8562699300, 0.5553067794
0.4281349650, 0.7776533897
0.2140674825, 0.8888266948
0.1070337413, 0.4444133474
0.5535168706, 0.2222066737
0.2767584353, 0.1111033369
0.1383792177, 0.0555516684
0.0691896088, 0.5277758342
0.5345948044, 0.7638879171
0.7672974022, 0.8819439586
0.8836487011, 0.4409719793
0.9418243506, 0.7204859896
0.9709121753, 0.3602429948
0.4854560876, 0.6801214974
0.7427280438, 0.3400607487
0.8713640219, 0.6700303744
0.4356820110, 0.8350151872
0.2178410055, 0.9175075936
0.1089205027, 0.9587537968
0.5544602514, 0.9793768984
0.7772301257, 0.9896884492
0.8886150628, 0.4948442246
0.4443075314, 0.2474221123
0.7221537657, 0.6237110561
0.8610768829, 0.3118555281
0.9305384414, 0.6559277640
0.9652692207, 0.3279638820
0.9826346104, 0.1639819410
0.4913173052, 0.5819909705
0.2456586526, 0.2909954853
0.1228293263, 0.6454977426
0.0614146631, 0.3227488713
0.5307073316, 0.6613744357
0.2653536658, 0.3306872178
0.6326768329, 0.1653436089
0.8163384164, 0.5826718045
0.9081692082, 0.7913359022
0.9540846041, 0.8956679511
0.9770423021, 0.4478339756
0.4885211510, 0.7239169878
0.7442605755, 0.3619584939
0.8721302878, 0.6809792469
0.4360651439, 0.8404896235
0.2180325719, 0.9202448117
0.1090162860, 0.4601224059
0.0545081430, 0.7300612029
0.5272540715, 0.3650306015
0.7636270357, 0.6825153007
0.8818135179, 0.8412576504
0.4409067589, 0.4206288252
0.2204533795, 0.7103144126
0.1102266897, 0.8551572063
0.5551133449, 0.4275786031
0.7775566724, 0.7137893016
0.3887783362, 0.8568946508
0.1943891681, 0.4284473254
0.5971945841, 0.7142236627
0.2985972920, 0.3571118313
0.1492986460, 0.1785559157
0.0746493230, 0.0892779578
0.0373246615, 0.5446389789
0.0186623308, 0.2723194895
0.0093311654, 0.1361597447
0.5046655827, 0.5680798724
0.2523327913, 0.2840399362
0.6261663957, 0.6420199681
0.8130831978, 0.3210099840
0.4065415989, 0.1605049920
0.7032707995, 0.0802524960
0.3516353997, 0.0401262480
0.1758176999, 0.5200631240
0.5879088499, 0.2600315620
0.2939544250, 0.1300157810
0.6469772125, 0.0650078905
0.8234886062, 0.0325039453
0.9117443031, 0.0162519726
0.9558721516, 0.0081259863
0.4779360758, 0.0040629932
0.2389680379, 0.0020314966
0.6194840189, 0.5010157483
0.8097420095, 0.7505078741
0.4048710047, 0.3752539371
0.2024355024, 0.1876269685
0.6012177512, 0.5938134843
0.8006088756, 0.7969067421
0.9003044378, 0.8984533711
0.4501522189, 0.4492266855
0.2250761094, 0.2246133428
0.1125380547, 0.1123066714
0.0562690274, 0.0561533357
0.5281345137, 0.0280766678
0.2640672568, 0.0140383339
0.6320336284, 0.0070191670
0.8160168142, 0.0035095835
0.4080084071, 0.0017547917
0.2040042036, 0.0008773959
0.1020021018, 0.0004386979
0.0510010509, 0.0002193490
0.5255005254, 0.0001096745
0.7627502627, 0.5000548372
0.8813751314, 0.7500274186
0.9406875657, 0.8750137093
0.4703437828, 0.4375068547
0.2351718914, 0.2187534273
0.1175859457, 0.6093767137
0.0587929729, 0.8046883568
0.5293964864, 0.4023441784
0.2646982432, 0.7011720892
0.6323491216, 0.3505860446
0.8161745608, 0.6752930223
0.4080872804, 0.3376465112
0.2040436402, 0.6688232556
0.6020218201, 0.3344116278
0.8010109101, 0.6672058139
0.9005054550, 0.8336029069
0.4502527275, 0.4168014535
0.2251263638, 0.2084007267
0.1125631819, 0.6042003634
0.5562815909, 0.3021001817
0.7781407955, 0.6510500908
0.3890703977, 0.8255250454
0.6945351989, 0.4127625227
0.3472675994, 0.2063812614
0.1736337997, 0.1031906307
0.5868168999, 0.5515953153
0.2934084499, 0.7757976577
0.1467042250, 0.3878988288
0.0733521125, 0.6939494144
0.0366760562, 0.3469747072
0.5183380281, 0.1734873536
0.7591690141, 0.0867436768
0.8795845070, 0.5433718384
0.4397922535, 0.2716859192
0.2198961268, 0.1358429596
0.6099480634, 0.5679214798
0.3049740317, 0.2839607399
0.1524870158, 0.1419803700
0.5762435079, 0.0709901850
0.7881217540, 0.5354950925
0.3940608770, 0.7677475462
0.6970304385, 0.3838737731
0.3485152192, 0.6919368866
0.1742576096, 0.3459684433
0.5871288048, 0.1729842216
0.7935644024, 0.5864921108
0.3967822012, 0.7932460554
0.6983911006, 0.3966230277
0.3491955503, 0.1983115139
0.1745977752, 0.5991557569
0.5872988876, 0.7995778785
0.7936494438, 0.8997889392
0.8968247219, 0.9498944696
0.9484123609, 0.9749472348
0.4742061805, 0.4874736174
0.2371030902, 0.2437368087
0.1185515451, 0.6218684044
0.0592757726, 0.3109342022
0.0296378863, 0.1554671011
0.5148189431, 0.5777335505
0.2574094716, 0.7888667753
0.1287047358, 0.3944333876
0.5643523679, 0.6972166938
0.7821761839, 0.8486083469
0.8910880920, 0.9243041735
0.4455440460, 0.4621520867
0.7227720230, 0.2310760434
0.8613860115, 0.1155380217
0.4306930057, 0.0577690108
0.2153465029, 0.5288845054
0.6076732514, 0.2644422527
0.8038366257, 0.1322211264
0.9019183129, 0.5661105632
0.4509591564, 0.7830552816
0.2254795782, 0.3915276408
0.1127397891, 0.6957638204
0.5563698946, 0.8478819102
0.7781849473, 0.4239409551
0.8890924736, 0.7119704775
0.4445462368, 0.8559852388
0.2222731184, 0.4279926194
0.6111365592, 0.7139963097
0.8055682796, 0.8569981548
0.9027841398, 0.9284990774
0.4513920699, 0.4642495387
0.7256960350, 0.2321247694
0.3628480175, 0.1160623847
0.1814240087, 0.0580311923
0.5907120044, 0.0290155962
0.7953560022, 0.0145077981
0.8976780011, 0.5072538990
0.9488390005, 0.7536269495
0.4744195003, 0.8768134748
0.2372097501, 0.4384067374
0.6186048751, 0.7192033687
0.8093024375, 0.8596016843
0.9046512188, 0.9298008422
0.4523256094, 0.9649004211
0.7261628047, 0.4824502105
0.3630814023, 0.7412251053
0.1815407012, 0.3706125526
0.0907703506, 0.1853062763
0.0453851753, 0.0926531382
0.5226925876, 0.0463265691
0.2613462938, 0.0231632845
0.6306731469, 0.5115816423
0.3153365735, 0.2557908211
0.1576682867, 0.6278954106
0.0788341434, 0.8139477053
0.0394170717, 0.4069738526
0.5197085358, 0.7034869263
0.7598542679, 0.3517434632
0.3799271340, 0.1758717316
0.1899635670, 0.0879358658
0.5949817835, 0.0439679329
0.7974908917, 0.0219839664
0.3987454459, 0.5109919832
0.1993727229, 0.2554959916
0.0996863615, 0.1277479958
0.0498431807, 0.0638739979
0.5249215904, 0.0319369990
0.2624607952, 0.0159684995
0.6312303976, 0.5079842497
0.3156151988, 0.2539921249
0.6578075994, 0.1269960624
0.3289037997, 0.5634980312
0.1644518998, 0.7817490156
0.0822259499, 0.3908745078
0.5411129750, 0.6954372539
0.7705564875, 0.3477186270
0.8852782437, 0.6738593135
0.9426391219, 0.8369296567
0.4713195609, 0.9184648284
0.7356597805, 0.9592324142
0.3678298902, 0.4796162071
0.6839149451, 0.2398081035
0.8419574726, 0.6199040518
0.4209787363, 0.3099520259
0.2104893681, 0.6549760129
0.1052446841, 0.3274880065
0.0526223420, 0.6637440032
0.0263111710, 0.3318720016
0.5131555855, 0.1659360008
0.2565777928, 0.0829680004
0.1282888964, 0.5414840002
0.5641444482, 0.2707420001
0.2820722241, 0.1353710001
0.6410361120, 0.5676855000
0.8205180560, 0.2838427500
0.4102590280, 0.6419213750
0.2051295140, 0.3209606875
0.6025647570, 0.6604803438
0.8012823785, 0.3302401719
0.4006411893, 0.1651200859
0.7003205946, 0.0825600430
0.3501602973, 0.0412800215
0.6750801487, 0.0206400107
0.3375400743, 0.0103200054
0.6687700372, 0.0051600027
0.8343850186, 0.5025800013
0.9171925093, 0.2512900007
0.4585962546, 0.1256450003
0.7292981273, 0.5628225002
0.3646490637, 0.7814112501
0.1823245318, 0.8907056250
0.0911622659, 0.9453528125
0.5455811330, 0.4726764063
0.7727905665, 0.7363382031
0.8863952832, 0.3681691016
0.9431976416, 0.1840845508
0.4715988208, 0.5920422754
0.7357994104, 0.2960211377
0.8678997052, 0.1480105688
0.4339498526, 0.0740052844
0.2169749263, 0.5370026422
0.1084874632, 0.2685013211
0.5542437316, 0.6342506606
0.2771218658, 0.3171253303
0.6385609329, 0.1585626651
0.3192804664, 0.0792813326
0.1596402332, 0.0396406663
0.5798201166, 0.0198203331
0.2899100583, 0.5099101666
0.1449550292, 0.7549550833
0.0724775146, 0.8774775416
0.0362387573, 0.9387387708
0.5181193786, 0.9693693854
0.2590596893, 0.4846846927
0.1295298447, 0.7423423464
0.0647649223, 0.8711711732
0.5323824612, 0.9355855866
0.2661912306, 0.4677927933
0.1330956153, 0.2338963966
0.0665478076, 0.6169481983
0.5332739038, 0.8084740992
0.2666369519, 0.4042370496
0.1333184760, 0.7021185248
0.0666592380, 0.8510592624
0.0333296190, 0.9255296312
0.0166648095, 0.4627648156
0.0083324047, 0.2313824078
0.0041662024, 0.6156912039
0.5020831012, 0.3078456019
0.7510415506, 0.6539228010
0.8755207753, 0.3269614005
0.4377603876, 0.1634807002
0.7188801938, 0.5817403501
0.8594400969, 0.7908701751
0.9297200485, 0.3954350875
0.4648600242, 0.1977175438
0.2324300121, 0.0988587719
0.6162150061, 0.5494293859
0.8081075030, 0.2747146930
0.9040537515, 0.6373573465
0.9520268758, 0.3186786732
0.4760134379, 0.1593393366
0.2380067189, 0.0796696683
0.1190033595, 0.5398348342
0.5595016797, 0.7699174171
0.2797508399, 0.3849587085
0.1398754199, 0.6924793543
0.0699377100, 0.8462396771
0.0349688550, 0.9231198386
0.5174844275, 0.4615599193
0.7587422137, 0.2307799596
0.3793711069, 0.1153899798
0.6896855534, 0.0576949899
0.3448427767, 0.5288474950
0.1724213884, 0.7644237475
0.5862106942, 0.3822118737
0.7931053471, 0.6911059369
0.8965526735, 0.8455529684
0.4482763368, 0.4227764842
0.2241381684, 0.2113882421
0.1120690842, 0.1056941211
0.5560345421, 0.0528470605
0.2780172710, 0.0264235303
0.1390086355, 0.0132117651
0.0695043178, 0.5066058826
0.0347521589, 0.2533029413
0.0173760794, 0.1266514706
0.0086880397, 0.5633257353
0.0043440199, 0.2816628677
0.0021720099, 0.1408314338
0.5010860050, 0.0704157169
0.7505430025, 0.5352078585
0.8752715012, 0.7676039292
0.4376357506, 0.3838019646
0.7188178753, 0.6919009823
0.8594089377, 0.3459504912
0.4297044688, 0.6729752456
0.2148522344, 0.3364876228
0.1074261172, 0.1682438114
0.5537130586, 0.5841219057
0.7768565293, 0.7920609528
0.8884282647, 0.8960304764
0.4442141323, 0.4480152382
0.7221070662, 0.2240076191
0.8610535331, 0.1120038096
0.9305267665, 0.0560019048
0.9652633833, 0.0280009524
0.4826316916, 0.5140004762
0.2413158458, 0.2570002381
0.6206579229, 0.1285001190
0.3103289615, 0.0642500595
0.1551644807, 0.5321250298
0.0775822404, 0.7660625149
0.5387911202, 0.3830312574
0.7693955601, 0.6915156287
0.8846977800, 0.8457578144
0.4423488900, 0.4228789072
0.7211744450, 0.2114394536
0.8605872225, 0.6057197268
0.9302936113, 0.8028598634
0.4651468056, 0.4014299317
0.7325734028, 0.7007149658
0.8662867014, 0.8503574829
0.9331433507, 0.4251787415
0.4665716754, 0.2125893707
0.2332858377, 0.1062946854
0.6166429188, 0.0531473427
0.3083214594, 0.0265736713
0.1541607297, 0.5132868357
0.5770803649, 0.2566434178
0.7885401824, 0.1283217089
0.8942700912, 0.5641608545
0.9471350456, 0.7820804272
0.4735675228, 0.8910402136
0.7367837614, 0.4455201068
0.3683918807, 0.2227600534
0.6841959404, 0.6113800267
0.8420979702, 0.8056900134
0.4210489851, 0.4028450067
0.2105244925, 0.2014225033
0.6052622463, 0.6007112517
0.8026311231, 0.8003556258
0.4013155616, 0.4001778129
0.2006577808, 0.7000889065
0.1003288904, 0.3500444532
0.0501644452, 0.1750222266
0.5250822226, 0.0875111133
0.2625411113, 0.0437555567
0.1312705556, 0.0218777783
0.0656352778, 0.0109388892
0.0328176389, 0.5054694446
0.0164088195, 0.2527347223
0.0082044097, 0.6263673611
0.0041022049, 0.3131836806
0.5020511024, 0.6565918403
0.2510255512, 0.8282959201
0.6255127756, 0.4141479601
0.8127563878, 0.2070739800
0.4063781939, 0.6035369900
0.2031890970, 0.3017684950
0.1015945485, 0.1508842475
0.5507972742, 0.5754421238
0.2753986371, 0.2877210619
0.6376993186, 0.1438605309
0.3188496593, 0.5719302655
0.6594248296, 0.2859651327
0.8297124148, 0.6429825664
0.9148562074, 0.8214912832
0.4574281037, 0.4107456416
0.7287140519, 0.2053728208
0.3643570259, 0.1026864104
0.1821785130, 0.5513432052
0.5910892565, 0.7756716026
0.2955446282, 0.3878358013
0.6477723141, 0.6939179006
0.3238861571, 0.3469589503
0.6619430785, 0.1734794752
0.8309715393, 0.5867397376
0.4154857696, 0.7933698688
0.7077428848, 0.3966849344
0.3538714424, 0.1983424672
0.1769357212, 0.0991712336
0.0884678606, 0.0495856168
0.5442339303, 0.5247928084
0.7721169652, 0.7623964042
0.8860584826, 0.3811982021
0.9430292413, 0.6905991010
0.4715146206, 0.8452995505
0.2357573103, 0.9226497753
0.1178786552, 0.4613248876
0.0589393276, 0.2306624438
0.0294696638, 0.1153312219
0.5147348319, 0.0576656110
0.7573674159, 0.5288328055
0.3786837080, 0.7644164027
0.1893418540, 0.3822082014
0.5946709270, 0.1911041007
0.7973354635, 0.0955520503
0.8986677317, 0.5477760252
0.4493338659, 0.2738880126
0.2246669329, 0.6369440063
0.1123334665, 0.8184720031
0.5561667332, 0.9092360016
0.2780833666, 0.4546180008
0.1390416833, 0.7273090004
0.5695208417, 0.8636545002
0.2847604208, 0.4318272501
0.6423802104, 0.2159136250
0.3211901052, 0.1079568125
0.6605950526, 0.5539784063
0.8302975263, 0.7769892031
0.9151487632, 0.3884946016
0.4575743816, 0.6942473008
0.2287871908, 0.3471236504
0.1143935954, 0.1735618252
0.0571967977, 0.0867809126
0.0285983988, 0.0433904563
0.0142991994, 0.5216952281
0.0071495997, 0.7608476141
0.0035747999, 0.8804238070
0.0017873999, 0.4402119035
0.0008937000, 0.7201059518
0.5004468500, 0.3600529759
0.2502234250, 0.6800264879
0.1251117125, 0.3400132440
0.0625558562, 0.1700066220
0.5312779281, 0.5850033110
0.7656389641, 0.7925016555
0.8828194820, 0.3962508277
0.4414097410, 0.6981254139
0.2207048705, 0.3490627069
0.1103524353, 0.1745313535
0.0551762176, 0.0872656767
0.0275881088, 0.5436328384
0.0137940544, 0.2718164192
0.0068970272, 0.1359082096
0.5034485136, 0.0679541048
0.2517242568, 0.5339770524
0.6258621284, 0.7669885262
0.8129310642, 0.3834942631
0.4064655321, 0.1917471315
0.7032327661, 0.0958735658
0.8516163830, 0.0479367829
0.4258081915, 0.0239683914
0.2129040958, 0.0119841957
0.1064520479, 0.0059920979
0.0532260239, 0.5029960489
0.0266130120, 0.2514980245
0.0133065060, 0.6257490122
0.5066532530, 0.3128745061
0.7533266265, 0.6564372531
0.3766633132, 0.3282186265
0.1883316566, 0.6641093133
0.5941658283, 0.3320546566
0.7970829142, 0.6660273283
0.8985414571, 0.8330136642
0.4492707285, 0.4165068321
0.7246353643, 0.7082534160
0.8623176821, 0.3541267080
0.9311588411, 0.6770633540
0.9655794205, 0.8385316770
0.4827897103, 0.9192658385
0.7413948551, 0.4596329193
0.3706974276, 0.2298164596
0.1853487138, 0.6149082298
0.0926743569, 0.3074541149
0.5463371784, 0.6537270575
0.7731685892, 0.3268635287
0.8865842946, 0.6634317644
0.9432921473, 0.8317158822
0.9716460737, 0.9158579411
0.9858230368, 0.4579289705
0.4929115184, 0.7289644853
0.2464557592, 0.8644822426
0.6232278796, 0.4322411213
0.8116139398, 0.2161205607
0.4058069699, 0.6080602803
0.2029034850, 0.3040301402
0.6014517425, 0.1520150701
0.8007258712, 0.5760075350
0.9003629356, 0.7880037675
0.4501814678, 0.3940018838
0.2250907339, 0.6970009419
0.6125453670, 0.3485004709
0.3062726835, 0.1742502355
0.6531363417, 0.0871251177
0.8265681709, 0.0435625589
0.9132840854, 0.5217812794
0.9566420427, 0.7608906397
0.9783210214, 0.8804453199
0.4891605107, 0.9402226599
0.2445802553, 0.9701113300
0.6222901277, 0.9850556650
0.3111450638, 0.4925278325
0.6555725319, 0.7462639162
0.8277862660, 0.8731319581
0.9138931330, 0.9365659791
0.9569465665, 0.9682829895
0.9784732832, 0.9841414948
0.4892366416, 0.4920707474
0.7446183208, 0.7460353737
0.8723091604, 0.3730176868
0.9361545802, 0.6865088434
0.4680772901, 0.8432544217
0.7340386451, 0.4216272109
0.3670193225, 0.2108136054
0.1835096613, 0.6054068027
0.0917548306, 0.8027034014
0.5458774153, 0.9013517007
0.2729387077, 0.4506758503
0.6364693538, 0.7253379252
0.3182346769, 0.8626689626
0.6591173385, 0.9313344813
0.8295586692, 0.4656672406
0.9147793346, 0.7328336203
0.9573896673, 0.3664168102
0.9786948337, 0.1832084051
0.9893474168, 0.0916042025
0.9946737084, 0.0458021013
0.9973368542, 0.0229010506
0.4986684271, 0.0114505253
0.7493342136, 0.0057252627
0.8746671068, 0.5028626313
0.9373335534, 0.2514313157
0.9686667767, 0.6257156578
0.9843333883, 0.8128578289
0.4921666942, 0.4064289145
0.7460833471, 0.7032144572
0.8730416735, 0.3516072286
0.9365208368, 0.1758036143
0.4682604184, 0.0879018072
0.2341302092, 0.0439509036
0.6170651046, 0.0219754518
0.3085325523, 0.0109877259
0.1542662761, 0.5054938629
0.5771331381, 0.7527469315
0.2885665690, 0.8763734657
0.6442832845, 0.9381867329
0.8221416423, 0.9690933664
0.4110708211, 0.4845466832
0.2055354106, 0.2422733416
0.6027677053, 0.6211366708
0.3013838526, 0.3105683354
0.1506919263, 0.6552841677
0.0753459632, 0.8276420839
0.0376729816, 0.9138210419
0.0188364908, 0.4569105210
0.0094182454, 0.2284552605
0.5047091227, 0.6142276302
0.7523545613, 0.8071138151
0.3761772807, 0.4035569076
0.6880886403, 0.7017784538
0.8440443202, 0.8508892269
0.4220221601, 0.4254446134
0.2110110800, 0.7127223067
0.1055055400, 0.3563611534
0.0527527700, 0.1781805767
0.0263763850, 0.0890902883
0.5131881925, 0.5445451442
0.7565940963, 0.2722725721
0.3782970481, 0.1361362860
0.6891485241, 0.0680681430
0.8445742620, 0.5340340715
0.9222871310, 0.7670170358
0.9611435655, 0.3835085179
0.9805717828, 0.6917542589
0.9902858914, 0.8458771295
0.4951429457, 0.4229385647
0.2475714728, 0.7114692824
0.1237857364, 0.8557346412
0.0618928682, 0.4278673206
0.5309464341, 0.7139336603
0.7654732171, 0.3569668301
0.3827366085, 0.1784834151
0.1913683043, 0.0892417075
0.5956841521, 0.0446208538
0.2978420761, 0.0223104269
0.6489210380, 0.5111552134
0.8244605190, 0.2555776067
0.4122302595, 0.1277888034
0.7061151298, 0.0638944017
0.3530575649, 0.0319472008
0.6765287824, 0.5159736004
0.8382643912, 0.2579868002
0.4191321956, 0.1289934001
0.7095660978, 0.0644967001
0.3547830489, 0.5322483500
0.6773915245, 0.7661241750
0.3386957622, 0.3830620875
0.6693478811, 0.1915310438
0.8346739406, 0.5957655219
0.9173369703, 0.2978827609
0.9586684851, 0.6489413805
0.9793342426, 0.3244706902
0.9896671213, 0.1622353451
0.4948335606, 0.5811176726
0.2474167803, 0.7905588363
0.1237083902, 0.3952794181
0.5618541951, 0.6976397091
0.2809270975, 0.8488198545
0.1404635488, 0.4244099273
0.0702317744, 0.7122049636
0.0351158872, 0.3561024818
0.5175579436, 0.6780512409
0.2587789718, 0.3390256205
0.1293894859, 0.1695128102
0.5646947429, 0.0847564051
0.7823473715, 0.0423782026
0.3911736857, 0.5211891013
0.1955868429, 0.7605945506
0.5977934214, 0.3802972753
0.7988967107, 0.1901486377
0.8994483554, 0.5950743188
0.9497241777, 0.7975371594
0.4748620888, 0.3987685797
0.2374310444, 0.6993842899
0.1187155222, 0.3496921449
0.0593577611, 0.1748460725
0.5296788806, 0.0874230362
0.7648394403, 0.5437115181
0.8824197201, 0.7718557591
0.4412098601, 0.3859278795
0.2206049300, 0.1929639398
0.1103024650, 0.5964819699
0.5551512325, 0.2982409849
0.7775756163, 0.6491204925
0.8887878081, 0.8245602462
0.4443939041, 0.9122801231
0.2221969520, 0.9561400616
0.6110984760, 0.4780700308
0.8055492380, 0.7390350154
0.4027746190, 0.3695175077
0.7013873095, 0.1847587538
0.8506936548, 0.5923793769
0.9253468274, 0.7961896885
0.9626734137, 0.8980948442
0.9813367068, 0.9490474221
0.4906683534, 0.9745237111
0.7453341767, 0.4872618555
0.3726670884, 0.2436309278
0.1863335442, 0.1218154639
0.0931667721, 0.0609077319
0.0465833860, 0.0304538660
0.5232916930, 0.0152269330
0.2616458465, 0.0076134665
0.6308229233, 0.5038067332
0.3154114616, 0.2519033666
0.6577057308, 0.6259516833
0.8288528654, 0.3129758417
0.4144264327, 0.1564879208
0.2072132164, 0.5782439604
0.6036066082, 0.2891219802
0.8018033041, 0.1445609901
0.4009016520, 0.5722804951
0.2004508260, 0.7861402475
0.6002254130, 0.3930701238
0.3001127065, 0.6965350619
0.6500563533, 0.3482675309
0.3250281766, 0.1741337655
0.1625140883, 0.0870668827
0.5812570442, 0.5435334414
0.2906285221, 0.2717667207
0.6453142610, 0.1358833603
0.3226571305, 0.0679416802
0.1613285653, 0.5339708401
0.0806642826, 0.2669854200
0.5403321413, 0.6334927100
0.2701660707, 0.3167463550
0.1350830353, 0.1583731775
0.0675415177, 0.0791865888
0.0337707588, 0.0395932944
0.0168853794, 0.0197966472
0.0084426897, 0.0098983236
0.5042213449, 0.5049491618
0.2521106724, 0.2524745809
0.1260553362, 0.6262372904
0.0630276681, 0.8131186452
0.0315138341, 0.9065593226
0.5157569170, 0.4532796613
0.7578784585, 0.2266398307
0.8789392293, 0.6133199153
0.9394696146, 0.3066599577
0.9697348073, 0.1533299788
0.9848674037, 0.0766649894
0.4924337018, 0.5383324947
0.7462168509, 0.2691662474
0.3731084255, 0.1345831237
0.1865542127, 0.5672915618
0.5932771064, 0.2836457809
