0.7500000000, 0.7500000000
0.3750000000, 0.3750000000
0.6875000000, 0.1875000000
0.8437500000, 0.5937500000
0.4218750000, 0.2968750000
0.2109375000, 0.1484375000
0.6054687500, 0.0742187500
0.3027343750, 0.5371093750
0.1513671875, 0.7685546875
0.0756835938, 0.3842773438
0.0378417969, 0.1921386719
0.0189208984, 0.0960693359
0.5094604492, 0.0480346680
0.2547302246, 0.5240173340
0.1273651123, 0.2620086670
0.5636825562, 0.6310043335
0.2818412781, 0.3155021667
0.1409206390, 0.1577510834
0.5704603195, 0.5788755417
0.2852301598, 0.2894377708
0.6426150799, 0.1447188854
0.8213075399, 0.0723594427
0.4106537700, 0.5361797214
0.7053268850, 0.2680898607
0.3526634425, 0.1340449303
0.6763317212, 0.0670224652
0.8381658606, 0.5335112326
0.4190829303, 0.7667556163
0.2095414652, 0.3833778081
0.1047707326, 0.6916889041
0.5523853663, 0.3458444520
0.7761926831, 0.1729222260
0.3880963416, 0.5864611130
0.6940481708, 0.2932305565
0.8470240854, 0.6466152783
0.4235120427, 0.8233076391
0.2117560213, 0.9116538196
0.1058780107, 0.4558269098
0.0529390053, 0.7279134549
0.5264695027, 0.3639567274
0.7632347513, 0.6819783637
0.3816173757, 0.8409891819
0.6908086878, 0.4204945909
0.3454043439, 0.2102472955
0.6727021720, 0.1051236477
0.8363510860, 0.0525618239
0.9181755430, 0.5262809119
0.9590877715, 0.2631404560
0.4795438857, 0.1315702280
0.2397719429, 0.0657851140
0.6198859714, 0.0328925570
0.3099429857, 0.0164462785
0.6549714929, 0.5082231392
0.8274857464, 0.7541115696
0.4137428732, 0.8770557848
0.2068714366, 0.4385278924
0.1034357183, 0.7192639462
0.5517178592, 0.8596319731
0.2758589296, 0.4298159866
0.6379294648, 0.2149079933
0.8189647324, 0.1074539966
0.9094823662, 0.5537269983
0.4547411831, 0.7768634992
0.2273705915, 0.3884317496
0.6136852958, 0.6942158748
0.8068426479, 0.3471079374
0.4034213239, 0.1735539687
0.2017106620, 0.5867769843
0.6008553310, 0.2933884922
0.3004276655, 0.6466942461
0.1502138327, 0.3233471230
0.5751069164, 0.1616735615
0.2875534582, 0.0808367808
0.6437767291, 0.5404183904
0.8218883645, 0.7702091952
0.4109441823, 0.3851045976
0.2054720911, 0.1925522988
0.6027360456, 0.0962761494
0.3013680228, 0.0481380747
0.6506840114, 0.5240690373
0.3253420057, 0.7620345187
0.1626710028, 0.3810172593
0.0813355014, 0.1905086297
0.0406677507, 0.0952543148
0.0203338754, 0.5476271574
0.0101669377, 0.7738135787
0.5050834688, 0.3869067894
0.2525417344, 0.1934533947
0.6262708672, 0.5967266973
0.8131354336, 0.7983633487
0.4065677168, 0.3991816743
0.2032838584, 0.6995908372
0.6016419292, 0.3497954186
0.8008209646, 0.6748977093
0.4004104823, 0.3374488546
0.2002052412, 0.1687244273
0.1001026206, 0.5843622137
0.0500513103, 0.2921811068
0.5250256551, 0.1460905534
0.2625128276, 0.0730452767
0.6312564138, 0.5365226384
0.8156282069, 0.7682613192
0.4078141034, 0.3841306596
0.2039070517, 0.6920653298
0.6019535259, 0.3460326649
0.3009767629, 0.1730163324
0.1504883815, 0.5865081662
0.0752441907, 0.2932540831
0.5376220954, 0.1466270416
0.2688110477, 0.5733135208
0.6344055238, 0.2866567604
0.8172027619, 0.6433283802
0.4086013810, 0.3216641901
0.2043006905, 0.1608320950
0.1021503452, 0.0804160475
0.0510751726, 0.5402080238
0.0255375863, 0.7701040119
0.0127687932, 0.3850520059
0.0063843966, 0.1925260030
0.0031921983, 0.5962630015
0.0015960991, 0.7981315007
0.5007980496, 0.3990657504
0.7503990248, 0.6995328752
0.3751995124, 0.8497664376
0.1875997562, 0.4248832188
0.0937998781, 0.2124416094
0.0468999390, 0.6062208047
0.5234499695, 0.3031104023
0.7617249848, 0.6515552012
0.3808624924, 0.8257776006
0.6904312462, 0.4128888003
0.3452156231, 0.7064444001
0.1726078115, 0.3532222001
0.0863039058, 0.6766111000
0.0431519529, 0.3383055500
0.0215759764, 0.6691527750
0.5107879882, 0.3345763875
0.2553939941, 0.6672881938
0.1276969971, 0.3336440969
0.0638484985, 0.6668220484
0.0319242493, 0.3334110242
0.0159621246, 0.1667055121
0.5079810623, 0.0833527561
0.2539905312, 0.5416763780
0.6269952656, 0.2708381890
0.8134976328, 0.6354190945
0.4067488164, 0.3177095473
0.2033744082, 0.1588547736
0.1016872041, 0.0794273868
0.0508436020, 0.5397136934
0.0254218010, 0.2698568467
0.0127109005, 0.1349284234
0.0063554503, 0.5674642117
0.0031777251, 0.7837321058
0.0015888626, 0.3918660529
0.0007944313, 0.1959330265
0.5003972156, 0.0979665132
0.7501986078, 0.5489832566
0.3750993039, 0.7744916283
0.1875496520, 0.3872458142
0.0937748260, 0.1936229071
0.5468874130, 0.5968114535
0.2734437065, 0.7984057268
0.1367218532, 0.8992028634
0.0683609266, 0.4496014317
0.0341804633, 0.2248007158
0.0170902317, 0.1124003579
0.0085451158, 0.5562001790
0.0042725579, 0.2781000895
0.0021362790, 0.1390500447
0.5010681395, 0.0695250224
0.2505340697, 0.0347625112
0.1252670349, 0.0173812556
0.5626335174, 0.0086906278
0.2813167587, 0.0043453139
0.1406583794, 0.0021726569
0.0703291897, 0.0010863285
0.0351645948, 0.5005431642
0.0175822974, 0.2502715821
0.0087911487, 0.1251357911
0.0043955744, 0.5625678955
0.5021977872, 0.2812839478
0.2510988936, 0.1406419739
0.1255494468, 0.5703209869
0.5627747234, 0.2851604935
0.2813873617, 0.1425802467
0.6406936808, 0.0712901234
0.3203468404, 0.0356450617
0.1601734202, 0.0178225308
0.0800867101, 0.5089112654
0.5400433551, 0.7544556327
0.2700216775, 0.3772278164
0.1350108388, 0.1886139082
0.0675054194, 0.0943069541
0.0337527097, 0.5471534770
0.0168763548, 0.2735767385
0.0084381774, 0.1367883693
0.0042190887, 0.0683941846
0.0021095444, 0.5341970923
0.0010547722, 0.2670985462
0.5005273861, 0.1335492731
0.2502636930, 0.5667746365
0.1251318465, 0.2833873183
0.0625659233, 0.6416936591
0.0312829616, 0.8208468296
0.0156414808, 0.9104234148
0.0078207404, 0.4552117074
0.0039103702, 0.2276058537
0.0019551851, 0.1138029268
0.5009775926, 0.0569014634
0.2504887963, 0.0284507317
0.1252443981, 0.0142253659
0.5626221991, 0.5071126829
0.2813110995, 0.7535563415
0.1406555498, 0.3767781707
0.0703277749, 0.1883890854
0.5351638874, 0.0941945427
0.2675819437, 0.0470972713
0.1337909719, 0.5235486357
0.0668954859, 0.7617743178
0.0334477430, 0.3808871589
0.0167238715, 0.1904435795
0.0083619357, 0.5952217897
0.0041809679, 0.2976108949
0.5020904839, 0.1488054474
0.2510452420, 0.5744027237
0.1255226210, 0.7872013619
0.0627613105, 0.3936006809
0.0313806552, 0.1968003405
0.0156903276, 0.0984001702
0.5078451638, 0.0492000851
0.2539225819, 0.0246000426
0.6269612910, 0.5123000213
0.3134806455, 0.2561500106
0.1567403227, 0.1280750053
0.5783701614, 0.5640375027
0.2891850807, 0.2820187513
0.6445925403, 0.6410093757
0.3222962702, 0.3205046878
0.1611481351, 0.1602523439
0.0805740675, 0.0801261720
0.5402870338, 0.5400630860
0.2701435169, 0.7700315430
0.1350717584, 0.3850157715
0.0675358792, 0.1925078857
0.0337679396, 0.0962539429
0.5168839698, 0.0481269714
0.2584419849, 0.0240634857
0.6292209925, 0.5120317429
0.3146104962, 0.2560158714
0.6573052481, 0.6280079357
0.3286526241, 0.3140039679
0.1643263120, 0.1570019839
0.5821631560, 0.0785009920
0.7910815780, 0.0392504960
0.3955407890, 0.5196252480
0.1977703945, 0.2598126240
0.0988851973, 0.1299063120
0.5494425986, 0.0649531560
0.2747212993, 0.0324765780
0.1373606497, 0.0162382890
0.0686803248, 0.5081191445
0.5343401624, 0.2540595722
0.7671700812, 0.1270297861
0.8835850406, 0.5635148931
0.4417925203, 0.2817574465
0.2208962602, 0.6408787233
0.1104481301, 0.8204393616
0.0552240650, 0.4102196808
0.0276120325, 0.2051098404
0.0138060163, 0.1025549202
0.5069030081, 0.5512774601
0.7534515041, 0.7756387301
0.3767257520, 0.3878193650
0.1883628760, 0.6939096825
0.5941814380, 0.3469548413
0.2970907190, 0.6734774206
0.6485453595, 0.3367387103
0.8242726798, 0.6683693552
0.4121363399, 0.8341846776
0.2060681699, 0.4170923388
0.1030340850, 0.7085461694
0.5515170425, 0.3542730847
0.2757585212, 0.1771365423
0.6378792606, 0.0885682712
0.3189396303, 0.0442841356
0.1594698152, 0.0221420678
0.0797349076, 0.0110710339
0.5398674538, 0.0055355169
0.7699337269, 0.0027677585
0.3849668634, 0.5013838792
0.1924834317, 0.2506919396
0.5962417159, 0.1253459698
0.7981208579, 0.5626729849
0.8990604290, 0.7813364925
0.4495302145, 0.8906682462
0.2247651072, 0.4453341231
0.1123825536, 0.7226670616
0.0561912768, 0.3613335308
0.5280956384, 0.1806667654
0.2640478192, 0.5903333827
0.6320239096, 0.2951666913
0.3160119548, 0.1475833457
0.6580059774, 0.0737916728
0.8290029887, 0.5368958364
0.9145014944, 0.7684479182
0.9572507472, 0.8842239591
0.4786253736, 0.4421119796
0.2393126868, 0.2210559898
0.1196563434, 0.1105279949
0.5598281717, 0.5552639974
0.2799140858, 0.2776319987
0.1399570429, 0.6388159994
0.0699785215, 0.3194079997
0.0349892607, 0.1597039998
0.5174946304, 0.0798519999
0.7587473152, 0.5399260000
0.3793736576, 0.7699630000
0.1896868288, 0.3849815000
0.5948434144, 0.6924907500
0.7974217072, 0.3462453750
0.3987108536, 0.1731226875
0.1993554268, 0.0865613437
0.5996777134, 0.5432806719
0.7998388567, 0.7716403359
0.3999194283, 0.3858201680
0.6999597142, 0.1929100840
0.8499798571, 0.0964550420
0.9249899285, 0.5482275210
0.9624949643, 0.7741137605
0.9812474821, 0.8870568802
0.9906237411, 0.9435284401
0.4953118705, 0.4717642201
0.7476559353, 0.7358821100
0.3738279676, 0.3679410550
0.1869139838, 0.1839705275
0.0934569919, 0.5919852638
0.5467284960, 0.2959926319
0.2733642480, 0.6479963159
0.1366821240, 0.3239981580
0.5683410620, 0.6619990790
0.2841705310, 0.3309995395
0.6420852655, 0.1654997697
0.8210426327, 0.5827498849
0.9105213164, 0.2913749424
0.9552606582, 0.1456874712
0.4776303291, 0.5728437356
0.7388151645, 0.2864218678
0.3694075823, 0.1432109339
0.6847037911, 0.5716054670
0.8423518956, 0.2858027335
0.4211759478, 0.1429013667
0.2105879739, 0.0714506834
0.1052939869, 0.5357253417
0.5526469935, 0.7678626708
0.2763234967, 0.3839313354
0.6381617484, 0.6919656677
0.3190808742, 0.3459828339
0.6595404371, 0.6729914169
0.3297702185, 0.3364957085
0.1648851093, 0.1682478542
0.0824425546, 0.5841239271
0.0412212773, 0.7920619636
0.0206106387, 0.8960309818
0.5103053193, 0.4480154909
0.2551526597, 0.2240077454
0.6275763298, 0.1120038727
0.8137881649, 0.5560019364
0.9068940825, 0.2780009682
0.4534470412, 0.6390004841
0.7267235206, 0.3195002420
0.3633617603, 0.6597501210
0.1816808802, 0.8298750605
0.5908404401, 0.4149375303
0.7954202200, 0.7074687651
0.8977101100, 0.3537343826
0.9488550550, 0.6768671913
0.4744275275, 0.3384335956
0.7372137638, 0.1692167978
0.3686068819, 0.5846083989
0.1843034409, 0.7923041995
0.0921517205, 0.3961520997
0.5460758602, 0.6980760499
0.2730379301, 0.3490380249
0.6365189651, 0.1745190125
0.8182594825, 0.5872595062
0.4091297413, 0.2936297531
0.7045648706, 0.6468148766
0.8522824353, 0.3234074383
0.9261412177, 0.6617037191
0.4630706088, 0.8308518596
0.2315353044, 0.4154259298
0.6157676522, 0.7077129649
0.8078838261, 0.8538564824
0.9039419131, 0.4269282412
0.9519709565, 0.2134641206
0.4759854783, 0.6067320603
0.7379927391, 0.3033660302
0.3689963696, 0.1516830151
0.6844981848, 0.0758415075
0.8422490924, 0.5379207538
0.4211245462, 0.7689603769
0.7105622731, 0.3844801884
0.3552811365, 0.6922400942
0.6776405683, 0.3461200471
0.3388202841, 0.6730600236
0.1694101421, 0.3365300118
0.5847050710, 0.6682650059
0.2923525355, 0.8341325029
0.1461762678, 0.9170662515
0.0730881339, 0.4585331257
0.0365440669, 0.2292665629
0.5182720335, 0.6146332814
0.7591360167, 0.8073166407
0.3795680084, 0.4036583204
0.1897840042, 0.2018291602
0.0948920021, 0.6009145801
0.0474460010, 0.3004572900
0.0237230005, 0.1502286450
0.0118615003, 0.5751143225
0.5059307501, 0.7875571613
0.2529653751, 0.3937785806
0.6264826875, 0.1968892903
0.8132413438, 0.0984446452
0.4066206719, 0.0492223226
0.7033103359, 0.5246111613
0.3516551680, 0.2623055806
0.6758275840, 0.6311527903
0.8379137920, 0.8155763952
0.9189568960, 0.9077881976
0.4594784480, 0.4538940988
0.2297392240, 0.2269470494
0.1148696120, 0.1134735247
0.0574348060, 0.5567367623
0.0287174030, 0.2783683812
0.0143587015, 0.6391841906
0.5071793507, 0.3195920953
0.2535896754, 0.6597960476
0.1267948377, 0.3298980238
0.0633974188, 0.1649490119
0.0316987094, 0.0824745060
0.5158493547, 0.0412372530
0.7579246774, 0.5206186265
0.8789623387, 0.7603093132
0.4394811693, 0.3801546566
0.2197405847, 0.1900773283
0.1098702923, 0.5950386642
0.0549351462, 0.2975193321
0.0274675731, 0.1487596660
0.5137337865, 0.0743798330
0.2568668933, 0.0371899165
0.1284334466, 0.5185949583
0.0642167233, 0.2592974791
0.0321083617, 0.6296487396
0.5160541808, 0.8148243698
0.2580270904, 0.4074121849
0.6290135452, 0.2037060924
0.3145067726, 0.1018530462
0.6572533863, 0.5509265231
0.3286266932, 0.2754632616
0.6643133466, 0.1377316308
0.3321566733, 0.5688658154
0.1660783366, 0.7844329077
0.0830391683, 0.8922164538
0.0415195842, 0.4461082269
0.0207597921, 0.2230541135
0.5103798960, 0.1115270567
0.2551899480, 0.0557635284
0.1275949740, 0.5278817642
0.0637974870, 0.7639408821
0.5318987435, 0.8819704410
0.2659493718, 0.9409852205
0.6329746859, 0.9704926103
0.3164873429, 0.9852463051
0.1582436715, 0.9926231526
0.0791218357, 0.9963115763
0.5395609179, 0.4981557881
0.7697804589, 0.7490778941
0.3848902295, 0.3745389470
0.6924451147, 0.1872694735
0.3462225574, 0.0936347368
0.1731112787, 0.0468173684
0.5865556393, 0.5234086842
0.2932778197, 0.7617043421
0.6466389098, 0.3808521710
0.8233194549, 0.6904260855
0.9116597275, 0.8452130428
0.4558298637, 0.9226065214
0.2279149319, 0.9613032607
0.1139574659, 0.4806516303
0.0569787330, 0.7403258152
0.5284893665, 0.3701629076
0.7642446832, 0.6850814538
0.8821223416, 0.3425407269
0.4410611708, 0.6712703634
0.2205305854, 0.3356351817
0.6102652927, 0.1678175909
0.3051326464, 0.5839087954
0.1525663232, 0.2919543977
0.0762831616, 0.6459771989
0.0381415808, 0.8229885994
0.0190707904, 0.4114942997
0.0095353952, 0.7057471499
0.0047676976, 0.8528735749
0.0023838488, 0.9264367875
0.0011919244, 0.4632183937
0.0005959622, 0.7316091969
0.0002979811, 0.3658045984
0.5001489905, 0.6829022992
0.7500744953, 0.3414511496
0.3750372476, 0.1707255748
0.6875186238, 0.0853627874
0.3437593119, 0.0426813937
0.1718796560, 0.5213406969
0.0859398280, 0.2606703484
0.0429699140, 0.1303351742
0.0214849570, 0.5651675871
0.0107424785, 0.2825837936
0.5053712392, 0.6412918968
0.7526856196, 0.3206459484
0.3763428098, 0.1603229742
0.6881714049, 0.5801614871
0.8440857025, 0.7900807435
0.4220428512, 0.3950403718
0.7110214256, 0.1975201859
0.3555107128, 0.0987600929
0.6777553564, 0.5493800465
0.3388776782, 0.2746900232
0.1694388391, 0.1373450116
0.5847194196, 0.0686725058
0.7923597098, 0.5343362529
0.3961798549, 0.7671681265
0.1980899274, 0.3835840632
0.5990449637, 0.1917920316
0.7995224819, 0.0958960158
0.8997612409, 0.5479480079
0.9498806205, 0.7739740040
0.9749403102, 0.3869870020
0.9874701551, 0.1934935010
0.9937350776, 0.5967467505
0.9968675388, 0.7983733752
0.9984337694, 0.3991866876
0.4992168847, 0.6995933438
0.2496084423, 0.3497966719
0.1248042212, 0.1748983360
0.5624021106, 0.5874491680
0.7812010553, 0.2937245840
0.3906005276, 0.1468622920
0.1953002638, 0.5734311460
0.5976501319, 0.2867155730
0.2988250660, 0.1433577865
0.6494125330, 0.5716788932
0.3247062665, 0.7858394466
0.6623531332, 0.3929197233
0.8311765666, 0.6964598617
0.9155882833, 0.3482299308
0.4577941417, 0.6741149654
0.2288970708, 0.3370574827
0.6144485354, 0.1685287414
0.8072242677, 0.5842643707
0.4036121339, 0.2921321853
0.7018060669, 0.1460660927
0.8509030335, 0.5730330463
0.9254515167, 0.7865165232
0.9627257584, 0.3932582616
0.4813628792, 0.1966291308
0.7406814396, 0.5983145654
0.3703407198, 0.2991572827
0.6851703599, 0.6495786413
0.3425851799, 0.8247893207
0.1712925900, 0.9123946603
0.0856462950, 0.4561973302
0.5428231475, 0.7280986651
0.7714115737, 0.8640493325
0.3857057869, 0.4320246663
0.6928528934, 0.2160123331
0.8464264467, 0.6080061666
0.9232132234, 0.3040030833
0.4616066117, 0.6520015416
0.2308033058, 0.3260007708
0.1154016529, 0.1630003854
0.5577008265, 0.0815001927
0.2788504132, 0.0407500964
0.6394252066, 0.0203750482
0.8197126033, 0.5101875241
0.9098563017, 0.2550937620
0.4549281508, 0.1275468810
0.7274640754, 0.0637734405
0.3637320377, 0.0318867203
0.6818660189, 0.0159433601
0.3409330094, 0.5079716801
0.1704665047, 0.2539858400
0.5852332524, 0.6269929200
0.7926166262, 0.8134964600
0.3963083131, 0.9067482300
0.1981541565, 0.9533741150
0.0990770783, 0.9766870575
0.0495385391, 0.4883435288
0.0247692696, 0.2441717644
0.0123846348, 0.1220858822
0.0061923174, 0.5610429411
0.0030961587, 0.2805214705
0.0015480793, 0.1402607353
0.0007740397, 0.5701303676
0.0003870198, 0.2850651838
0.0001935099, 0.1425325919
0.5000967550, 0.0712662960
0.7500483775, 0.5356331480
0.3750241887, 0.7678165740
0.6875120944, 0.8839082870
0.8437560472, 0.4419541435
0.4218780236, 0.7209770717
0.2109390118, 0.3604885359
0.6054695059, 0.6802442679
0.3027347529, 0.8401221340
0.1513673765, 0.4200610670
0.5756836882, 0.7100305335
0.7878418441, 0.3550152667
0.3939209221, 0.1775076334
0.1969604610, 0.0887538167
0.5984802305, 0.0443769083
0.7992401153, 0.0221884542
0.8996200576, 0.0110942271
0.9498100288, 0.5055471135
0.9749050144, 0.7527735568
0.9874525072, 0.3763867784
0.4937262536, 0.1881933892
0.2468631268, 0.5940966946
0.1234315634, 0.2970483473
0.0617157817, 0.1485241736
0.5308578909, 0.0742620868
0.2654289454, 0.0371310434
0.6327144727, 0.5185655217
0.3163572364, 0.2592827609
0.1581786182, 0.1296413804
0.5790893091, 0.5648206902
0.2895446545, 0.2824103451
0.1447723273, 0.6412051726
0.0723861636, 0.8206025863
0.5361930818, 0.4103012931
0.7680965409, 0.7051506466
0.8840482705, 0.3525753233
0.9420241352, 0.1762876616
0.4710120676, 0.0881438308
0.2355060338, 0.5440719154
0.1177530169, 0.2720359577
0.5588765085, 0.6360179789
0.2794382542, 0.3180089894
0.1397191271, 0.1590044947
0.0698595636, 0.0795022474
0.5349297818, 0.0397511237
0.2674648909, 0.5198755618
0.1337324454, 0.2599377809
0.0668662227, 0.1299688905
0.5334331114, 0.0649844452
0.2667165557, 0.0324922226
0.1333582778, 0.5162461113
0.0666791389, 0.2581230557
0.5333395695, 0.1290615278
0.7666697847, 0.5645307639
0.8833348924, 0.7822653820
0.9416674462, 0.8911326910
0.4708337231, 0.9455663455
0.2354168615, 0.9727831727
0.1177084308, 0.9863915864
0.5588542154, 0.9931957932
0.2794271077, 0.4965978966
0.1397135538, 0.2482989483
0.0698567769, 0.1241494741
0.0349283885, 0.5620747371
0.0174641942, 0.2810373685
0.5087320971, 0.1405186843
0.2543660486, 0.0702593421
0.1271830243, 0.5351296711
0.5635915121, 0.2675648355
0.2817957561, 0.1337824178
0.1408978780, 0.5668912089
0.5704489390, 0.7834456044
0.7852244695, 0.8917228022
0.3926122348, 0.4458614011
0.1963061174, 0.7229307006
0.0981530587, 0.3614653503
0.0490765293, 0.6807326751
0.0245382647, 0.3403663376
0.0122691323, 0.1701831688
0.5061345662, 0.5850915844
0.2530672831, 0.2925457922
0.1265336415, 0.1462728961
0.5632668208, 0.0731364480
0.2816334104, 0.5365682240
0.6408167052, 0.2682841120
0.8204083526, 0.6341420560
0.4102041763, 0.3170710280
0.2051020881, 0.1585355140
0.6025510441, 0.0792677570
0.8012755220, 0.5396338785
0.4006377610, 0.7698169393
0.7003188805, 0.8849084696
0.8501594403, 0.4424542348
0.4250797201, 0.2212271174
0.7125398601, 0.1106135587
0.8562699300, 0.5553067794
0.4281349650, 0.7776533897
0.2140674825, 0.8888266948
0.1070337413, 0.4444133474
0.0535168706, 0.7222066737
0.0267584353, 0.3611033369
0.0133792177, 0.1805516684
0.0066896088, 0.5902758342
0.5033448044, 0.7951379171
0.7516724022, 0.8975689586
0.8758362011, 0.4487844793
0.9379181006, 0.7243922396
0.9689590503, 0.3621961198
0.4844795251, 0.6810980599
0.7422397626, 0.3405490300
0.8711198813, 0.6702745150
0.4355599406, 0.8351372575
0.2177799703, 0.9175686287
0.1088899852, 0.9587843144
0.5544449926, 0.9793921572
0.7772224963, 0.9896960786
0.8886112481, 0.4948480393
0.4443056241, 0.2474240196
0.7221528120, 0.6237120098
0.8610764060, 0.3118560049
0.4305382030, 0.1559280025
0.7152691015, 0.0779640012
0.8576345508, 0.0389820006
0.4288172754, 0.5194910003
0.2144086377, 0.2597455002
0.1072043188, 0.6298727501
0.0536021594, 0.3149363750
0.5268010797, 0.6574681875
0.2634005399, 0.3287340938
0.6317002699, 0.1643670469
0.8158501350, 0.5821835234
0.9079250675, 0.7910917617
0.9539625337, 0.8955458809
0.9769812669, 0.4477729404
0.4884906334, 0.7238864702
0.7442453167, 0.3619432351
0.8721226584, 0.6809716176
0.4360613292, 0.8404858088
0.2180306646, 0.9202429044
0.1090153323, 0.4601214522
0.0545076661, 0.7300607261
0.5272538331, 0.3650303630
0.7636269165, 0.6825151815
0.8818134583, 0.8412575908
0.4409067291, 0.4206287954
0.2204533646, 0.7103143977
0.1102266823, 0.8551571988
0.5551133411, 0.4275785994
0.7775566706, 0.7137892997
0.3887783353, 0.8568946499
0.1943891676, 0.4284473249
0.5971945838, 0.7142236625
0.2985972919, 0.3571118312
0.1492986460, 0.1785559156
0.0746493230, 0.0892779578
0.0373246615, 0.5446389789
0.0186623307, 0.2723194895
0.0093311654, 0.1361597447
0.5046655827, 0.5680798724
0.2523327913, 0.2840399362
0.6261663957, 0.6420199681
0.8130831978, 0.3210099840
0.4065415989, 0.1605049920
0.7032707995, 0.0802524960
0.3516353997, 0.0401262480
0.1758176999, 0.5200631240
0.5879088499, 0.2600315620
0.2939544250, 0.1300157810
0.6469772125, 0.0650078905
0.8234886062, 0.0325039453
0.9117443031, 0.0162519726
0.4558721516, 0.5081259863
0.2279360758, 0.2540629932
0.1139680379, 0.1270314966
0.5569840189, 0.5635157483
0.7784920095, 0.7817578741
0.3892460047, 0.3908789371
0.1946230024, 0.1954394685
0.5973115012, 0.5977197343
0.7986557506, 0.7988598671
0.8993278753, 0.8994299336
0.4496639376, 0.4497149668
0.2248319688, 0.2248574834
0.1124159844, 0.1124287417
0.0562079922, 0.0562143708
0.5281039961, 0.0281071854
0.2640519981, 0.0140535927
0.1320259990, 0.5070267964
0.5660129995, 0.2535133982
0.2830064998, 0.1267566991
0.1415032499, 0.0633783495
0.0707516249, 0.0316891748
0.0353758125, 0.0158445874
0.5176879062, 0.0079222937
0.7588439531, 0.5039611468
0.8794219766, 0.7519805734
0.9397109883, 0.8759902867
0.4698554941, 0.4379951434
0.2349277471, 0.2189975717
0.1174638735, 0.6094987858
0.0587319368, 0.8047493929
0.5293659684, 0.4023746965
0.2646829842, 0.7011873482
0.6323414921, 0.3505936741
0.3161707460, 0.1752968371
0.1580853730, 0.0876484185
0.0790426865, 0.5438242093
0.5395213433, 0.2719121046
0.7697606716, 0.6359560523
0.8848803358, 0.8179780262
0.9424401679, 0.9089890131
0.4712200840, 0.4544945065
0.2356100420, 0.7272472533
0.6178050210, 0.3636236266
0.8089025105, 0.6818118133
0.4044512552, 0.8409059067
0.7022256276, 0.4204529533
0.3511128138, 0.2102264767
0.1755564069, 0.1051132383
0.0877782035, 0.0525566192
0.0438891017, 0.5262783096
0.0219445509, 0.2631391548
0.0109722754, 0.6315695774
0.0054861377, 0.3157847887
0.5027430689, 0.1578923943
0.7513715344, 0.0789461972
0.8756857672, 0.5394730986
0.4378428836, 0.2697365493
0.2189214418, 0.1348682746
0.6094607209, 0.5674341373
0.3047303605, 0.2837170687
0.1523651802, 0.1418585343
0.5761825901, 0.0709292672
0.7880912951, 0.5354646336
0.3940456475, 0.7677323168
0.6970228238, 0.3838661584
0.3485114119, 0.6919330792
0.1742557059, 0.3459665396
0.5871278530, 0.1729832698
0.7935639265, 0.5864916349
0.3967819632, 0.7932458174
0.6983909816, 0.3966229087
0.3491954908, 0.1983114544
0.6745977454, 0.0991557272
0.8372988727, 0.5495778636
0.9186494364, 0.7747889318
0.9593247182, 0.8873944659
0.9796623591, 0.9436972329
0.9898311795, 0.4718486165
0.9949155898, 0.7359243082
0.4974577949, 0.8679621541
0.2487288974, 0.4339810771
0.6243644487, 0.7169905385
0.8121822244, 0.8584952693
0.4060911122, 0.9292476346
0.2030455561, 0.4646238173
0.6015227780, 0.7323119087
0.8007613890, 0.8661559543
0.9003806945, 0.4330779772
0.4501903473, 0.2165389886
0.7250951736, 0.1082694943
0.8625475868, 0.0541347471
0.4312737934, 0.0270673736
0.2156368967, 0.5135336868
0.6078184484, 0.2567668434
0.8039092242, 0.1283834217
0.9019546121, 0.5641917108
0.4509773060, 0.7820958554
0.2254886530, 0.3910479277
0.1127443265, 0.6955239639
0.5563721633, 0.8477619819
0.7781860816, 0.4238809910
0.8890930408, 0.7119404955
0.4445465204, 0.8559702477
0.2222732602, 0.4279851239
0.6111366301, 0.7139925619
0.8055683151, 0.8569962810
0.9027841575, 0.9284981405
0.4513920788, 0.4642490702
0.7256960394, 0.2321245351
0.3628480197, 0.1160622676
0.1814240098, 0.0580311338
0.5907120049, 0.0290155669
0.7953560025, 0.0145077834
0.8976780012, 0.5072538917
0.9488390006, 0.7536269459
0.4744195003, 0.8768134729
0.2372097502, 0.4384067365
0.6186048751, 0.7192033682
0.8093024375, 0.8596016841
0.9046512188, 0.9298008421
0.9523256094, 0.4649004210
0.9761628047, 0.2324502105
0.4880814023, 0.6162251053
0.2440407012, 0.3081125526
0.1220203506, 0.1540562763
0.0610101753, 0.0770281382
0.5305050876, 0.0385140691
0.2652525438, 0.0192570345
0.6326262719, 0.5096285173
0.3163131360, 0.2548142586
0.1581565680, 0.6274071293
0.0790782840, 0.8137035647
0.0395391420, 0.4068517823
0.5197695710, 0.7034258912
0.7598847855, 0.3517129456
0.3799423927, 0.1758564728
0.1899711964, 0.0879282364
0.5949855982, 0.0439641182
0.7974927991, 0.0219820591
0.3987463995, 0.5109910295
0.1993731998, 0.2554955148
0.0996865999, 0.1277477574
0.0498432999, 0.0638738787
0.5249216500, 0.0319369393
0.2624608250, 0.0159684697
0.6312304125, 0.5079842348
0.3156152062, 0.2539921174
0.6578076031, 0.1269960587
0.3289038016, 0.5634980294
0.1644519008, 0.7817490147
0.0822259504, 0.3908745073
0.5411129752, 0.6954372537
0.7705564876, 0.3477186268
0.8852782438, 0.6738593134
0.9426391219, 0.8369296567
0.4713195609, 0.9184648284
0.2356597805, 0.4592324142
0.1178298902, 0.2296162071
0.5589149451, 0.1148081035
0.7794574726, 0.5574040518
0.3897287363, 0.2787020259
0.1948643681, 0.6393510129
0.0974321841, 0.3196755065
0.0487160920, 0.6598377532
0.0243580460, 0.3299188766
0.5121790230, 0.1649594383
0.2560895115, 0.0824797192
0.1280447558, 0.5412398596
0.5640223779, 0.2706199298
0.2820111889, 0.1353099649
0.6410055945, 0.5676549824
0.8205027972, 0.2838274912
0.4102513986, 0.6419137456
0.2051256993, 0.3209568728
0.6025628497, 0.6604784364
0.8012814248, 0.3302392182
0.4006407124, 0.1651196091
0.7003203562, 0.0825598046
0.3501601781, 0.0412799023
0.1750800891, 0.5206399511
0.0875400445, 0.2603199756
0.5437700223, 0.1301599878
0.7718850111, 0.5650799939
0.8859425056, 0.2825399969
0.4429712528, 0.1412699985
0.7214856264, 0.5706349992
0.3607428132, 0.7853174996
0.1803714066, 0.8926587498
0.0901857033, 0.9463293749
0.5450928516, 0.4731646875
0.7725464258, 0.7365823437
0.8862732129, 0.3682911719
0.9431366065, 0.1841455859
0.4715683032, 0.5920727930
0.7357841516, 0.2960363965
0.8678920758, 0.1480181982
0.4339460379, 0.0740090991
0.2169730190, 0.5370045496
0.1084865095, 0.2685022748
0.5542432547, 0.6342511374
0.2771216274, 0.3171255687
0.6385608137, 0.1585627843
0.3192804068, 0.0792813922
0.1596402034, 0.0396406961
0.5798201017, 0.0198203480
0.2899100509, 0.5099101740
0.1449550254, 0.7549550870
0.0724775127, 0.8774775435
0.0362387564, 0.9387387718
0.5181193782, 0.9693693859
0.7590596891, 0.9846846929
0.3795298445, 0.9923423465
0.1897649223, 0.9961711732
0.5948824611, 0.9980855866
0.2974412306, 0.4990427933
0.1487206153, 0.2495213967
0.0743603076, 0.6247606983
0.5371801538, 0.8123803492
0.2685900769, 0.4061901746
0.1342950385, 0.7030950873
0.0671475192, 0.8515475436
0.0335737596, 0.9257737718
0.0167868798, 0.4628868859
0.5083934399, 0.7314434430
0.2541967200, 0.8657217215
0.1270983600, 0.4328608607
0.5635491800, 0.7164304304
0.7817745900, 0.3582152152
0.3908872950, 0.1791076076
0.6954436475, 0.5895538038
0.8477218237, 0.7947769019
0.9238609119, 0.3973884509
0.4619304559, 0.1986942255
0.2309652280, 0.0993471127
0.6154826140, 0.5496735564
0.8077413070, 0.2748367782
0.9038706535, 0.6374183891
0.9519353267, 0.3187091945
0.4759676634, 0.1593545973
0.2379838317, 0.0796772986
0.6189919158, 0.0398386493
0.8094959579, 0.5199193247
0.4047479790, 0.2599596623
0.2023739895, 0.6299798312
0.1011869947, 0.8149899156
0.0505934974, 0.9074949578
0.5252967487, 0.4537474789
0.7626483743, 0.2268737394
0.3813241872, 0.1134368697
0.1906620936, 0.5567184349
0.0953310468, 0.7783592174
0.0476655234, 0.8891796087
0.0238327617, 0.4445898044
0.5119163808, 0.7222949022
0.7559581904, 0.8611474511
0.3779790952, 0.4305737255
0.1889895476, 0.2152868628
0.0944947738, 0.1076434314
0.5472473869, 0.0538217157
0.2736236935, 0.0269108578
0.1368118467, 0.0134554289
0.0684059234, 0.5067277145
0.0342029617, 0.2533638572
0.0171014808, 0.1266819286
0.0085507404, 0.5633409643
0.0042753702, 0.2816704822
0.0021376851, 0.1408352411
0.5010688426, 0.0704176205
0.7505344213, 0.5352088103
0.8752672106, 0.7676044051
0.4376336053, 0.3838022026
0.7188168027, 0.6919011013
0.8594084013, 0.3459505506
0.4297042007, 0.6729752753
0.2148521003, 0.3364876377
0.1074260502, 0.1682438188
0.0537130251, 0.0841219094
0.5268565125, 0.5420609547
0.7634282563, 0.7710304774
0.3817141281, 0.3855152387
0.6908570641, 0.1927576193
0.8454285320, 0.0963788097
0.9227142660, 0.0481894048
0.9613571330, 0.0240947024
0.4806785665, 0.5120473512
0.2403392833, 0.2560236756
0.6201696416, 0.1280118378
0.3100848208, 0.0640059189
0.1550424104, 0.5320029595
0.0775212052, 0.7660014797
0.5387606026, 0.3830007399
0.7693803013, 0.6915003699
0.8846901507, 0.8457501850
0.4423450753, 0.4228750925
0.7211725377, 0.2114375462
0.8605862688, 0.6057187731
0.9302931344, 0.8028593866
0.4651465672, 0.4014296933
0.7325732836, 0.7007148466
0.8662866418, 0.3503574233
0.9331433209, 0.1751787117
0.4665716605, 0.0875893558
0.2332858302, 0.0437946779
0.6166429151, 0.0218973390
0.3083214576, 0.0109486695
0.1541607288, 0.5054743347
0.5770803644, 0.2527371674
0.7885401822, 0.1263685837
0.8942700911, 0.5631842918
0.9471350455, 0.7815921459
0.4735675228, 0.8907960730
0.7367837614, 0.4453980365
0.3683918807, 0.2226990182
0.6841959403, 0.6113495091
0.8420979702, 0.8056747546
0.9210489851, 0.9028373773
0.4605244925, 0.4514186886
0.7302622463, 0.7257093443
0.3651311231, 0.3628546722
0.1825655616, 0.1814273361
0.0912827808, 0.5907136680
0.0456413904, 0.2953568340
0.0228206952, 0.1476784170
0.5114103476, 0.0738392085
0.2557051738, 0.0369196043
0.1278525869, 0.0184598021
0.5639262934, 0.5092299011
0.2819631467, 0.7546149505
0.1409815734, 0.3773074753
0.0704907867, 0.6886537376
0.0352453933, 0.3443268688
0.5176226967, 0.6721634344
0.2588113483, 0.8360817172
0.6294056742, 0.4180408586
0.8147028371, 0.2090204293
0.4073514185, 0.6045102147
0.7036757093, 0.3022551073
0.3518378546, 0.1511275537
0.6759189273, 0.5755637768
0.3379594637, 0.2877818884
0.6689797318, 0.1438909442
0.3344898659, 0.5719454721
0.1672449330, 0.2859727361
0.5836224665, 0.6429863680
0.7918112332, 0.8214931840
0.3959056166, 0.4107465920
0.6979528083, 0.2053732960
0.3489764042, 0.1026866480
0.6744882021, 0.0513433240
0.8372441010, 0.5256716620
0.4186220505, 0.2628358310
0.7093110253, 0.6314179155
0.3546555126, 0.3157089578
0.6773277563, 0.1578544789
0.8386638782, 0.5789272394
0.4193319391, 0.7894636197
0.7096659695, 0.3947318099
0.3548329848, 0.1973659049
0.1774164924, 0.0986829525
0.0887082462, 0.0493414762
0.5443541231, 0.5246707381
0.7721770615, 0.7623353691
0.8860885308, 0.3811676845
0.9430442654, 0.6905838423
0.4715221327, 0.8452919211
0.2357610663, 0.9226459606
0.1178805332, 0.4613229803
0.0589402666, 0.2306614901
0.0294701333, 0.1153307451
0.5147350666, 0.0576653725
0.7573675333, 0.5288326863
0.3786837667, 0.7644163431
0.1893418833, 0.3822081716
0.5946709417, 0.1911040858
0.7973354708, 0.0955520429
0.8986677354, 0.5477760214
0.4493338677, 0.2738880107
0.2246669339, 0.6369440054
0.1123334669, 0.8184720027
0.5561667335, 0.9092360013
0.2780833667, 0.4546180007
0.1390416834, 0.7273090003
0.5695208417, 0.8636545002
0.2847604208, 0.4318272501
0.6423802104, 0.2159136250
0.3211901052, 0.1079568125
0.6605950526, 0.5539784063
0.8302975263, 0.7769892031
0.9151487632, 0.3884946016
0.4575743816, 0.6942473008
0.2287871908, 0.3471236504
0.1143935954, 0.1735618252
0.0571967977, 0.0867809126
0.0285983988, 0.0433904563
0.0142991994, 0.5216952281
0.0071495997, 0.7608476141
0.0035747999, 0.8804238070
0.0017873999, 0.4402119035
0.0008937000, 0.7201059518
0.0004468500, 0.8600529759
0.0002234250, 0.9300264879
0.0001117125, 0.4650132440
0.0000558562, 0.2325066220
0.5000279281, 0.6162533110
0.7500139641, 0.8081266555
0.3750069820, 0.9040633277
0.1875034910, 0.9520316639
0.0937517455, 0.4760158319
0.0468758728, 0.2380079160
0.0234379364, 0.1190039580
0.0117189682, 0.5595019790
0.0058594841, 0.2797509895
0.0029297420, 0.1398754947
0.5014648710, 0.0699377474
0.7507324355, 0.0349688737
0.8753662178, 0.5174844368
0.9376831089, 0.2587422184
0.4688415544, 0.1293711092
0.7344207772, 0.0646855546
0.8672103886, 0.0323427773
0.4336051943, 0.0161713887
0.2168025972, 0.0080856943
0.1084012986, 0.0040428472
0.0542006493, 0.5020214236
0.0271003246, 0.2510107118
0.0135501623, 0.6255053559
0.5067750812, 0.3127526779
0.7533875406, 0.6563763390
0.3766937703, 0.3281881695
0.1883468851, 0.6640940847
0.5941734426, 0.3320470424
0.7970867213, 0.6660235212
0.8985433606, 0.8330117606
0.4492716803, 0.4165058803
0.7246358402, 0.7082529401
0.8623179201, 0.3541264701
0.9311589600, 0.6770632350
0.9655794800, 0.8385316175
0.4827897400, 0.9192658088
0.7413948700, 0.4596329044
0.3706974350, 0.2298164522
0.1853487175, 0.6149082261
0.0926743588, 0.3074541130
0.5463371794, 0.6537270565
0.7731685897, 0.3268635283
0.8865842948, 0.6634317641
0.9432921474, 0.8317158821
0.9716460737, 0.9158579410
0.9858230369, 0.4579289705
0.4929115184, 0.7289644853
0.2464557592, 0.8644822426
0.6232278796, 0.4322411213
0.8116139398, 0.2161205607
0.4058069699, 0.6080602803
0.2029034850, 0.3040301402
0.6014517425, 0.1520150701
0.8007258712, 0.5760075350
0.9003629356, 0.7880037675
0.4501814678, 0.3940018838
0.2250907339, 0.6970009419
0.6125453670, 0.3485004709
0.3062726835, 0.1742502355
0.6531363417, 0.0871251177
0.8265681709, 0.0435625589
0.9132840854, 0.5217812794
0.9566420427, 0.7608906397
0.9783210214, 0.8804453199
0.4891605107, 0.9402226599
0.7445802553, 0.4701113300
0.8722901277, 0.7350556650
0.4361450638, 0.3675278325
0.7180725319, 0.6837639162
0.8590362660, 0.8418819581
0.9295181330, 0.9209409791
0.9647590665, 0.9604704895
0.9823795332, 0.9802352448
0.4911897666, 0.4901176224
0.7455948833, 0.7450588112
0.8727974417, 0.3725294056
0.9363987208, 0.6862647028
0.4681993604, 0.8431323514
0.7340996802, 0.4215661757
0.3670498401, 0.2107830878
0.1835249201, 0.6053915439
0.0917624600, 0.8026957720
0.5458812300, 0.9013478860
0.2729406150, 0.4506739430
0.6364703075, 0.7253369715
0.3182351538, 0.8626684857
0.6591175769, 0.9313342429
0.8295587884, 0.4656671214
0.9147793942, 0.7328335607
0.9573896971, 0.3664167804
0.9786948486, 0.1832083902
0.9893474243, 0.0916041951
0.9946737121, 0.0458020975
0.9973368561, 0.0229010488
0.4986684280, 0.0114505244
0.2493342140, 0.5057252622
0.6246671070, 0.7528626311
0.8123335535, 0.3764313155
0.9061667768, 0.6882156578
0.9530833884, 0.8441078289
0.4765416942, 0.4220539144
0.7382708471, 0.7110269572
0.8691354235, 0.3555134786
0.9345677118, 0.1777567393
0.4672838559, 0.0888783697
0.2336419279, 0.0444391848
0.6168209640, 0.0222195924
0.3084104820, 0.0111097962
0.1542052410, 0.5055548981
0.5771026205, 0.7527774491
0.2885513102, 0.8763887245
0.6442756551, 0.9381943623
0.8221378276, 0.9690971811
0.4110689138, 0.4845485906
0.2055344569, 0.2422742953
0.6027672284, 0.6211371476
0.8013836142, 0.8105685738
0.4006918071, 0.9052842869
0.2003459036, 0.9526421435
0.1001729518, 0.9763210717
0.0500864759, 0.4881605359
0.0250432379, 0.2440802679
0.5125216190, 0.6220401340
0.7562608095, 0.8110200670
0.3781304047, 0.4055100335
0.6890652024, 0.7027550167
0.8445326012, 0.8513775084
0.4222663006, 0.4256887542
0.2111331503, 0.7128443771
0.1055665751, 0.3564221885
0.0527832876, 0.1782110943
0.0263916438, 0.0891055471
0.5131958219, 0.5445527736
0.7565979109, 0.2722763868
0.3782989555, 0.1361381934
0.6891494777, 0.0680690967
0.8445747389, 0.5340345483
0.9222873694, 0.7670172742
0.9611436847, 0.3835086371
0.9805718424, 0.6917543185
0.9902859212, 0.8458771593
0.4951429606, 0.4229385796
0.2475714803, 0.7114692898
0.1237857401, 0.8557346449
0.0618928701, 0.4278673225
0.5309464350, 0.7139336612
0.7654732175, 0.3569668306
0.3827366088, 0.1784834153
0.1913683044, 0.0892417077
0.5956841522, 0.0446208538
0.2978420761, 0.0223104269
0.6489210380, 0.5111552135
0.8244605190, 0.2555776067
0.4122302595, 0.1277888034
0.7061151298, 0.0638944017
0.3530575649, 0.0319472008
0.6765287824, 0.5159736004
0.8382643912, 0.2579868002
0.4191321956, 0.1289934001
0.7095660978, 0.0644967001
0.3547830489, 0.5322483500
0.1773915245, 0.2661241750
0.0886957622, 0.1330620875
0.5443478811, 0.0665310438
0.7721739406, 0.5332655219
0.8860869703, 0.2666327609
0.9430434851, 0.6333163805
0.9715217426, 0.3166581902
0.9857608713, 0.1583290951
0.4928804356, 0.5791645476
0.2464402178, 0.7895822738
0.1232201089, 0.3947911369
0.5616100545, 0.6973955684
0.2808050272, 0.8486977842
0.1404025136, 0.4243488921
0.0702012568, 0.7121744461
0.0351006284, 0.3560872230
0.5175503142, 0.6780436115
0.2587751571, 0.3390218058
0.1293875786, 0.1695109029
0.5646937893, 0.0847554514
0.7823468946, 0.0423777257
0.3911734473, 0.5211888629
0.1955867237, 0.7605944314
0.5977933618, 0.3802972157
0.7988966809, 0.1901486079
0.8994483405, 0.5950743039
0.9497241702, 0.7975371520
0.4748620851, 0.3987685760
0.2374310426, 0.6993842880
0.1187155213, 0.3496921440
0.0593577606, 0.1748460720
0.5296788803, 0.0874230360
0.7648394402, 0.5437115180
0.8824197201, 0.7718557590
0.4412098600, 0.3859278795
0.2206049300, 0.1929639397
0.1103024650, 0.5964819699
0.5551512325, 0.2982409849
0.7775756163, 0.6491204925
0.8887878081, 0.8245602462
0.4443939041, 0.9122801231
0.2221969520, 0.9561400616
0.6110984760, 0.4780700308
0.8055492380, 0.7390350154
0.4027746190, 0.3695175077
0.7013873095, 0.1847587538
0.8506936548, 0.5923793769
0.9253468274, 0.7961896885
0.9626734137, 0.8980948442
0.9813367068, 0.9490474221
0.4906683534, 0.9745237111
0.7453341767, 0.4872618555
0.3726670884, 0.2436309278
0.1863335442, 0.1218154639
0.0931667721, 0.0609077319
0.0465833860, 0.0304538660
0.5232916930, 0.0152269330
0.2616458465, 0.0076134665
0.6308229233, 0.5038067332
0.3154114616, 0.2519033666
0.6577057308, 0.6259516833
0.8288528654, 0.3129758417
0.4144264327, 0.1564879208
0.2072132164, 0.5782439604
0.6036066082, 0.2891219802
0.8018033041, 0.1445609901
0.4009016520, 0.5722804951
0.2004508260, 0.7861402475
0.6002254130, 0.3930701238
0.3001127065, 0.6965350619
0.6500563533, 0.3482675309
0.3250281766, 0.1741337655
0.1625140883, 0.0870668827
0.5812570442, 0.5435334414
0.2906285221, 0.2717667207
0.1453142610, 0.6358833603
0.0726571305, 0.3179416802
0.0363285653, 0.6589708401
0.0181642826, 0.3294854200
0.5090821413, 0.6647427100
0.2545410707, 0.3323713550
