0.2500000000, 0.2500000000
0.6250000000, 0.6250000000
0.3125000000, 0.8125000000
0.1562500000, 0.4062500000
0.0781250000, 0.2031250000
0.0390625000, 0.1015625000
0.0195312500, 0.0507812500
0.5097656250, 0.5253906250
0.2548828125, 0.7626953125
0.1274414062, 0.3813476562
0.5637207031, 0.6906738281
0.7818603516, 0.8453369141
0.3909301758, 0.4226684570
0.6954650879, 0.7113342285
0.8477325439, 0.3556671143
0.9238662720, 0.6778335571
0.4619331360, 0.3389167786
0.2309665680, 0.1694583893
0.1154832840, 0.0847291946
0.0577416420, 0.0423645973
0.5288708210, 0.0211822987
0.7644354105, 0.5105911493
0.3822177052, 0.2552955747
0.1911088526, 0.1276477873
0.5955544263, 0.0638238937
0.2977772132, 0.5319119468
0.1488886066, 0.7659559734
0.0744443033, 0.3829779867
0.0372221516, 0.1914889934
0.0186110758, 0.0957444967
0.5093055379, 0.0478722483
0.2546527690, 0.5239361242
0.1273263845, 0.2619680621
0.0636631922, 0.1309840310
0.0318315961, 0.0654920155
0.0159157981, 0.0327460078
0.5079578990, 0.5163730039
0.2539789495, 0.2581865019
0.6269894748, 0.1290932510
0.3134947374, 0.0645466255
0.1567473687, 0.0322733127
0.5783736843, 0.0161366564
0.2891868422, 0.0080683282
0.1445934211, 0.0040341641
0.0722967105, 0.5020170820
0.0361483553, 0.2510085410
0.0180741776, 0.1255042705
0.5090370888, 0.0627521353
0.7545185444, 0.0313760676
0.8772592722, 0.5156880338
0.9386296361, 0.7578440169
0.4693148181, 0.8789220085
0.7346574090, 0.4394610042
0.3673287045, 0.7197305021
0.6836643523, 0.3598652511
0.8418321761, 0.6799326255
0.9209160881, 0.3399663128
0.4604580440, 0.6699831564
0.7302290220, 0.3349915782
0.3651145110, 0.6674957891
0.1825572555, 0.8337478945
0.0912786278, 0.9168739473
0.5456393139, 0.4584369736
0.2728196569, 0.7292184868
0.1364098285, 0.3646092434
0.0682049142, 0.6823046217
0.0341024571, 0.8411523109
0.0170512286, 0.4205761554
0.5085256143, 0.2102880777
0.7542628071, 0.1051440389
0.8771314036, 0.5525720194
0.4385657018, 0.7762860097
0.2192828509, 0.3881430049
0.1096414254, 0.1940715024
0.0548207127, 0.5970357512
0.0274103564, 0.2985178756
0.0137051782, 0.1492589378
0.5068525891, 0.0746294689
0.2534262945, 0.0373147345
0.6267131473, 0.0186573672
0.8133565736, 0.5093286836
0.4066782868, 0.7546643418
0.7033391434, 0.3773321709
0.8516695717, 0.1886660855
0.4258347859, 0.5943330427
0.2129173929, 0.7971665214
0.6064586965, 0.3985832607
0.3032293482, 0.6992916303
0.1516146741, 0.3496458152
0.5758073371, 0.1748229076
0.7879036685, 0.5874114538
0.3939518343, 0.7937057269
0.1969759171, 0.3968528634
0.5984879586, 0.6984264317
0.2992439793, 0.3492132159
0.6496219896, 0.1746066079
0.8248109948, 0.0873033040
0.9124054974, 0.5436516520
0.4562027487, 0.7718258260
0.7281013744, 0.3859129130
0.3640506872, 0.1929564565
0.6820253436, 0.0964782282
0.3410126718, 0.5482391141
0.1705063359, 0.7741195571
0.5852531679, 0.3870597785
0.7926265840, 0.6935298893
0.8963132920, 0.8467649446
0.4481566460, 0.9233824723
0.2240783230, 0.4616912362
0.1120391615, 0.2308456181
0.0560195807, 0.6154228090
0.5280097904, 0.3077114045
0.2640048952, 0.1538557023
0.1320024476, 0.5769278511
0.5660012238, 0.2884639256
0.7830006119, 0.6442319628
0.8915003059, 0.3221159814
0.9457501530, 0.6610579907
0.4728750765, 0.3305289953
0.2364375382, 0.6652644977
0.1182187691, 0.3326322488
0.0591093846, 0.6663161244
0.5295546923, 0.3331580622
0.7647773461, 0.6665790311
0.3823886731, 0.8332895156
0.1911943365, 0.4166447578
0.5955971683, 0.2083223789
0.7977985841, 0.1041611894
0.8988992921, 0.0520805947
0.9494496460, 0.0260402974
0.4747248230, 0.0130201487
0.2373624115, 0.0065100743
0.6186812058, 0.5032550372
0.3093406029, 0.7516275186
0.1546703014, 0.3758137593
0.0773351507, 0.1879068796
0.0386675754, 0.5939534398
0.0193337877, 0.2969767199
0.5096668938, 0.1484883600
0.7548334469, 0.5742441800
0.3774167235, 0.2871220900
0.1887083617, 0.1435610450
0.5943541809, 0.0717805225
0.7971770904, 0.5358902612
0.3985885452, 0.7679451306
0.1992942726, 0.3839725653
0.0996471363, 0.1919862827
0.0498235682, 0.5959931413
0.5249117841, 0.2979965707
0.2624558920, 0.6489982853
0.1312279460, 0.8244991427
0.0656139730, 0.9122495713
0.0328069865, 0.9561247857
0.5164034933, 0.4780623928
0.7582017466, 0.7390311964
0.3791008733, 0.8695155982
0.1895504367, 0.4347577991
0.0947752183, 0.2173788996
0.5473876092, 0.1086894498
0.2736938046, 0.5543447249
0.1368469023, 0.2771723624
0.0684234511, 0.1385861812
0.0342117256, 0.5692930906
0.0171058628, 0.7846465453
0.0085529314, 0.3923232727
0.0042764657, 0.1961616363
0.5021382328, 0.5980808182
0.7510691164, 0.2990404091
0.8755345582, 0.6495202045
0.4377672791, 0.3247601023
0.2188836396, 0.1623800511
0.1094418198, 0.5811900256
0.0547209099, 0.7905950128
0.0273604549, 0.8952975064
0.0136802275, 0.4476487532
0.5068401137, 0.2238243766
0.7534200569, 0.6119121883
0.8767100284, 0.3059560941
0.9383550142, 0.6529780471
0.4691775071, 0.3264890235
0.2345887536, 0.1632445118
0.1172943768, 0.5816222559
0.0586471884, 0.7908111279
0.0293235942, 0.3954055640
0.0146617971, 0.1977027820
0.5073308985, 0.0988513910
0.2536654493, 0.5494256955
0.1268327246, 0.2747128477
0.5634163623, 0.1373564239
0.2817081812, 0.0686782119
0.6408540906, 0.5343391060
0.8204270453, 0.2671695530
0.4102135226, 0.1335847765
0.7051067613, 0.5667923882
0.3525533807, 0.2833961941
0.6762766903, 0.6416980971
0.3381383452, 0.3208490485
0.6690691726, 0.6604245243
0.3345345863, 0.3302122621
0.1672672931, 0.1651061311
0.0836336466, 0.0825530655
0.0418168233, 0.5412765328
0.0209084116, 0.2706382664
0.5104542058, 0.1353191332
0.2552271029, 0.0676595666
0.1276135515, 0.0338297833
0.0638067757, 0.5169148916
0.0319033879, 0.2584574458
0.5159516939, 0.6292287229
0.2579758470, 0.3146143615
0.6289879235, 0.6573071807
0.3144939617, 0.3286535904
0.6572469809, 0.1643267952
0.3286234904, 0.0821633976
0.6643117452, 0.5410816988
0.8321558726, 0.2705408494
0.9160779363, 0.6352704247
0.9580389682, 0.3176352123
0.4790194841, 0.1588176062
0.7395097420, 0.0794088031
0.8697548710, 0.0397044015
0.9348774355, 0.0198522008
0.9674387178, 0.5099261004
0.4837193589, 0.2549630502
0.2418596794, 0.1274815251
0.1209298397, 0.5637407625
0.0604649199, 0.2818703813
0.5302324599, 0.6409351906
0.2651162300, 0.8204675953
0.1325581150, 0.4102337977
0.0662790575, 0.7051168988
0.0331395287, 0.8525584494
0.0165697644, 0.4262792247
0.0082848822, 0.7131396124
0.5041424411, 0.3565698062
0.2520712205, 0.1782849031
0.6260356103, 0.0891424515
0.3130178051, 0.0445712258
0.6565089026, 0.5222856129
0.3282544513, 0.2611428064
0.6641272256, 0.6305714032
0.3320636128, 0.3152857016
0.6660318064, 0.6576428508
0.3330159032, 0.3288214254
0.6665079516, 0.6644107127
0.3332539758, 0.3322053564
0.6666269879, 0.6661026782
0.3333134940, 0.3330513391
0.6666567470, 0.1665256695
0.8333283735, 0.0832628348
0.9166641867, 0.0416314174
0.9583320934, 0.5208157087
0.4791660467, 0.7604078543
0.2395830233, 0.8802039272
0.1197915117, 0.9401019636
0.0598957558, 0.9700509818
0.5299478779, 0.9850254909
0.2649739390, 0.4925127454
0.1324869695, 0.2462563727
0.5662434847, 0.6231281864
0.2831217424, 0.8115640932
0.1415608712, 0.4057820466
0.5707804356, 0.7028910233
0.7853902178, 0.3514455116
0.8926951089, 0.6757227558
0.9463475544, 0.8378613779
0.4731737772, 0.4189306890
0.2365868886, 0.2094653445
0.6182934443, 0.1047326722
0.3091467222, 0.0523663361
0.1545733611, 0.5261831681
0.0772866805, 0.2630915840
0.5386433403, 0.6315457920
0.2693216701, 0.3157728960
0.1346608351, 0.1578864480
0.0673304175, 0.0789432240
0.5336652088, 0.0394716120
0.7668326044, 0.0197358060
0.8834163022, 0.5098679030
0.9417081511, 0.7549339515
0.9708540755, 0.3774669758
0.4854270378, 0.6887334879
0.2427135189, 0.3443667439
0.1213567594, 0.1721833720
0.0606783797, 0.0860916860
0.5303391899, 0.5430458430
0.2651695949, 0.7715229215
0.1325847975, 0.8857614607
0.0662923987, 0.4428807304
0.0331461994, 0.7214403652
0.0165730997, 0.3607201826
0.5082865498, 0.6803600913
0.7541432749, 0.3401800456
0.8770716375, 0.6700900228
0.9385358187, 0.3350450114
0.4692679094, 0.6675225057
0.2346339547, 0.3337612529
0.1173169773, 0.1668806264
0.0586584887, 0.0834403132
0.5293292443, 0.0417201566
0.7646646222, 0.0208600783
0.3823323111, 0.0104300392
0.1911661555, 0.5052150196
0.0955830778, 0.2526075098
0.5477915389, 0.6263037549
0.7738957694, 0.8131518774
0.8869478847, 0.9065759387
0.9434739424, 0.4532879694
0.9717369712, 0.2266439847
0.9858684856, 0.1133219923
0.9929342428, 0.5566609962
0.4964671214, 0.7783304981
0.7482335607, 0.3891652490
0.3741167803, 0.6945826245
0.1870583902, 0.8472913123
0.5935291951, 0.4236456561
0.7967645975, 0.2118228281
0.8983822988, 0.1059114140
0.9491911494, 0.0529557070
0.9745955747, 0.0264778535
0.4872977873, 0.5132389268
0.7436488937, 0.2566194634
0.3718244468, 0.1283097317
0.1859122234, 0.0641548658
0.5929561117, 0.5320774329
0.7964780559, 0.7660387165
0.3982390279, 0.3830193582
0.1991195140, 0.6915096791
0.0995597570, 0.3457548396
0.0497798785, 0.1728774198
0.5248899392, 0.0864387099
0.7624449696, 0.0432193549
0.3812224848, 0.5216096775
0.1906112424, 0.2608048387
0.0953056212, 0.1304024194
0.5476528106, 0.0652012097
0.7738264053, 0.0326006048
0.3869132027, 0.5163003024
0.6934566013, 0.7581501512
0.8467283007, 0.8790750756
0.4233641503, 0.9395375378
0.7116820752, 0.4697687689
0.8558410376, 0.2348843845
0.9279205188, 0.1174421922
0.4639602594, 0.5587210961
0.7319801297, 0.2793605481
0.8659900648, 0.6396802740
0.4329950324, 0.8198401370
0.7164975162, 0.4099200685
0.8582487581, 0.7049600343
0.9291243791, 0.8524800171
0.9645621895, 0.4262400086
0.9822810948, 0.7131200043
0.9911405474, 0.8565600021
0.9955702737, 0.9282800011
0.9977851368, 0.9641400005
0.4988925684, 0.4820700003
0.2494462842, 0.7410350001
0.1247231421, 0.3705175001
0.5623615711, 0.1852587500
0.7811807855, 0.0926293750
0.8905903928, 0.0463146875
0.9452951964, 0.5231573438
0.9726475982, 0.7615786719
0.9863237991, 0.8807893359
0.9931618995, 0.4403946680
0.9965809498, 0.7201973340
0.4982904749, 0.3600986670
0.2491452374, 0.6800493335
0.6245726187, 0.8400246667
0.3122863094, 0.4200123334
0.6561431547, 0.7100061667
0.3280715773, 0.3550030833
0.6640357887, 0.6775015417
0.3320178943, 0.3387507708
0.1660089472, 0.1693753854
0.0830044736, 0.5846876927
0.0415022368, 0.7923438464
0.5207511184, 0.3961719232
0.7603755592, 0.1980859616
0.3801877796, 0.0990429808
0.6900938898, 0.0495214904
0.8450469449, 0.5247607452
0.9225234724, 0.2623803726
0.9612617362, 0.6311901863
0.9806308681, 0.3155950931
0.4903154341, 0.6577975466
0.2451577170, 0.3288987733
0.6225788585, 0.1644493866
0.8112894293, 0.5822246933
0.4056447146, 0.7911123467
0.7028223573, 0.8955561733
0.3514111787, 0.4477780867
0.6757055893, 0.2238890433
0.3378527947, 0.6119445217
0.1689263973, 0.8059722608
0.5844631987, 0.4029861304
0.7922315993, 0.7014930652
0.8961157997, 0.8507465326
0.9480578998, 0.4253732663
0.4740289499, 0.2126866332
0.2370144750, 0.1063433166
0.6185072375, 0.5531716583
0.8092536187, 0.2765858291
0.9046268094, 0.6382929146
0.4523134047, 0.8191464573
0.7261567023, 0.4095732286
0.3630783512, 0.2047866143
0.1815391756, 0.6023933072
0.0907695878, 0.8011966536
0.0453847939, 0.4005983268
0.0226923969, 0.2002991634
0.5113461985, 0.1001495817
0.7556730992, 0.0500747908
0.3778365496, 0.5250373954
0.6889182748, 0.7625186977
0.3444591374, 0.8812593489
0.1722295687, 0.4406296744
0.0861147844, 0.7203148372
0.5430573922, 0.3601574186
0.7715286961, 0.1800787093
0.8857643480, 0.5900393547
0.9428821740, 0.7950196773
0.4714410870, 0.3975098387
0.2357205435, 0.6987549193
0.1178602718, 0.3493774597
0.5589301359, 0.6746887298
0.7794650679, 0.8373443649
0.8897325340, 0.9186721825
0.9448662670, 0.9593360912
0.4724331335, 0.4796680456
0.2362165667, 0.7398340228
0.1181082834, 0.8699170114
0.0590541417, 0.4349585057
0.0295270708, 0.7174792529
0.0147635354, 0.3587396264
0.0073817677, 0.6793698132
0.5036908839, 0.3396849066
0.2518454419, 0.1698424533
0.6259227210, 0.5849212267
0.3129613605, 0.2924606133
0.1564806802, 0.6462303067
0.0782403401, 0.3231151533
0.0391201701, 0.1615575767
0.0195600850, 0.5807787883
0.0097800425, 0.2903893942
0.0048900213, 0.1451946971
0.0024450106, 0.0725973485
0.0012225053, 0.5362986743
0.0006112527, 0.2681493371
0.5003056263, 0.1340746686
0.7501528132, 0.0670373343
0.3750764066, 0.5335186671
0.6875382033, 0.7667593336
0.3437691016, 0.3833796668
0.1718845508, 0.1916898334
0.5859422754, 0.0958449167
0.7929711377, 0.5479224583
0.8964855689, 0.7739612292
0.9482427844, 0.3869806146
0.4741213922, 0.1934903073
0.2370606961, 0.5967451536
0.1185303481, 0.2983725768
0.0592651740, 0.1491862884
0.5296325870, 0.0745931442
0.2648162935, 0.0372965721
0.1324081468, 0.5186482861
0.0662040734, 0.2593241430
0.0331020367, 0.6296620715
0.5165510183, 0.8148310358
0.2582755092, 0.4074155179
0.6291377546, 0.2037077589
0.3145688773, 0.1018538795
0.6572844386, 0.5509269397
0.3286422193, 0.2754634699
0.1643211097, 0.1377317349
0.5821605548, 0.0688658675
0.2910802774, 0.5344329337
0.1455401387, 0.7672164669
0.0727700694, 0.8836082334
0.5363850347, 0.4418041167
0.2681925173, 0.7209020584
0.1340962587, 0.3604510292
0.5670481293, 0.1802255146
0.2835240647, 0.0901127573
0.6417620323, 0.5450563786
0.8208810162, 0.7725281893
0.4104405081, 0.3862640947
0.2052202540, 0.6931320473
0.1026101270, 0.8465660237
0.0513050635, 0.9232830118
0.5256525318, 0.4616415059
0.2628262659, 0.7308207530
0.6314131329, 0.3654103765
0.8157065665, 0.1827051882
0.9078532832, 0.5913525941
0.4539266416, 0.2956762971
0.7269633208, 0.1478381485
0.8634816604, 0.5739190743
0.4317408302, 0.2869595371
0.2158704151, 0.1434797686
0.6079352076, 0.0717398843
0.8039676038, 0.5358699421
0.4019838019, 0.2679349711
0.2009919009, 0.1339674855
0.6004959505, 0.0669837428
0.8002479752, 0.0334918714
0.9001239876, 0.5167459357
0.9500619938, 0.7583729678
0.9750309969, 0.8791864839
0.9875154985, 0.4395932420
0.9937577492, 0.7197966210
0.9968788746, 0.3598983105
0.4984394373, 0.6799491552
0.2492197187, 0.8399745776
0.1246098593, 0.9199872888
0.5623049297, 0.9599936444
0.7811524648, 0.4799968222
0.8905762324, 0.2399984111
0.4452881162, 0.6199992056
0.2226440581, 0.8099996028
0.1113220291, 0.4049998014
0.5556610145, 0.2024999007
0.7778305073, 0.1012499503
0.8889152536, 0.0506249752
0.9444576268, 0.5253124876
0.9722288134, 0.7626562438
0.9861144067, 0.8813281219
0.9930572034, 0.9406640609
0.4965286017, 0.4703320305
0.2482643008, 0.7351660152
0.1241321504, 0.8675830076
0.0620660752, 0.4337915038
0.0310330376, 0.2168957519
0.0155165188, 0.1084478760
0.0077582594, 0.5542239380
0.0038791297, 0.2771119690
0.0019395649, 0.1385559845
0.5009697824, 0.5692779922
0.7504848912, 0.2846389961
0.3752424456, 0.1423194981
0.6876212228, 0.0711597490
0.8438106114, 0.5355798745
0.4219053057, 0.7677899373
0.2109526529, 0.3838949686
0.6054763264, 0.1919474843
0.3027381632, 0.0959737422
0.6513690816, 0.5479868711
0.3256845408, 0.7739934355
0.1628422704, 0.3869967178
0.5814211352, 0.1934983589
0.7907105676, 0.5967491794
0.8953552838, 0.7983745897
0.9476776419, 0.3991872949
0.4738388210, 0.6995936474
0.2369194105, 0.8497968237
0.1184597052, 0.4248984119
0.5592298526, 0.7124492059
0.2796149263, 0.8562246030
0.6398074632, 0.4281123015
0.3199037316, 0.7140561507
0.1599518658, 0.3570280754
0.0799759329, 0.1785140377
0.5399879664, 0.5892570188
0.7699939832, 0.2946285094
0.8849969916, 0.1473142547
0.9424984958, 0.5736571274
0.9712492479, 0.2868285637
0.4856246240, 0.6434142818
0.2428123120, 0.3217071409
0.1214061560, 0.6608535705
0.5607030780, 0.8304267852
0.2803515390, 0.4152133926
0.6401757695, 0.2076066963
0.8200878847, 0.6038033482
0.9100439424, 0.8019016741
0.4550219712, 0.4009508370
0.2275109856, 0.2004754185
0.6137554928, 0.6002377093
0.3068777464, 0.3001188546
0.6534388732, 0.6500594273
0.3267194366, 0.8250297137
0.1633597183, 0.4125148568
0.5816798591, 0.2062574284
0.7908399296, 0.6031287142
0.8954199648, 0.8015643571
0.9477099824, 0.4007821786
0.9738549912, 0.2003910893
0.4869274956, 0.1001955446
0.2434637478, 0.5500977723
0.1217318739, 0.2750488862
0.5608659369, 0.1375244431
0.7804329685, 0.5687622215
0.8902164842, 0.2843811108
0.9451082421, 0.1421905554
0.9725541211, 0.0710952777
0.9862770605, 0.5355476388
0.9931385303, 0.2677738194
0.9965692651, 0.6338869097
0.9982846326, 0.3169434549
0.9991423163, 0.1584717274
0.4995711581, 0.0792358637
0.2497855791, 0.5396179319
0.1248927895, 0.7698089659
0.5624463948, 0.8849044830
0.7812231974, 0.9424522415
0.3906115987, 0.4712261207
0.6953057993, 0.7356130604
0.3476528997, 0.3678065302
0.6738264498, 0.1839032651
0.8369132249, 0.5919516325
0.4184566125, 0.2959758163
0.7092283062, 0.1479879081
0.3546141531, 0.0739939541
0.6773070766, 0.5369969770
0.3386535383, 0.2684984885
0.1693267691, 0.1342492443
0.0846633846, 0.0671246221
0.5423316923, 0.0335623111
0.7711658461, 0.5167811555
0.3855829231, 0.7583905778
0.6927914615, 0.8791952889
0.3463957308, 0.4395976444
0.1731978654, 0.7197988222
0.5865989327, 0.3598994111
0.7932994663, 0.6799497056
0.3966497332, 0.8399748528
0.1983248666, 0.9199874264
0.0991624333, 0.4599937132
0.5495812166, 0.7299968566
0.7747906083, 0.3649984283
0.3873953042, 0.6824992141
0.6936976521, 0.3412496071
0.3468488260, 0.6706248035
0.1734244130, 0.3353124018
0.5867122065, 0.1676562009
0.7933561033, 0.0838281004
0.8966780516, 0.0419140502
0.4483390258, 0.0209570251
0.7241695129, 0.0104785126
0.8620847565, 0.5052392563
0.4310423782, 0.2526196281
0.2155211891, 0.6263098141
0.6077605946, 0.8131549070
0.8038802973, 0.9065774535
0.9019401486, 0.9532887268
0.4509700743, 0.4766443634
0.7254850372, 0.7383221817
0.8627425186, 0.8691610908
0.4313712593, 0.9345805454
0.7156856296, 0.4672902727
0.8578428148, 0.2336451364
0.9289214074, 0.6168225682
0.9644607037, 0.3084112841
0.4822303519, 0.6542056420
0.7411151759, 0.8271028210
0.3705575880, 0.4135514105
0.6852787940, 0.2067757053
0.3426393970, 0.1033878526
0.6713196985, 0.5516939263
0.8356598492, 0.2758469632
0.4178299246, 0.1379234816
0.7089149623, 0.0689617408
0.8544574812, 0.0344808704
0.9272287406, 0.5172404352
0.9636143703, 0.7586202176
0.9818071851, 0.3793101088
0.9909035926, 0.1896550544
0.4954517963, 0.5948275272
0.2477258981, 0.2974137636
0.6238629491, 0.1487068818
0.8119314745, 0.5743534409
0.9059657373, 0.7871767204
0.9529828686, 0.3935883602
0.4764914343, 0.6967941801
0.7382457172, 0.3483970901
0.3691228586, 0.6741985450
0.1845614293, 0.3370992725
0.0922807146, 0.1685496363
0.0461403573, 0.0842748181
0.0230701787, 0.0421374091
0.5115350893, 0.0210687045
0.2557675447, 0.0105343523
0.6278837723, 0.0052671761
0.8139418862, 0.0026335881
0.4069709431, 0.5013167940
0.7034854715, 0.2506583970
0.3517427358, 0.6253291985
0.1758713679, 0.3126645993
0.5879356839, 0.6563322996
0.2939678420, 0.3281661498
0.1469839210, 0.1640830749
0.0734919605, 0.5820415375
0.0367459802, 0.2910207687
0.0183729901, 0.6455103844
0.0091864951, 0.3227551922
0.5045932475, 0.6613775961
0.7522966238, 0.8306887980
0.3761483119, 0.4153443990
0.6880741559, 0.7076721995
0.8440370780, 0.3538360998
0.4220185390, 0.6769180499
0.2110092695, 0.3384590249
0.6055046347, 0.6692295125
0.3027523174, 0.3346147562
0.1513761587, 0.1673073781
0.5756880793, 0.0836536891
0.7878440397, 0.5418268445
0.8939220198, 0.2709134223
0.9469610099, 0.6354567111
0.9734805050, 0.3177283556
0.9867402525, 0.1588641778
0.9933701262, 0.0794320889
0.9966850631, 0.5397160444
0.9983425316, 0.2698580222
0.4991712658, 0.1349290111
0.7495856329, 0.0674645056
0.3747928164, 0.5337322528
0.1873964082, 0.2668661264
0.0936982041, 0.1334330632
0.5468491021, 0.0667165316
0.7734245510, 0.5333582658
0.8867122755, 0.7666791329
0.9433561378, 0.8833395664
0.4716780689, 0.4416697832
0.2358390344, 0.7208348916
0.6179195172, 0.3604174458
0.8089597586, 0.1802087229
0.9044798793, 0.5901043615
0.4522399397, 0.7950521807
0.2261199698, 0.3975260904
0.1130599849, 0.6987630452
0.0565299925, 0.3493815226
0.5282649962, 0.6746907613
0.7641324981, 0.3373453806
0.3820662491, 0.1686726903
0.6910331245, 0.5843363452
0.8455165623, 0.2921681726
0.4227582811, 0.1460840863
0.2113791406, 0.0730420431
0.6056895703, 0.0365210216
0.8028447851, 0.5182605108
0.4014223926, 0.2591302554
0.2007111963, 0.6295651277
0.6003555981, 0.3147825638
0.8001777991, 0.6573912819
0.4000888995, 0.3286956410
0.7000444498, 0.1643478205
0.8500222249, 0.5821739102
0.9250111124, 0.7910869551
0.4625055562, 0.3955434776
0.2312527781, 0.1977717388
0.6156263891, 0.5988858694
0.8078131945, 0.2994429347
0.9039065973, 0.6497214673
0.4519532986, 0.8248607337
0.2259766493, 0.4124303668
0.6129883247, 0.2062151834
0.3064941623, 0.6031075917
0.1532470812, 0.3015537959
0.5766235406, 0.6507768979
0.7883117703, 0.8253884490
0.3941558851, 0.4126942245
0.1970779426, 0.2063471122
0.0985389713, 0.1031735561
0.5492694856, 0.5515867781
0.7746347428, 0.7757933890
0.3873173714, 0.8878966945
0.1936586857, 0.9439483473
0.5968293429, 0.9719741736
0.2984146714, 0.4859870868
0.6492073357, 0.2429935434
0.3246036679, 0.1214967717
0.1623018339, 0.5607483859
0.0811509170, 0.7803741929
0.0405754585, 0.3901870965
0.5202877292, 0.6950935482
0.2601438646, 0.3475467741
0.1300719323, 0.1737733871
0.5650359662, 0.0868866935
0.2825179831, 0.0434433468
0.1412589915, 0.5217216734
0.5706294958, 0.2608608367
0.2853147479, 0.1304304183
0.6426573739, 0.0652152092
0.8213286870, 0.0326076046
0.4106643435, 0.5163038023
0.2053321717, 0.2581519011
0.6026660859, 0.1290759506
0.8013330429, 0.0645379753
0.4006665215, 0.0322689876
0.2003332607, 0.0161344938
0.1001666304, 0.0080672469
0.5500833152, 0.5040336235
0.2750416576, 0.2520168117
0.6375208288, 0.6260084059
0.8187604144, 0.8130042029
0.9093802072, 0.9065021015
0.9546901036, 0.9532510507
0.4773450518, 0.4766255254
0.2386725259, 0.2383127627
0.6193362629, 0.6191563813
0.3096681315, 0.3095781907
0.6548340657, 0.1547890953
0.8274170329, 0.0773945477
0.9137085164, 0.5386972738
0.9568542582, 0.2693486369
0.4784271291, 0.6346743185
0.2392135646, 0.8173371592
0.1196067823, 0.4086685796
0.5598033911, 0.2043342898
0.7799016956, 0.6021671449
0.8899508478, 0.3010835725
0.9449754239, 0.1505417862
0.4724877119, 0.0752708931
0.7362438560, 0.5376354466
0.8681219280, 0.2688177233
0.4340609640, 0.6344088616
0.2170304820, 0.8172044308
0.1085152410, 0.4086022154
0.5542576205, 0.2043011077
0.7771288102, 0.1021505539
0.8885644051, 0.5510752769
0.9442822026, 0.2755376385
0.4721411013, 0.6377688192
0.2360705506, 0.3188844096
0.6180352753, 0.6594422048
0.8090176377, 0.8297211024
0.4045088188, 0.4148605512
0.2022544094, 0.2074302756
0.6011272047, 0.6037151378
0.8005636024, 0.3018575689
0.9002818012, 0.6509287845
0.4501409006, 0.8254643922
0.7250704503, 0.4127321961
0.3625352251, 0.7063660981
0.1812676126, 0.3531830490
0.5906338063, 0.6765915245
0.2953169031, 0.8382957623
0.1476584516, 0.4191478811
0.5738292258, 0.2095739406
0.2869146129, 0.1047869703
0.6434573064, 0.0523934851
0.3217286532, 0.0261967426
0.6608643266, 0.5130983713
0.3304321633, 0.2565491856
0.6652160817, 0.6282745928
0.8326080408, 0.8141372964
0.4163040204, 0.4070686482
0.2081520102, 0.2035343241
0.6040760051, 0.1017671621
0.8020380026, 0.5508835810
0.9010190013, 0.2754417905
0.9505095006, 0.1377208953
0.4752547503, 0.5688604476
0.2376273752, 0.7844302238
0.6188136876, 0.3922151119
0.8094068438, 0.6961075560
0.9047034219, 0.3480537780
0.9523517109, 0.1740268890
0.4761758555, 0.0870134445
0.7380879277, 0.0435067222
0.3690439639, 0.5217533611
0.1845219819, 0.7608766806
0.5922609910, 0.3804383403
0.2961304955, 0.6902191701
0.6480652477, 0.8451095851
0.3240326239, 0.4225547925
0.6620163119, 0.2112773963
0.3310081560, 0.1056386981
0.6655040780, 0.0528193491
0.3327520390, 0.5264096745
0.1663760195, 0.7632048373
0.0831880097, 0.8816024186
0.5415940049, 0.9408012093
0.2707970024, 0.4704006047
0.1353985012, 0.7352003023
0.5676992506, 0.8676001512
0.7838496253, 0.4338000756
0.3919248127, 0.7169000378
0.1959624063, 0.3584500189
0.5979812032, 0.6792250094
0.7989906016, 0.8396125047
0.8994953008, 0.4198062524
0.9497476504, 0.7099031262
0.9748738252, 0.3549515631
0.4874369126, 0.1774757815
0.7437184563, 0.0887378908
0.3718592281, 0.5443689454
0.6859296141, 0.2721844727
0.8429648070, 0.6360922363
0.4214824035, 0.8180461182
0.2107412018, 0.4090230591
0.6053706009, 0.7045115295
0.3026853004, 0.3522557648
0.6513426502, 0.6761278824
0.3256713251, 0.3380639412
0.1628356626, 0.6690319706
0.0814178313, 0.3345159853
0.0407089156, 0.1672579926
0.0203544578, 0.5836289963
0.5101772289, 0.2918144982
0.7550886145, 0.6459072491
0.8775443072, 0.8229536245
0.4387721536, 0.4114768123
0.2193860768, 0.2057384061
0.6096930384, 0.6028692031
0.8048465192, 0.8014346015
0.9024232596, 0.9007173008
0.4512116298, 0.9503586504
0.7256058149, 0.4751793252
0.3628029075, 0.7375896626
0.6814014537, 0.3687948313
0.3407007269, 0.1843974156
0.1703503634, 0.0921987078
0.5851751817, 0.0460993539
0.2925875909, 0.0230496770
0.6462937954, 0.5115248385
0.8231468977, 0.7557624192
0.4115734489, 0.8778812096
0.2057867244, 0.9389406048
0.1028933622, 0.9694703024
0.5514466811, 0.9847351512
0.7757233406, 0.4923675756
0.8878616703, 0.2461837878
0.4439308351, 0.1230918939
0.7219654176, 0.0615459470
0.3609827088, 0.0307729735
0.6804913544, 0.5153864867
0.3402456772, 0.2576932434
0.1701228386, 0.6288466217
0.0850614193, 0.3144233108
0.5425307096, 0.1572116554
0.2712653548, 0.0786058277
0.1356326774, 0.0393029139
0.0678163387, 0.0196514569
0.5339081694, 0.0098257285
0.2669540847, 0.0049128642
0.6334770423, 0.0024564321
0.8167385212, 0.5012282161
0.9083692606, 0.7506141080
0.4541846303, 0.8753070540
0.2270923151, 0.4376535270
0.6135461576, 0.7188267635
0.3067730788, 0.3594133818
0.6533865394, 0.1797066909
0.8266932697, 0.0898533454
0.4133466348, 0.0449266727
0.7066733174, 0.0224633364
0.3533366587, 0.0112316682
0.6766683294, 0.5056158341
0.3383341647, 0.7528079170
0.1691670823, 0.3764039585
0.5845835412, 0.1882019793
0.7922917706, 0.0941009896
0.8961458853, 0.5470504948
0.4480729426, 0.2735252474
0.7240364713, 0.1367626237
0.8620182357, 0.0683813119
0.4310091178, 0.5341906559
0.2155045589, 0.7670953280
0.1077522795, 0.3835476640
0.5538761397, 0.6917738320
0.7769380699, 0.3458869160
0.8884690349, 0.1729434580
0.4442345175, 0.0864717290
0.7221172587, 0.0432358645
0.8610586294, 0.5216179322
0.9305293147, 0.2608089661
0.4652646573, 0.1304044831
0.7326323287, 0.0652022415
0.8663161643, 0.5326011208
0.4331580822, 0.7663005604
0.7165790411, 0.3831502802
0.3582895205, 0.6915751401
0.1791447603, 0.3457875700
0.5895723801, 0.6728937850
0.7947861901, 0.8364468925
0.8973930950, 0.9182234463
0.4486965475, 0.9591117231
0.7243482738, 0.4795558616
0.3621741369, 0.7397779308
0.6810870684, 0.8698889654
0.8405435342, 0.4349444827
0.9202717671, 0.2174722413
0.9601358836, 0.6087361207
0.9800679418, 0.8043680603
0.9900339709, 0.4021840302
0.9950169854, 0.7010920151
0.4975084927, 0.3505460075
0.7487542464, 0.1752730038
0.3743771232, 0.0876365019
0.1871885616, 0.5438182509
0.0935942808, 0.2719091255
0.0467971404, 0.6359545627
0.0233985702, 0.8179772814
0.0116992851, 0.9089886407
0.0058496425, 0.4544943203
0.5029248213, 0.7272471602
0.2514624106, 0.3636235801
0.1257312053, 0.1818117900
0.0628656027, 0.0909058950
0.5314328013, 0.0454529475
0.7657164007, 0.5227264738
0.3828582003, 0.2613632369
0.1914291002, 0.6306816184
0.5957145501, 0.8153408092
0.2978572750, 0.4076704046
0.1489286375, 0.7038352023
0.0744643188, 0.3519176012
0.5372321594, 0.6759588006
0.2686160797, 0.8379794003
0.6343080398, 0.4189897001
0.3171540199, 0.7094948501
0.1585770100, 0.8547474250
0.0792885050, 0.4273737125
0.5396442525, 0.7136868563
0.2698221262, 0.8568434281
0.1349110631, 0.4284217141
0.5674555316, 0.7142108570
0.7837277658, 0.3571054285
0.3918638829, 0.1785527143
0.6959319414, 0.5892763571
0.3479659707, 0.7946381786
0.1739829854, 0.3973190893
0.0869914927, 0.1986595446
0.5434957463, 0.0993297723
0.7717478732, 0.0496648862
0.8858739366, 0.5248324431
0.4429369683, 0.7624162215
0.2214684841, 0.3812081108
0.6107342421, 0.6906040554
0.8053671210, 0.8453020277
0.9026835605, 0.9226510138
0.4513417803, 0.4613255069
0.7256708901, 0.2306627535
0.3628354451, 0.6153313767
0.1814177225, 0.8076656884
0.5907088613, 0.4038328442
0.2953544306, 0.2019164221
0.1476772153, 0.1009582110
0.5738386077, 0.0504791055
0.2869193038, 0.0252395528
0.1434596519, 0.0126197764
0.5717298260, 0.0063098882
0.7858649130, 0.5031549441
0.3929324565, 0.2515774720
0.6964662282, 0.6257887360
0.3482331141, 0.3128943680
0.6741165571, 0.6564471840
0.3370582785, 0.3282235920
0.6685291393, 0.6641117960
0.8342645696, 0.8320558980
0.9171322848, 0.9160279490
0.4585661424, 0.4580139745
0.2292830712, 0.2290069873
0.6146415356, 0.1145034936
0.3073207678, 0.5572517468
0.1536603839, 0.7786258734
0.0768301920, 0.3893129367
0.5384150960, 0.6946564684
0.7692075480, 0.8473282342
0.3846037740, 0.4236641171
0.6923018870, 0.7118320585
0.8461509435, 0.3559160293
0.9230754717, 0.6779580146
0.4615377359, 0.3389790073
0.2307688679, 0.1694895037
0.1153844340, 0.0847447518
0.5576922170, 0.5423723759
0.7788461085, 0.7711861880
0.3894230542, 0.8855930940
0.6947115271, 0.4427965470
0.8473557636, 0.7213982735
0.9236778818, 0.8606991367
0.9618389409, 0.9303495684
0.4809194704, 0.9651747842
0.7404597352, 0.4825873921
0.8702298676, 0.2412936960
0.9351149338, 0.1206468480
0.9675574669, 0.0603234240
0.9837787335, 0.5301617120
0.4918893667, 0.2650808560
0.2459446834, 0.6325404280
0.6229723417, 0.8162702140
0.3114861708, 0.4081351070
0.6557430854, 0.2040675535
0.8278715427, 0.6020337768
0.9139357714, 0.8010168884
0.4569678857, 0.4005084442
0.2284839428, 0.2002542221
0.6142419714, 0.6001271110
0.8071209857, 0.3000635555
0.9035604929, 0.6500317778
0.4517802464, 0.3250158889
0.7258901232, 0.1625079444
0.8629450616, 0.5812539722
0.9314725308, 0.2906269861
0.9657362654, 0.6453134931
0.9828681327, 0.3226567465
0.9914340664, 0.6613283733
0.9957170332, 0.8306641866
0.4978585166, 0.4153320933
0.7489292583, 0.2076660467
0.8744646291, 0.6038330233
0.9372323146, 0.8019165117
0.9686161573, 0.9009582558
0.9843080786, 0.9504791279
0.4921540393, 0.4752395640
0.7460770197, 0.7376197820
0.3730385098, 0.3688098910
0.1865192549, 0.1844049455
0.0932596275, 0.5922024727
0.0466298137, 0.2961012364
0.0233149069, 0.1480506182
0.5116574534, 0.0740253091
0.2558287267, 0.5370126545
0.1279143634, 0.2685063273
0.5639571817, 0.6342531636
0.2819785908, 0.8171265818
0.1409892954, 0.4085632909
0.0704946477, 0.2042816455
0.0352473239, 0.1021408227
0.5176236619, 0.5510704114
0.2588118310, 0.2755352057
0.6294059155, 0.1377676028
0.8147029577, 0.0688838014
0.4073514789, 0.5344419007
0.2036757394, 0.2672209504
0.1018378697, 0.6336104752
0.5509189349, 0.8168052376
0.2754594674, 0.9084026188
0.6377297337, 0.4542013094
0.3188648669, 0.7271006547
0.1594324334, 0.3635503273
0.5797162167, 0.6817751637
0.7898581084, 0.8408875818
0.8949290542, 0.4204437909
0.9474645271, 0.2102218955
0.4737322635, 0.1051109477
0.2368661318, 0.5525554739
0.6184330659, 0.7762777369
0.3092165329, 0.3881388685
0.6546082665, 0.6940694342
0.3273041332, 0.3470347171
0.1636520666, 0.6735173586
0.5818260333, 0.3367586793
0.7909130167, 0.1683793396
0.8954565083, 0.0841896698
0.4477282542, 0.5420948349
0.2238641271, 0.2710474175
0.1119320635, 0.1355237087
0.5559660318, 0.5677618544
0.7779830159, 0.7838809272
0.8889915079, 0.3919404636
0.9444957540, 0.1959702318
0.4722478770, 0.0979851159
0.7361239385, 0.0489925579
0.8680619692, 0.0244962790
0.9340309846, 0.5122481395
0.9670154923, 0.7561240697
0.9835077462, 0.3780620349
0.9917538731, 0.6890310174
0.9958769365, 0.8445155087
0.9979384683, 0.4222577544
0.9989692341, 0.2111288772
0.9994846171, 0.6055644386
0.9997423085, 0.8027822193
0.9998711543, 0.4013911096
0.4999355771, 0.7006955548
0.2499677886, 0.8503477774
0.1249838943, 0.4251738887
0.0624919471, 0.7125869444
0.0312459736, 0.3562934722
0.5156229868, 0.6781467361
0.2578114934, 0.8390733680
0.6289057467, 0.4195366840
0.3144528733, 0.2097683420
0.1572264367, 0.1048841710
0.0786132183, 0.5524420855
0.5393066092, 0.2762210428
0.2696533046, 0.6381105214
0.1348266523, 0.8190552607
0.0674133261, 0.4095276303
0.0337066631, 0.2047638152
0.0168533315, 0.1023819076
0.5084266658, 0.0511909538
0.2542133329, 0.5255954769
0.6271066664, 0.7627977384
0.3135533332, 0.8813988692
0.1567766666, 0.4406994346
0.5783883333, 0.7203497173
0.7891941667, 0.8601748587
0.8945970833, 0.4300874293
0.4472985417, 0.7150437147
0.2236492708, 0.3575218573
0.1118246354, 0.1787609287
0.5559123177, 0.0893804643
0.2779561589, 0.0446902322
0.6389780794, 0.5223451161
0.3194890397, 0.2611725580
0.1597445199, 0.6305862790
0.0798722599, 0.3152931395
0.5399361300, 0.6576465698
0.7699680650, 0.8288232849
0.8849840325, 0.4144116424
0.4424920162, 0.7072058212
0.2212460081, 0.3536029106
0.6106230041, 0.1768014553
0.3053115020, 0.0884007277
0.6526557510, 0.5442003638
0.8263278755, 0.2721001819
0.9131639378, 0.1360500910
0.9565819689, 0.5680250455
0.4782909844, 0.2840125227
0.2391454922, 0.6420062614
0.1195727461, 0.3210031307
0.0597863731, 0.1605015653
0.0298931865, 0.5802507827
0.0149465933, 0.2901253913
0.0074732966, 0.1450626957
0.0037366483, 0.5725313478
0.0018683242, 0.2862656739
0.0009341621, 0.1431328370
0.0004670810, 0.5715664185
0.5002335405, 0.2857832092
0.7501167703, 0.6428916046
0.8750583851, 0.8214458023
0.9375291926, 0.4107229012
0.4687645963, 0.7053614506
0.7343822981, 0.3526807253
0.8671911491, 0.6763403626
0.9335955745, 0.8381701813
0.9667977873, 0.4190850907
0.9833988936, 0.2095425453
0.4916994468, 0.1047712727
0.2458497234, 0.5523856363
0.6229248617, 0.2761928182
0.3114624309, 0.6380964091
0.6557312154, 0.3190482045
0.8278656077, 0.6595241023
0.9139328039, 0.8297620511
0.9569664019, 0.4148810256
0.4784832010, 0.2074405128
0.7392416005, 0.1037202564
0.8696208002, 0.0518601282
0.9348104001, 0.0259300641
0.9674052001, 0.0129650320
0.4837026000, 0.5064825160
0.7418513000, 0.2532412580
0.3709256500, 0.6266206290
0.6854628250, 0.3133103145
0.8427314125, 0.6566551573
0.9213657063, 0.3283275786
0.9606828531, 0.1641637893
0.9803414266, 0.5820818947
0.4901707133, 0.2910409473
0.7450853566, 0.6455204737
0.8725426783, 0.8227602368
0.9362713392, 0.9113801184
0.4681356696, 0.9556900592
0.2340678348, 0.4778450296
0.1170339174, 0.2389225148
0.0585169587, 0.1194612574
0.0292584793, 0.0597306287
0.5146292397, 0.5298653144
0.2573146198, 0.7649326572
0.6286573099, 0.3824663286
0.8143286550, 0.6912331643
0.4071643275, 0.8456165821
0.2035821637, 0.4228082911
0.6017910819, 0.2114041455
0.8008955409, 0.1057020728
0.4004477705, 0.0528510364
0.2002238852, 0.0264255182
0.6001119426, 0.0132127591
0.3000559713, 0.0066063795
0.6500279857, 0.5033031898
0.8250139928, 0.7516515949
0.9125069964, 0.3758257974
0.9562534982, 0.6879128987
0.9781267491, 0.3439564494
0.9890633746, 0.1719782247
0.9945316873, 0.0859891123
0.9972658436, 0.0429945562
0.9986329218, 0.0214972781
0.4993164609, 0.0107486390
0.7496582305, 0.0053743195
0.8748291152, 0.5026871598
0.9374145576, 0.2513435799
0.9687072788, 0.6256717899
0.9843536394, 0.8128358950
0.4921768197, 0.4064179475
0.7460884099, 0.7032089737
0.8730442049, 0.3516044869
0.9365221025, 0.1758022434
0.9682610512, 0.5879011217
0.4841305256, 0.2939505609
0.7420652628, 0.1469752804
0.3710326314, 0.0734876402
0.1855163157, 0.0367438201
0.5927581579, 0.5183719101
0.7963790789, 0.7591859550
0.8981895395, 0.8795929775
0.9490947697, 0.9397964888
0.4745473849, 0.4698982444
0.2372736924, 0.2349491222
0.6186368462, 0.6174745611
0.3093184231, 0.3087372805
0.1546592116, 0.6543686403
0.0773296058, 0.8271843201
0.0386648029, 0.4135921601
0.0193324014, 0.7067960800
0.0096662007, 0.3533980400
0.0048331004, 0.1766990200
0.5024165502, 0.5883495100
0.2512082751, 0.2941747550
0.1256041375, 0.1470873775
0.0628020688, 0.0735436888
0.0314010344, 0.5367718444
0.5157005172, 0.2683859222
0.2578502586, 0.1341929611
0.6289251293, 0.5670964805
0.3144625646, 0.2835482403
0.6572312823, 0.6417741201
0.8286156412, 0.3208870601
0.4143078206, 0.1604435300
0.7071539103, 0.0802217650
0.8535769551, 0.5401108825
0.9267884776, 0.7700554413
0.9633942388, 0.3850277206
0.9816971194, 0.6925138603
0.9908485597, 0.8462569302
0.4954242798, 0.4231284651
0.2477121399, 0.7115642325
0.1238560700, 0.8557821163
0.5619280350, 0.4278910581
0.2809640175, 0.7139455291
0.1404820087, 0.3569727645
0.0702410044, 0.1784863823
0.0351205022, 0.0892431911
0.5175602511, 0.0446215956
0.2587801255, 0.0223107978
0.6293900628, 0.5111553989
0.8146950314, 0.2555776994
0.4073475157, 0.1277888497
0.7036737578, 0.0638944249
0.8518368789, 0.0319472124
0.9259184395, 0.5159736062
0.9629592197, 0.2579868031
0.9814796099, 0.1289934016
0.9907398049, 0.5644967008
0.9953699025, 0.2822483504
0.4976849512, 0.1411241752
0.7488424756, 0.0705620876
0.8744212378, 0.0352810438
0.9372106189, 0.0176405219
0.9686053095, 0.0088202609
0.9843026547, 0.5044101305
0.9921513274, 0.2522050652
0.9960756637, 0.6261025326
0.9980378318, 0.8130512663
0.4990189159, 0.9065256332
0.2495094580, 0.4532628166
0.1247547290, 0.7266314083
0.5623773645, 0.3633157041
0.7811886822, 0.1816578521
0.3905943411, 0.5908289260
0.1952971706, 0.2954144630
0.5976485853, 0.6477072315
0.7988242926, 0.8238536158
0.8994121463, 0.4119268079
0.4497060732, 0.2059634039
0.2248530366, 0.6029817020
0.1124265183, 0.8014908510
0.5562132591, 0.4007454255
0.2781066296, 0.2003727127
0.6390533148, 0.1001863564
0.8195266574, 0.5500931782
0.9097633287, 0.7750465891
0.4548816643, 0.3875232945
0.2274408322, 0.1937616473
0.1137204161, 0.5968808236
0.0568602080, 0.2984404118
0.5284301040, 0.6492202059
0.7642150520, 0.8246101030
0.3821075260, 0.9123050515
0.6910537630, 0.4561525257
0.3455268815, 0.7280762629
0.1727634408, 0.3640381314
0.5863817204, 0.1820190657
0.7931908602, 0.5910095329
0.8965954301, 0.7955047664
0.4482977150, 0.8977523832
0.2241488575, 0.9488761916
0.6120744288, 0.4744380958
0.8060372144, 0.7372190479
0.4030186072, 0.3686095240
0.7015093036, 0.1843047620
0.8507546518, 0.5921523810
0.9253773259, 0.7960761905
0.9626886629, 0.8980380952
0.9813443315, 0.9490190476
0.4906721657, 0.9745095238
0.7453360829, 0.9872547619
0.3726680414, 0.4936273810
0.1863340207, 0.2468136905
0.0931670104, 0.6234068452
0.0465835052, 0.3117034226
0.5232917526, 0.1558517113
0.2616458763, 0.5779258557
0.1308229381, 0.2889629278
0.0654114691, 0.1444814639
0.5327057345, 0.0722407320
0.7663528673, 0.0361203660
0.8831764336, 0.0180601830
0.9415882168, 0.0090300915
0.4707941084, 0.0045150457
0.7353970542, 0.0022575229
0.8676985271, 0.5011287614
0.4338492636, 0.7505643807
0.2169246318, 0.8752821904
0.6084623159, 0.4376410952
0.3042311579, 0.2188205476
0.6521155790, 0.1094102738
0.3260577895, 0.0547051369
0.6630288947, 0.0273525684
0.3315144474, 0.0136762842
0.1657572237, 0.0068381421
0.5828786118, 0.5034190711
0.2914393059, 0.7517095355
0.6457196530, 0.3758547678
0.8228598265, 0.1879273839
0.9114299132, 0.0939636919
0.4557149566, 0.5469818460
0.7278574783, 0.7734909230
0.3639287392, 0.8867454615
0.1819643696, 0.4433727307
0.0909821848, 0.2216863654
0.5454910924, 0.1108431827
0.7727455462, 0.0554215913
0.8863727731, 0.0277107957
0.9431863865, 0.0138553978
0.4715931933, 0.0069276989
0.7357965966, 0.5034638495
0.3678982983, 0.2517319247
0.1839491492, 0.1258659624
0.0919745746, 0.0629329812
0.0459872873, 0.0314664906
0.0229936436, 0.0157332453
0.0114968218, 0.0078666226
0.0057484109, 0.0039333113
0.0028742055, 0.5019666557
0.5014371027, 0.2509833278
0.2507185514, 0.6254916639
0.1253592757, 0.8127458320
0.5626796378, 0.4063729160
0.7813398189, 0.2031864580
0.8906699095, 0.6015932290
0.9453349547, 0.3007966145
0.9726674774, 0.1503983072
0.9863337387, 0.0751991536
0.4931668693, 0.5375995768
0.7465834347, 0.2687997884
0.3732917173, 0.1343998942
0.1866458587, 0.5671999471
0.5933229293, 0.2835999736
