0.2500000000, 0.2500000000
0.6250000000, 0.6250000000
0.3125000000, 0.8125000000
0.1562500000, 0.4062500000
0.0781250000, 0.2031250000
0.0390625000, 0.1015625000
0.0195312500, 0.0507812500
0.5097656250, 0.5253906250
0.2548828125, 0.7626953125
0.1274414062, 0.3813476562
0.5637207031, 0.6906738281
0.7818603516, 0.8453369141
0.3909301758, 0.4226684570
0.6954650879, 0.7113342285
0.8477325439, 0.3556671143
0.9238662720, 0.6778335571
0.4619331360, 0.3389167786
0.2309665680, 0.1694583893
0.1154832840, 0.0847291946
0.0577416420, 0.0423645973
0.5288708210, 0.0211822987
0.7644354105, 0.5105911493
0.3822177052, 0.2552955747
0.1911088526, 0.1276477873
0.5955544263, 0.0638238937
0.2977772132, 0.5319119468
0.1488886066, 0.7659559734
0.0744443033, 0.3829779867
0.0372221516, 0.1914889934
0.0186110758, 0.0957444967
0.5093055379, 0.0478722483
0.2546527690, 0.5239361242
0.1273263845, 0.2619680621
0.0636631922, 0.1309840310
0.0318315961, 0.0654920155
0.0159157981, 0.0327460078
0.5079578990, 0.5163730039
0.2539789495, 0.2581865019
0.6269894748, 0.1290932510
0.3134947374, 0.0645466255
0.1567473687, 0.0322733127
0.5783736843, 0.0161366564
0.2891868422, 0.0080683282
0.1445934211, 0.0040341641
0.0722967105, 0.5020170820
0.0361483553, 0.2510085410
0.0180741776, 0.1255042705
0.5090370888, 0.0627521353
0.7545185444, 0.0313760676
0.8772592722, 0.5156880338
0.9386296361, 0.7578440169
0.4693148181, 0.8789220085
0.7346574090, 0.4394610042
0.3673287045, 0.7197305021
0.6836643523, 0.3598652511
0.8418321761, 0.6799326255
0.9209160881, 0.3399663128
0.4604580440, 0.6699831564
0.7302290220, 0.3349915782
0.3651145110, 0.6674957891
0.6825572555, 0.3337478945
0.3412786278, 0.6668739473
0.6706393139, 0.3334369736
0.3353196569, 0.6667184868
0.1676598285, 0.3333592434
0.0838299142, 0.6666796217
0.5419149571, 0.3333398109
0.2709574786, 0.1666699054
0.6354787393, 0.0833349527
0.8177393696, 0.0416674764
0.9088696848, 0.5208337382
0.4544348424, 0.7604168691
0.2272174212, 0.3802084345
0.1136087106, 0.1901042173
0.0568043553, 0.5950521086
0.0284021777, 0.2975260543
0.0142010888, 0.1487630272
0.5071005444, 0.0743815136
0.2535502722, 0.0371907568
0.6267751361, 0.0185953784
0.8133875681, 0.5092976892
0.4066937840, 0.7546488446
0.7033468920, 0.3773244223
0.8516734460, 0.1886622111
0.4258367230, 0.5943311056
0.2129183615, 0.7971655528
0.6064591808, 0.3985827764
0.3032295904, 0.6992913882
0.1516147952, 0.3496456941
0.5758073976, 0.1748228470
0.7879036988, 0.5874114235
0.3939518494, 0.7937057118
0.1969759247, 0.3968528559
0.5984879623, 0.6984264279
0.2992439812, 0.3492132140
0.6496219906, 0.1746066070
0.8248109953, 0.0873033035
0.9124054976, 0.5436516517
0.4562027488, 0.7718258259
0.7281013744, 0.3859129129
0.3640506872, 0.1929564565
0.6820253436, 0.0964782282
0.3410126718, 0.5482391141
0.1705063359, 0.7741195571
0.5852531680, 0.3870597785
0.7926265840, 0.6935298893
0.8963132920, 0.8467649446
0.4481566460, 0.9233824723
0.2240783230, 0.4616912362
0.1120391615, 0.2308456181
0.0560195807, 0.6154228090
0.5280097904, 0.3077114045
0.2640048952, 0.1538557023
0.1320024476, 0.5769278511
0.5660012238, 0.2884639256
0.7830006119, 0.6442319628
0.8915003059, 0.3221159814
0.9457501530, 0.6610579907
0.4728750765, 0.3305289953
0.2364375382, 0.6652644977
0.1182187691, 0.3326322488
0.5591093846, 0.1663161244
0.7795546923, 0.0831580622
0.3897773461, 0.0415790311
0.1948886731, 0.5207895156
0.0974443365, 0.2603947578
0.5487221683, 0.1301973789
0.7743610841, 0.0650986894
0.8871805421, 0.0325493447
0.9435902710, 0.0162746724
0.4717951355, 0.0081373362
0.2358975678, 0.0040686681
0.6179487839, 0.5020343340
0.3089743919, 0.7510171670
0.1544871960, 0.3755085835
0.0772435980, 0.1877542918
0.0386217990, 0.5938771459
0.0193108995, 0.2969385729
0.5096554497, 0.1484692865
0.7548277249, 0.5742346432
0.3774138624, 0.2871173216
0.1887069312, 0.1435586608
0.5943534656, 0.0717793304
0.7971767328, 0.5358896652
0.3985883664, 0.7679448326
0.1992941832, 0.3839724163
0.0996470916, 0.1919862082
0.5498235458, 0.0959931041
0.7749117729, 0.0479965520
0.3874558865, 0.5239982760
0.1937279432, 0.7619991380
0.0968639716, 0.8809995690
0.0484319858, 0.9404997845
0.5242159929, 0.4702498923
0.7621079965, 0.7351249461
0.3810539982, 0.8675624731
0.1905269991, 0.4337812365
0.0952634996, 0.2168906183
0.5476317498, 0.1084453091
0.2738158749, 0.5542226546
0.1369079374, 0.2771113273
0.0684539687, 0.1385556636
0.0342269844, 0.5692778318
0.0171134922, 0.7846389159
0.0085567461, 0.3923194580
0.0042783730, 0.1961597290
0.5021391865, 0.5980798645
0.7510695933, 0.2990399322
0.8755347966, 0.6495199661
0.4377673983, 0.3247599831
0.2188836992, 0.6623799915
0.1094418496, 0.8311899958
0.0547209248, 0.9155949979
0.0273604624, 0.9577974989
0.0136802312, 0.4788987495
0.5068401156, 0.2394493747
0.7534200578, 0.6197246874
0.8767100289, 0.3098623437
0.9383550144, 0.6549311718
0.4691775072, 0.3274655859
0.7345887536, 0.6637327930
0.3672943768, 0.8318663965
0.1836471884, 0.9159331982
0.0918235942, 0.4579665991
0.0459117971, 0.2289832996
0.5229558986, 0.1144916498
0.2614779493, 0.5572458249
0.1307389746, 0.2786229124
0.5653694873, 0.1393114562
0.2826847437, 0.0696557281
0.1413423718, 0.0348278641
0.5706711859, 0.0174139320
0.2853355930, 0.0087069660
0.6426677965, 0.5043534830
0.3213338982, 0.2521767415
0.6606669491, 0.6260883708
0.3303334746, 0.3130441854
0.6651667373, 0.6565220927
0.8325833686, 0.8282610463
0.4162916843, 0.4141305232
0.2081458422, 0.2070652616
0.1040729211, 0.6035326308
0.0520364605, 0.3017663154
0.5260182303, 0.1508831577
0.7630091151, 0.5754415788
0.3815045576, 0.2877207894
0.1907522788, 0.6438603947
0.0953761394, 0.3219301974
0.5476880697, 0.6609650987
0.2738440348, 0.3304825493
0.6369220174, 0.6652412747
0.3184610087, 0.3326206373
0.6592305044, 0.1663103187
0.3296152522, 0.0831551593
0.6648076261, 0.5415775797
0.8324038130, 0.2707887898
0.9162019065, 0.6353943949
0.9581009533, 0.3176971975
0.4790504766, 0.1588485987
0.7395252383, 0.0794242994
0.8697626192, 0.0397121497
0.9348813096, 0.0198560748
0.9674406548, 0.5099280374
0.4837203274, 0.2549640187
0.2418601637, 0.1274820094
0.1209300818, 0.5637410047
0.0604650409, 0.2818705023
0.0302325205, 0.1409352512
0.0151162602, 0.5704676256
0.0075581301, 0.2852338128
0.0037790651, 0.6426169064
0.0018895325, 0.8213084532
0.0009447663, 0.4106542266
0.0004723831, 0.7053271133
0.0002361916, 0.8526635566
0.0001180958, 0.4263317783
0.5000590479, 0.2131658892
0.2500295239, 0.1065829446
0.6250147620, 0.5532914723
0.3125073810, 0.2766457361
0.6562536905, 0.6383228681
0.3281268452, 0.3191614340
0.6640634226, 0.6595807170
0.3320317113, 0.3297903585
0.6660158557, 0.6648951793
0.3330079278, 0.3324475896
0.6665039639, 0.6662237948
0.3332519820, 0.3331118974
0.6666259910, 0.1665559487
0.8333129955, 0.0832779744
0.9166564977, 0.0416389872
0.9583282489, 0.5208194936
0.4791641244, 0.7604097468
0.2395820622, 0.8802048734
0.1197910311, 0.9401024367
0.5598955156, 0.4700512183
0.7799477578, 0.7350256092
0.3899738789, 0.3675128046
0.1949869394, 0.1837564023
0.0974934697, 0.0918782011
0.5487467349, 0.0459391006
0.2743733674, 0.0229695503
0.6371866837, 0.5114847751
0.3185933419, 0.7557423876
0.1592966709, 0.3778711938
0.5796483355, 0.6889355969
0.2898241677, 0.3444677984
0.1449120839, 0.1722338992
0.5724560419, 0.0861169496
0.2862280210, 0.0430584748
0.6431140105, 0.0215292374
0.3215570052, 0.0107646187
0.6607785026, 0.5053823094
0.3303892513, 0.2526911547
0.1651946257, 0.1263455773
0.0825973128, 0.0631727887
0.5412986564, 0.0315863943
0.7706493282, 0.0157931972
0.8853246641, 0.5078965986
0.9426623321, 0.7539482993
0.9713311660, 0.3769741496
0.4856655830, 0.6884870748
0.2428327915, 0.3442435374
0.1214163958, 0.1721217687
0.0607081979, 0.0860608844
0.5303540989, 0.5430304422
0.2651770495, 0.7715152211
0.1325885247, 0.8857576105
0.5662942624, 0.9428788053
0.2831471312, 0.9714394026
0.1415735656, 0.4857197013
0.5707867828, 0.7428598507
0.7853933914, 0.3714299253
0.8926966957, 0.6857149627
0.9463483478, 0.3428574813
0.4731741739, 0.6714287407
0.2365870870, 0.3357143703
0.1182935435, 0.1678571852
0.0591467717, 0.0839285926
0.5295733859, 0.0419642963
0.2647866929, 0.5209821481
0.1323933465, 0.2604910741
0.0661966732, 0.6302455370
0.0330983366, 0.3151227685
0.5165491683, 0.6575613843
0.7582745842, 0.8287806921
0.3791372921, 0.4143903461
0.6895686460, 0.2071951730
0.8447843230, 0.1035975865
0.9223921615, 0.0517987933
0.9611960808, 0.5258993966
0.4805980404, 0.7629496983
0.2402990202, 0.3814748492
0.1201495101, 0.6907374246
0.0600747550, 0.8453687123
0.5300373775, 0.4226843561
0.7650186888, 0.2113421781
0.8825093444, 0.1056710890
0.4412546722, 0.5528355445
0.7206273361, 0.2764177723
0.3603136680, 0.6382088861
0.6801568340, 0.3191044431
0.3400784170, 0.1595522215
0.1700392085, 0.0797761108
0.5850196043, 0.5398880554
0.7925098021, 0.7699440277
0.3962549011, 0.3849720138
0.1981274505, 0.6924860069
0.0990637253, 0.3462430035
0.0495318626, 0.1731215017
0.5247659313, 0.0865607509
0.7623829657, 0.0432803754
0.3811914828, 0.5216401877
0.1905957414, 0.2608200939
0.0952978707, 0.1304100469
0.5476489354, 0.0652050235
0.7738244677, 0.0326025117
0.3869122338, 0.5163012559
0.6934561169, 0.7581506279
0.8467280585, 0.8790753140
0.4233640292, 0.9395376570
0.7116820146, 0.4697688285
0.8558410073, 0.2348844142
0.9279205037, 0.1174422071
0.4639602518, 0.5587211036
0.7319801259, 0.2793605518
0.8659900630, 0.6396802759
0.4329950315, 0.8198401379
0.7164975157, 0.4099200690
0.8582487579, 0.7049600345
0.9291243789, 0.8524800172
0.9645621895, 0.4262400086
0.9822810947, 0.7131200043
0.9911405474, 0.8565600022
0.9955702737, 0.9282800011
0.9977851368, 0.9641400005
0.4988925684, 0.4820700003
0.2494462842, 0.7410350001
0.1247231421, 0.3705175001
0.5623615711, 0.1852587500
0.2811807855, 0.5926293750
0.6405903928, 0.2963146875
0.8202951964, 0.6481573438
0.9101475982, 0.8240786719
0.9550737991, 0.9120393359
0.9775368995, 0.4560196680
0.9887684498, 0.7280098340
0.4943842249, 0.3640049170
0.2471921124, 0.6820024585
0.6235960562, 0.8410012292
0.3117980281, 0.4205006146
0.6558990141, 0.7102503073
0.3279495070, 0.3551251537
0.6639747535, 0.6775625768
0.3319873768, 0.3387812884
0.1659936884, 0.1693906442
0.0829968442, 0.5846953221
0.0414984221, 0.7923476611
0.5207492110, 0.3961738305
0.7603746055, 0.1980869153
0.3801873028, 0.0990434576
0.6900936514, 0.0495217288
0.8450468257, 0.5247608644
0.9225234128, 0.2623804322
0.9612617064, 0.6311902161
0.9806308532, 0.3155951081
0.4903154266, 0.6577975540
0.2451577133, 0.3288987770
0.6225788567, 0.1644493885
0.8112894283, 0.5822246943
0.4056447142, 0.7911123471
0.7028223571, 0.8955561736
0.3514111785, 0.4477780868
0.6757055893, 0.2238890434
0.3378527946, 0.6119445217
0.1689263973, 0.8059722608
0.5844631987, 0.4029861304
0.7922315993, 0.7014930652
0.8961157997, 0.8507465326
0.9480578998, 0.4253732663
0.4740289499, 0.2126866332
0.2370144750, 0.1063433166
0.1185072375, 0.0531716583
0.5592536187, 0.0265858291
0.7796268094, 0.5132929146
0.8898134047, 0.2566464573
0.9449067023, 0.1283232286
0.4724533512, 0.0641616143
0.7362266756, 0.0320808072
0.3681133378, 0.5160404036
0.1840566689, 0.2580202018
0.5920283344, 0.6290101009
0.7960141672, 0.3145050504
0.8980070836, 0.1572525252
0.9490035418, 0.0786262626
0.9745017709, 0.5393131313
0.4872508855, 0.7696565657
0.2436254427, 0.3848282828
0.1218127214, 0.6924141414
0.5609063607, 0.3462070707
0.2804531803, 0.6731035354
0.6402265902, 0.8365517677
0.8201132951, 0.9182758838
0.9100566475, 0.9591379419
0.4550283238, 0.9795689710
0.2275141619, 0.4897844855
0.6137570809, 0.7448922427
0.8068785405, 0.8724461214
0.9034392702, 0.9362230607
0.9517196351, 0.9681115303
0.4758598176, 0.4840557652
0.2379299088, 0.7420278826
0.1189649544, 0.8710139413
0.0594824772, 0.4355069706
0.0297412386, 0.7177534853
0.0148706193, 0.3588767427
0.0074353096, 0.6794383713
0.5037176548, 0.3397191857
0.2518588274, 0.1698595928
0.6259294137, 0.5849297964
0.3129647069, 0.2924648982
0.1564823534, 0.6462324491
0.0782411767, 0.3231162246
0.0391205884, 0.1615581123
0.0195602942, 0.5807790561
0.0097801471, 0.2903895281
0.0048900735, 0.1451947640
0.0024450368, 0.0725973820
0.0012225184, 0.5362986910
0.0006112592, 0.2681493455
0.5003056296, 0.1340746728
0.7501528148, 0.0670373364
0.3750764074, 0.5335186682
0.1875382037, 0.2667593341
0.0937691018, 0.1333796670
0.0468845509, 0.0666898335
0.5234422755, 0.0333449168
0.7617211377, 0.5166724584
0.8808605689, 0.7583362292
0.4404302844, 0.8791681146
0.2202151422, 0.4395840573
0.1101075711, 0.7197920286
0.0550537856, 0.3598960143
0.0275268928, 0.1799480072
0.5137634464, 0.0899740036
0.2568817232, 0.0449870018
0.1284408616, 0.5224935009
0.0642204308, 0.2612467504
0.5321102154, 0.1306233752
0.7660551077, 0.5653116876
0.3830275538, 0.2826558438
0.6915137769, 0.1413279219
0.3457568885, 0.0706639610
0.6728784442, 0.5353319805
0.3364392221, 0.2676659902
0.1682196111, 0.1338329951
0.5841098055, 0.0669164976
0.2920549028, 0.5334582488
0.1460274514, 0.7667291244
0.0730137257, 0.8833645622
0.5365068628, 0.4416822811
0.2682534314, 0.7208411405
0.1341267157, 0.3604205703
0.5670633579, 0.1802102851
0.2835316789, 0.5901051426
0.6417658395, 0.7950525713
0.8208829197, 0.8975262856
0.4104414599, 0.4487631428
0.2052207299, 0.7243815714
0.1026103650, 0.8621907857
0.0513051825, 0.9310953929
0.5256525912, 0.4655476964
0.7628262956, 0.2327738482
0.8814131478, 0.1163869241
0.9407065739, 0.0581934621
0.9703532870, 0.5290967310
0.4851766435, 0.2645483655
0.7425883217, 0.1322741828
0.8712941609, 0.5661370914
0.4356470804, 0.2830685457
0.2178235402, 0.1415342728
0.1089117701, 0.5707671364
0.5544558851, 0.7853835682
0.2772279425, 0.3926917841
0.1386139713, 0.1963458921
0.5693069856, 0.0981729460
0.7846534928, 0.0490864730
0.8923267464, 0.5245432365
0.9461633732, 0.7622716183
0.9730816866, 0.8811358091
0.9865408433, 0.4405679046
0.9932704217, 0.7202839523
0.9966352108, 0.3601419761
0.9983176054, 0.1800709881
0.4991588027, 0.5900354940
0.2495794014, 0.7950177470
0.1247897007, 0.3975088735
0.5623948503, 0.1987544368
0.7811974252, 0.0993772184
0.3905987126, 0.5496886092
0.1952993563, 0.7748443046
0.0976496781, 0.3874221523
0.5488248391, 0.1937110761
0.7744124195, 0.0968555381
0.8872062098, 0.0484277690
0.4436031049, 0.0242138845
0.7218015524, 0.5121069423
0.8609007762, 0.7560534711
0.4304503881, 0.3780267356
0.2152251941, 0.1890133678
0.1076125970, 0.5945066839
0.0538062985, 0.7972533419
0.0269031493, 0.3986266710
0.0134515746, 0.1993133355
0.0067257873, 0.0996566677
0.0033628937, 0.5498283339
0.0016814468, 0.2749141669
0.0008407234, 0.1374570835
0.5004203617, 0.5687285417
0.7502101809, 0.2843642709
0.3751050904, 0.1421821354
0.6875525452, 0.0710910677
0.8437762726, 0.5355455339
0.4218881363, 0.7677727669
0.2109440682, 0.3838863835
0.6054720341, 0.1919431917
0.3027360170, 0.0959715959
0.6513680085, 0.5479857979
0.3256840043, 0.7739928990
0.1628420021, 0.3869964495
0.5814210011, 0.1934982247
0.7907105005, 0.5967491124
0.8953552503, 0.7983745562
0.9476776251, 0.3991872781
0.4738388126, 0.6995936390
0.7369194063, 0.3497968195
0.3684597031, 0.1748984098
0.6842298516, 0.5874492049
0.3421149258, 0.7937246024
0.6710574629, 0.3968623012
0.3355287314, 0.6984311506
0.1677643657, 0.3492155753
0.0838821829, 0.1746077877
0.5419410914, 0.5873038938
0.7709705457, 0.2936519469
0.8854852729, 0.1468259735
0.9427426364, 0.5734129867
0.4713713182, 0.7867064934
0.2356856591, 0.8933532467
0.1178428296, 0.4466766233
0.0589214148, 0.7233383117
0.5294607074, 0.8616691558
0.2647303537, 0.4308345779
0.6323651768, 0.2154172890
0.8161825884, 0.6077086445
0.9080912942, 0.8038543222
0.4540456471, 0.4019271611
0.2270228236, 0.2009635806
0.6135114118, 0.6004817903
0.3067557059, 0.3002408951
0.6533778529, 0.6501204476
0.3266889265, 0.8250602238
0.1633444632, 0.4125301119
0.5816722316, 0.2062650559
0.7908361158, 0.6031325280
0.8954180579, 0.8015662640
0.9477090290, 0.4007831320
0.9738545145, 0.2003915660
0.9869272572, 0.6001957830
0.4934636286, 0.8000978915
0.2467318143, 0.4000489457
0.6233659072, 0.2000244729
0.8116829536, 0.6000122364
0.9058414768, 0.3000061182
0.9529207384, 0.1500030591
0.9764603692, 0.0750015296
0.9882301846, 0.5375007648
0.9941150923, 0.2687503824
0.9970575461, 0.6343751912
0.9985287731, 0.3171875956
0.9992643865, 0.1585937978
0.4996321933, 0.0792968989
0.2498160966, 0.5396484494
0.6249080483, 0.2698242247
0.8124540242, 0.6349121124
0.9062270121, 0.8174560562
0.4531135060, 0.4087280281
0.7265567530, 0.7043640140
0.3632783765, 0.3521820070
0.6816391883, 0.1760910035
0.8408195941, 0.5880455018
0.4204097971, 0.2940227509
0.7102048985, 0.1470113754
0.3551024493, 0.0735056877
0.1775512246, 0.0367528439
0.5887756123, 0.5183764219
0.2943878062, 0.2591882110
0.1471939031, 0.1295941055
0.5735969515, 0.0647970527
0.7867984758, 0.5323985264
0.3933992379, 0.7661992632
0.1966996189, 0.3830996316
0.0983498095, 0.1915498158
0.0491749047, 0.5957749079
0.5245874524, 0.2978874539
0.7622937262, 0.6489437270
0.3811468631, 0.8244718635
0.6905734315, 0.4122359317
0.3452867158, 0.2061179659
0.6726433579, 0.6030589829
0.8363216789, 0.3015294915
0.9181608395, 0.1507647457
0.9590804197, 0.0753823729
0.4795402099, 0.5376911864
0.2397701049, 0.2688455932
0.6198850525, 0.1344227966
0.8099425262, 0.0672113983
0.9049712631, 0.0336056992
0.4524856316, 0.0168028496
0.7262428158, 0.0084014248
0.8631214079, 0.5042007124
0.4315607039, 0.2521003562
0.2157803520, 0.6260501781
0.6078901760, 0.8130250890
0.8039450880, 0.9065125445
0.4019725440, 0.4532562723
0.2009862720, 0.2266281361
0.1004931360, 0.1133140681
0.5502465680, 0.5566570340
0.2751232840, 0.7783285170
0.6375616420, 0.3891642585
0.8187808210, 0.1945821293
0.9093904105, 0.5972910646
0.4546952052, 0.7986455323
0.7273476026, 0.3993227662
0.8636738013, 0.6996613831
0.4318369007, 0.3498306915
0.2159184503, 0.6749153458
0.1079592252, 0.3374576729
0.5539796126, 0.6687288364
0.2769898063, 0.8343644182
0.1384949031, 0.4171822091
0.5692474516, 0.2085911046
0.7846237258, 0.1042955523
0.8923118629, 0.5521477761
0.9461559314, 0.7760738881
0.9730779657, 0.3880369440
0.9865389829, 0.1940184720
0.4932694914, 0.5970092360
0.7466347457, 0.7985046180
0.8733173729, 0.3992523090
0.9366586864, 0.6996261545
0.9683293432, 0.8498130773
0.9841646716, 0.4249065386
0.4920823358, 0.7124532693
0.7460411679, 0.3562266347
0.3730205840, 0.6781133173
0.1865102920, 0.3390566587
0.0932551460, 0.1695283293
0.0466275730, 0.0847641647
0.0233137865, 0.0423820823
0.5116568932, 0.0211910412
0.2558284466, 0.0105955206
0.6279142233, 0.0052977603
0.8139571117, 0.0026488801
0.4069785558, 0.5013244401
0.7034892779, 0.2506622200
0.3517446390, 0.6253311100
0.1758723195, 0.3126655550
0.5879361597, 0.6563327775
0.2939680799, 0.3281663888
0.1469840399, 0.1640831944
0.0734920200, 0.5820415972
0.0367460100, 0.2910207986
0.0183730050, 0.6455103993
0.0091865025, 0.3227551996
0.5045932512, 0.6613775998
0.7522966256, 0.8306887999
0.3761483128, 0.4153444000
0.6880741564, 0.7076722000
0.8440370782, 0.3538361000
0.4220185391, 0.6769180500
0.7110092696, 0.8384590250
0.8555046348, 0.9192295125
0.4277523174, 0.4596147562
0.2138761587, 0.2298073781
0.6069380793, 0.1149036891
0.8034690397, 0.5574518445
0.9017345198, 0.2787259223
0.9508672599, 0.6393629611
0.9754336300, 0.3196814806
0.9877168150, 0.1598407403
0.9938584075, 0.0799203701
0.9969292037, 0.5399601851
0.9984646019, 0.2699800925
0.4992323009, 0.1349900463
0.7496161505, 0.0674950231
0.3748080752, 0.5337475116
0.1874040376, 0.2668737558
0.0937020188, 0.1334368779
0.5468510094, 0.0667184389
0.7734255047, 0.5333592195
0.8867127524, 0.7666796097
0.4433563762, 0.3833398049
0.2216781881, 0.1916699024
0.1108390940, 0.5958349512
0.5554195470, 0.2979174756
0.7777097735, 0.1489587378
0.8888548868, 0.5744793689
0.4444274434, 0.7872396845
0.2222137217, 0.3936198422
0.1111068608, 0.6968099211
0.0555534304, 0.3484049606
0.5277767152, 0.6742024803
0.7638883576, 0.3371012401
0.3819441788, 0.1685506201
0.6909720894, 0.5842753100
0.8454860447, 0.2921376550
0.4227430224, 0.1460688275
0.2113715112, 0.0730344138
0.6056857556, 0.0365172069
0.8028428778, 0.5182586034
0.4014214389, 0.2591293017
0.2007107194, 0.6295646509
0.6003553597, 0.3147823254
0.8001776799, 0.6573911627
0.4000888399, 0.3286955814
0.7000444200, 0.1643477907
0.8500222100, 0.5821738953
0.9250111050, 0.7910869477
0.4625055525, 0.3955434738
0.2312527762, 0.1977717369
0.6156263881, 0.5988858685
0.8078131941, 0.2994429342
0.9039065970, 0.6497214671
0.4519532985, 0.8248607336
0.2259766493, 0.4124303668
0.6129883246, 0.2062151834
0.3064941623, 0.6031075917
0.1532470812, 0.3015537958
0.5766235406, 0.6507768979
0.7883117703, 0.8253884490
0.3941558851, 0.4126942245
0.1970779426, 0.2063471122
0.5985389713, 0.6031735561
0.2992694856, 0.3015867781
0.6496347428, 0.6507933890
0.3248173714, 0.8253966945
0.1624086857, 0.9126983473
0.5812043429, 0.9563491736
0.2906021714, 0.4781745868
0.6453010857, 0.2390872934
0.3226505429, 0.1195436467
0.1613252714, 0.5597718234
0.5806626357, 0.7798859117
0.2903313179, 0.3899429558
0.6451656589, 0.6949714779
0.3225828295, 0.3474857390
0.1612914147, 0.1737428695
0.5806457074, 0.0868714347
0.2903228537, 0.0434357174
0.1451614268, 0.5217178587
0.5725807134, 0.2608589293
0.2862903567, 0.1304294647
0.6431451784, 0.0652147323
0.8215725892, 0.0326073662
0.4107862946, 0.5163036831
0.2053931473, 0.2581518415
0.6026965736, 0.1290759208
0.3013482868, 0.5645379604
0.1506741434, 0.2822689802
0.0753370717, 0.1411344901
0.0376685359, 0.0705672450
0.5188342679, 0.5352836225
0.2594171340, 0.2676418113
0.6297085670, 0.6338209056
0.8148542835, 0.8169104528
0.9074271417, 0.9084552264
0.9537135709, 0.9542276132
0.4768567854, 0.4771138066
0.2384283927, 0.2385569033
0.1192141964, 0.1192784517
0.0596070982, 0.0596392258
0.5298035491, 0.0298196129
0.7649017745, 0.0149098065
0.8824508873, 0.5074549032
0.9412254436, 0.2537274516
0.9706127218, 0.1268637258
0.4853063609, 0.5634318629
0.2426531805, 0.2817159315
0.1213265902, 0.6408579657
0.0606632951, 0.3204289829
0.5303316476, 0.1602144914
0.7651658238, 0.0801072457
0.3825829119, 0.0400536229
0.6912914559, 0.5200268114
0.8456457280, 0.2600134057
0.4228228640, 0.6300067029
0.2114114320, 0.8150033514
0.1057057160, 0.4075016757
0.5528528580, 0.2037508379
0.7764264290, 0.1018754189
0.8882132145, 0.5509377095
0.9441066072, 0.2754688547
0.4720533036, 0.6377344274
0.2360266518, 0.3188672137
0.6180133259, 0.6594336068
0.8090066630, 0.8297168034
0.9045033315, 0.9148584017
0.4522516657, 0.4574292009
0.7261258329, 0.7287146004
0.8630629164, 0.3643573002
0.9315314582, 0.6821786501
0.4657657291, 0.8410893251
0.7328828646, 0.4205446625
0.3664414323, 0.7102723313
0.1832207161, 0.3551361656
0.0916103581, 0.1775680828
0.0458051790, 0.5887840414
0.0229025895, 0.2943920207
0.0114512948, 0.6471960104
0.0057256474, 0.3235980052
0.5028628237, 0.1617990026
0.2514314118, 0.0808995013
0.6257157059, 0.5404497506
0.3128578530, 0.2702248753
0.6564289265, 0.6351124377
0.8282144632, 0.8175562188
0.4141072316, 0.4087781094
0.7070536158, 0.7043890547
0.8535268079, 0.3521945274
0.9267634040, 0.6760972637
0.9633817020, 0.3380486318
0.9816908510, 0.1690243159
0.4908454255, 0.5845121580
0.2454227127, 0.7922560790
0.6227113564, 0.3961280395
0.8113556782, 0.6980640197
0.9056778391, 0.3490320099
0.9528389195, 0.1745160049
0.4764194598, 0.0872580025
0.2382097299, 0.5436290012
0.1191048649, 0.7718145006
0.0595524325, 0.8859072503
0.5297762162, 0.4429536252
0.2648881081, 0.7214768126
0.1324440541, 0.3607384063
0.0662220270, 0.1803692031
0.5331110135, 0.0901846016
0.2665555068, 0.0450923008
0.1332777534, 0.5225461504
0.0666388767, 0.7612730752
0.0333194383, 0.8806365376
0.5166597192, 0.4403182688
0.7583298596, 0.7201591344
0.3791649298, 0.3600795672
0.6895824649, 0.1800397836
0.8447912324, 0.5900198918
0.9223956162, 0.2950099459
0.4611978081, 0.6475049729
0.2305989041, 0.3237524865
0.6152994520, 0.6618762432
0.8076497260, 0.8309381216
0.9038248630, 0.4154690608
0.9519124315, 0.7077345304
0.9759562158, 0.3538672652
0.9879781079, 0.6769336326
0.9939890539, 0.3384668163
0.4969945270, 0.6692334082
0.7484972635, 0.3346167041
0.8742486317, 0.6673083520
0.4371243159, 0.8336541760
0.2185621579, 0.4168270880
0.6092810790, 0.7084135440
0.3046405395, 0.3542067720
0.6523202697, 0.6771033860
0.3261601349, 0.3385516930
0.1630800674, 0.6692758465
0.0815400337, 0.3346379233
0.0407700169, 0.1673189616
0.0203850084, 0.5836594808
0.5101925042, 0.2918297404
0.7550962521, 0.6459148702
0.8775481261, 0.8229574351
0.4387740630, 0.4114787176
0.2193870315, 0.2057393588
0.1096935158, 0.1028696794
0.5548467579, 0.5514348397
0.7774233789, 0.7757174198
0.3887116895, 0.8878587099
0.6943558447, 0.4439293550
0.3471779224, 0.7219646775
0.6735889612, 0.3609823387
0.3367944806, 0.1804911694
0.1683972403, 0.0902455847
0.0841986201, 0.5451227923
0.0420993101, 0.2725613962
0.5210496550, 0.6362806981
0.7605248275, 0.8181403490
0.3802624138, 0.9090701745
0.1901312069, 0.9545350873
0.0950656034, 0.9772675436
0.0475328017, 0.4886337718
0.5237664009, 0.2443168859
0.7618832004, 0.1221584430
0.3809416002, 0.0610792215
0.6904708001, 0.0305396107
0.3452354001, 0.0152698054
0.6726177000, 0.5076349027
0.3363088500, 0.2538174513
0.1681544250, 0.6269087257
0.0840772125, 0.3134543628
0.5420386063, 0.1567271814
0.2710193031, 0.0783635907
0.1355096516, 0.0391817954
0.0677548258, 0.0195908977
0.5338774129, 0.0097954488
0.2669387064, 0.0048977244
0.6334693532, 0.0024488622
0.8167346766, 0.5012244311
0.9083673383, 0.7506122156
0.4541836692, 0.8753061078
0.2270918346, 0.4376530539
0.6135459173, 0.7188265269
0.3067729586, 0.3594132635
0.6533864793, 0.1797066317
0.8266932397, 0.0898533159
0.4133466198, 0.0449266579
0.2066733099, 0.5224633290
0.1033366550, 0.2612316645
0.5516683275, 0.6306158322
0.2758341637, 0.8153079161
0.1379170819, 0.4076539581
0.5689585409, 0.2038269790
0.7844792705, 0.1019134895
0.8922396352, 0.5509567448
0.4461198176, 0.2754783724
0.7230599088, 0.1377391862
0.8615299544, 0.0688695931
0.4307649772, 0.5344347965
0.2153824886, 0.7672173983
0.1076912443, 0.3836086991
0.5538456222, 0.6918043496
0.7769228111, 0.3459021748
0.8884614055, 0.1729510874
0.4442307028, 0.0864755437
0.7221153514, 0.0432377718
0.8610576757, 0.5216188859
0.9305288378, 0.2608094430
0.4652644189, 0.1304047215
0.7326322095, 0.0652023607
0.8663161047, 0.5326011804
0.4331580524, 0.7663005902
0.7165790262, 0.3831502951
0.3582895131, 0.6915751475
0.1791447565, 0.3457875738
0.5895723783, 0.6728937869
0.7947861891, 0.8364468934
0.8973930946, 0.9182234467
0.4486965473, 0.9591117234
0.7243482736, 0.4795558617
0.3621741368, 0.7397779308
0.6810870684, 0.8698889654
0.8405435342, 0.4349444827
0.9202717671, 0.2174722414
0.9601358836, 0.6087361207
0.9800679418, 0.8043680603
0.9900339709, 0.4021840302
0.9950169854, 0.7010920151
0.4975084927, 0.3505460075
0.7487542464, 0.1752730038
0.3743771232, 0.0876365019
0.1871885616, 0.5438182509
0.0935942808, 0.2719091255
0.0467971404, 0.6359545627
0.0233985702, 0.8179772814
0.0116992851, 0.9089886407
0.0058496425, 0.4544943203
0.5029248213, 0.7272471602
0.2514624106, 0.3636235801
0.1257312053, 0.1818117900
0.0628656027, 0.0909058950
0.5314328013, 0.0454529475
0.7657164007, 0.5227264738
0.3828582003, 0.2613632369
0.1914291002, 0.6306816184
0.5957145501, 0.8153408092
0.2978572750, 0.4076704046
0.1489286375, 0.7038352023
0.0744643188, 0.3519176012
0.5372321594, 0.6759588006
0.2686160797, 0.8379794003
0.6343080398, 0.4189897001
0.3171540199, 0.7094948501
0.6585770100, 0.3547474250
0.3292885050, 0.1773737125
0.6646442525, 0.5886868563
0.3323221262, 0.7943434281
0.1661610631, 0.3971717141
0.5830805316, 0.6985858570
0.7915402658, 0.3492929285
0.3957701329, 0.1746464643
0.6978850664, 0.5873232321
0.3489425332, 0.7936616161
0.1744712666, 0.3968308080
0.0872356333, 0.1984154040
0.5436178167, 0.0992077020
0.7718089083, 0.0496038510
0.8859044542, 0.5248019255
0.4429522271, 0.7624009628
0.2214761135, 0.3812004814
0.6107380568, 0.6906002407
0.3053690284, 0.3453001203
0.6526845142, 0.6726500602
0.3263422571, 0.3363250301
0.6631711285, 0.1681625150
0.3315855643, 0.5840812575
0.1657927821, 0.7920406288
0.5828963911, 0.3960203144
0.2914481955, 0.1980101572
0.1457240978, 0.0990050786
0.5728620489, 0.0495025393
0.2864310244, 0.0247512696
0.1432155122, 0.0123756348
0.5716077561, 0.0061878174
0.7858038781, 0.5030939087
0.3929019390, 0.2515469544
0.1964509695, 0.1257734772
0.0982254848, 0.0628867386
0.5491127424, 0.5314433693
0.2745563712, 0.2657216846
0.6372781856, 0.6328608423
0.8186390928, 0.8164304212
0.9093195464, 0.9082152106
0.4546597732, 0.4541076053
0.2273298866, 0.2270538026
0.1136649433, 0.6135269013
0.0568324716, 0.8067634507
0.0284162358, 0.9033817253
0.0142081179, 0.4516908627
0.5071040590, 0.7258454313
0.7535520295, 0.8629227157
0.3767760147, 0.4314613578
0.6883880074, 0.7157306789
0.8441940037, 0.3578653395
0.9220970018, 0.6789326697
0.4610485009, 0.3394663349
0.2305242505, 0.1697331674
0.6152621252, 0.5848665837
0.8076310626, 0.7924332919
0.9038155313, 0.8962166459
0.9519077657, 0.4481083230
0.9759538828, 0.2240541615
0.9879769414, 0.6120270807
0.9939884707, 0.8060135404
0.9969942354, 0.9030067702
0.4984971177, 0.9515033851
0.2492485588, 0.9757516925
0.6246242794, 0.4878758463
0.8123121397, 0.2439379231
0.9061560699, 0.1219689616
0.9530780349, 0.5609844808
0.4765390175, 0.2804922404
0.2382695087, 0.6402461202
0.1191347544, 0.3201230601
0.0595673772, 0.1600615300
0.5297836886, 0.0800307650
0.7648918443, 0.5400153825
0.8824459221, 0.7700076913
0.4412229611, 0.3850038456
0.2206114805, 0.1925019228
0.1103057403, 0.0962509614
0.5551528701, 0.0481254807
0.7775764351, 0.5240627404
0.3887882175, 0.2620313702
0.6943941088, 0.1310156851
0.8471970544, 0.5655078425
0.9235985272, 0.2827539213
0.9617992636, 0.6413769606
0.9808996318, 0.3206884803
0.9904498159, 0.6603442402
0.9952249079, 0.8301721201
0.4976124540, 0.4150860600
0.7488062270, 0.2075430300
0.8744031135, 0.6037715150
0.9372015567, 0.8018857575
0.9686007784, 0.9009428788
0.4843003892, 0.4504714394
0.2421501946, 0.2252357197
0.6210750973, 0.6126178598
0.3105375486, 0.3063089299
0.1552687743, 0.1531544650
0.0776343872, 0.5765772325
0.0388171936, 0.2882886162
0.0194085968, 0.1441443081
0.5097042984, 0.0720721541
0.7548521492, 0.0360360770
0.3774260746, 0.0180180385
0.6887130373, 0.5090090193
0.3443565186, 0.7545045096
0.1721782593, 0.3772522548
0.0860891297, 0.1886261274
0.0430445648, 0.0943130637
0.5215222824, 0.5471565319
0.2607611412, 0.2735782659
0.6303805706, 0.1367891330
0.8151902853, 0.0683945665
0.4075951427, 0.5341972832
0.2037975713, 0.2670986416
0.1018987857, 0.6335493208
0.5509493928, 0.8167746604
0.7754746964, 0.4083873302
0.8877373482, 0.2041936651
0.9438686741, 0.1020968326
0.4719343371, 0.0510484163
0.7359671685, 0.5255242081
0.8679835843, 0.7627621041
0.9339917921, 0.3813810520
0.9669958961, 0.1906905260
0.4834979480, 0.0953452630
0.7417489740, 0.0476726315
0.8708744870, 0.5238363158
0.4354372435, 0.2619181579
0.7177186218, 0.6309590789
0.3588593109, 0.3154795395
0.1794296554, 0.6577397697
0.0897148277, 0.8288698849
0.5448574139, 0.4144349424
0.7724287069, 0.2072174712
0.3862143535, 0.6036087356
0.1931071767, 0.3018043678
0.0965535884, 0.1509021839
0.5482767942, 0.5754510920
0.7741383971, 0.7877255460
0.8870691985, 0.3938627730
0.4435345993, 0.6969313865
0.2217672996, 0.3484656932
0.6108836498, 0.1742328466
0.8054418249, 0.0871164233
0.9027209125, 0.5435582117
0.9513604562, 0.7717791058
0.9756802281, 0.3858895529
0.9878401141, 0.6929447765
0.9939200570, 0.8464723882
0.4969600285, 0.9232361941
0.7484800143, 0.4616180971
0.8742400071, 0.7308090485
0.9371200036, 0.8654045243
0.9685600018, 0.4327022621
0.4842800009, 0.7163511311
0.2421400004, 0.8581755655
0.1210700002, 0.4290877828
0.0605350001, 0.7145438914
0.0302675001, 0.3572719457
0.0151337500, 0.6786359728
0.0075668750, 0.8393179864
0.5037834375, 0.4196589932
0.2518917188, 0.2098294966
0.1259458594, 0.1049147483
0.0629729297, 0.5524573742
0.5314864648, 0.2762286871
0.2657432324, 0.6381143435
0.1328716162, 0.8190571718
0.0664358081, 0.4095285859
0.0332179041, 0.2047642929
0.0166089520, 0.1023821465
0.5083044760, 0.0511910732
0.2541522380, 0.5255955366
0.6270761190, 0.7627977683
0.3135380595, 0.8813988842
0.1567690298, 0.4406994421
0.5783845149, 0.7203497210
0.7891922574, 0.8601748605
0.8945961287, 0.4300874303
0.4472980644, 0.7150437151
0.2236490322, 0.3575218576
0.1118245161, 0.1787609288
0.5559122580, 0.0893804644
0.2779561290, 0.0446902322
0.6389780645, 0.5223451161
0.3194890323, 0.2611725580
0.1597445161, 0.6305862790
0.0798722581, 0.3152931395
0.5399361290, 0.6576465698
0.2699680645, 0.3288232849
0.6349840323, 0.1644116424
0.3174920161, 0.5822058212
0.1587460081, 0.2911029106
0.5793730040, 0.1455514553
0.2896865020, 0.0727757277
0.6448432510, 0.5363878638
0.8224216255, 0.2681939319
0.9112108128, 0.1340969660
0.9556054064, 0.5670484830
0.4778027032, 0.2835242415
0.2389013516, 0.6417621207
0.1194506758, 0.3208810604
0.0597253379, 0.1604405302
0.0298626689, 0.5802202651
0.0149313345, 0.2901101325
0.0074656672, 0.1450550663
0.5037328336, 0.0725275331
0.2518664168, 0.0362637666
0.1259332084, 0.0181318833
0.5629666042, 0.0090659416
0.7814833021, 0.0045329708
0.8907416511, 0.5022664854
0.9453708255, 0.7511332427
0.9726854128, 0.3755666214
0.4863427064, 0.6877833107
0.2431713532, 0.8438916553
0.6215856766, 0.9219458277
0.8107928383, 0.9609729138
0.9053964191, 0.4804864569
0.9526982096, 0.2402432285
0.4763491048, 0.1201216142
0.2381745524, 0.5600608071
0.6190872762, 0.2800304036
0.3095436381, 0.6400152018
0.6547718190, 0.3200076009
0.8273859095, 0.6600038004
0.9136929548, 0.8300019002
0.9568464774, 0.4150009501
0.4784232387, 0.2075004751
0.7392116193, 0.1037502375
0.3696058097, 0.5518751188
0.6848029048, 0.2759375594
0.8424014524, 0.1379687797
0.4212007262, 0.5689843898
0.7106003631, 0.2844921949
0.3553001816, 0.6422460975
0.6776500908, 0.3211230487
0.8388250454, 0.6605615244
0.9194125227, 0.3302807622
0.9597062613, 0.1651403811
0.9798531307, 0.5825701905
0.4899265653, 0.2912850953
0.7449632827, 0.6456425476
0.3724816413, 0.3228212738
0.6862408207, 0.6614106369
0.3431204103, 0.8307053185
0.1715602052, 0.4153526592
0.0857801026, 0.2076763296
0.0428900513, 0.1038381648
0.0214450256, 0.0519190824
0.5107225128, 0.5259595412
0.2553612564, 0.7629797706
0.6276806282, 0.3814898853
0.8138403141, 0.6907449427
0.4069201571, 0.8453724713
0.7034600785, 0.9226862357
0.8517300393, 0.4613431178
0.4258650196, 0.7306715589
0.2129325098, 0.3653357795
0.1064662549, 0.1826678897
0.5532331275, 0.0913339449
0.2766165637, 0.0456669724
0.6383082819, 0.5228334862
0.8191541409, 0.7614167431
0.9095770705, 0.3807083716
0.9547885352, 0.6903541858
0.9773942676, 0.3451770929
0.9886971338, 0.1725885464
0.9943485669, 0.0862942732
0.4971742835, 0.5431471366
0.7485871417, 0.2715735683
0.3742935709, 0.1357867842
0.6871467854, 0.0678933921
0.8435733927, 0.5339466960
0.9217866964, 0.2669733480
0.9608933482, 0.6334866740
0.9804466741, 0.8167433370
0.4902233370, 0.4083716685
0.7451116685, 0.7041858343
0.8725558343, 0.3520929171
0.9362779171, 0.1760464586
0.9681389586, 0.5880232293
0.4840694793, 0.2940116146
0.7420347396, 0.1470058073
0.3710173698, 0.0735029037
0.1855086849, 0.0367514518
0.5927543425, 0.5183757259
0.7963771712, 0.7591878630
0.8981885856, 0.8795939315
0.9490942928, 0.9397969657
0.9745471464, 0.9698984829
0.4872735732, 0.4849492414
0.7436367866, 0.7424746207
0.3718183933, 0.3712373104
0.1859091967, 0.6856186552
0.0929545983, 0.8428093276
0.0464772992, 0.4214046638
0.0232386496, 0.7107023319
0.0116193248, 0.3553511659
0.5058096624, 0.6776755830
0.7529048312, 0.8388377915
0.3764524156, 0.4194188957
0.6882262078, 0.7097094479
0.3441131039, 0.3548547239
0.1720565519, 0.6774273620
0.5860282760, 0.3387136810
0.2930141380, 0.1693568405
0.6465070690, 0.5846784202
0.8232535345, 0.7923392101
0.9116267672, 0.8961696051
0.9558133836, 0.4480848025
0.4779066918, 0.2240424013
0.7389533459, 0.1120212006
0.8694766730, 0.5560106003
0.9347383365, 0.7780053002
0.9673691682, 0.3890026501
0.9836845841, 0.6945013250
0.9918422921, 0.8472506625
0.4959211460, 0.4236253313
0.2479605730, 0.7118126656
0.1239802865, 0.8559063328
0.5619901433, 0.4279531664
0.2809950716, 0.7139765832
0.1404975358, 0.3569882916
0.0702487679, 0.1784941458
0.0351243840, 0.0892470729
0.0175621920, 0.5446235365
0.0087810960, 0.2723117682
0.5043905480, 0.6361558841
0.7521952740, 0.3180779421
0.3760976370, 0.1590389710
0.6880488185, 0.0795194855
0.8440244092, 0.0397597428
0.9220122046, 0.5198798714
0.9610061023, 0.2599399357
0.9805030512, 0.1299699678
0.9902515256, 0.5649849839
0.9951257628, 0.2824924920
0.4975628814, 0.1412462460
0.7487814407, 0.0706231230
0.8743907203, 0.0353115615
0.9371953602, 0.0176557807
0.9685976801, 0.0088278904
0.9842988400, 0.5044139452
0.9921494200, 0.2522069726
0.9960747100, 0.6261034863
0.9980373550, 0.8130517431
0.4990186775, 0.9065258716
0.2495093388, 0.4532629358
0.1247546694, 0.7266314679
0.5623773347, 0.3633157339
0.7811886673, 0.1816578670
0.3905943337, 0.5908289335
0.1952971668, 0.2954144667
0.5976485834, 0.6477072334
0.7988242917, 0.8238536167
0.8994121459, 0.4119268083
0.4497060729, 0.2059634042
0.2248530365, 0.6029817021
0.1124265182, 0.8014908510
0.5562132591, 0.4007454255
0.2781066296, 0.2003727128
0.6390533148, 0.1001863564
0.8195266574, 0.5500931782
0.9097633287, 0.7750465891
0.4548816643, 0.3875232945
0.2274408322, 0.1937616473
0.1137204161, 0.5968808236
0.0568602080, 0.2984404118
0.5284301040, 0.6492202059
0.7642150520, 0.8246101030
0.3821075260, 0.9123050515
0.6910537630, 0.4561525257
0.3455268815, 0.7280762629
0.1727634408, 0.3640381314
0.5863817204, 0.1820190657
0.7931908602, 0.5910095329
0.8965954301, 0.7955047664
0.4482977150, 0.8977523832
0.2241488575, 0.9488761916
0.6120744288, 0.4744380958
0.8060372144, 0.7372190479
0.4030186072, 0.3686095240
0.7015093036, 0.1843047620
0.8507546518, 0.5921523810
0.9253773259, 0.7960761905
0.9626886629, 0.8980380952
0.9813443315, 0.9490190476
0.4906721657, 0.9745095238
0.2453360829, 0.4872547619
0.1226680414, 0.2436273810
0.0613340207, 0.1218136905
0.5306670104, 0.0609068452
0.2653335052, 0.0304534226
0.6326667526, 0.0152267113
0.3163333763, 0.5076133557
0.1581666881, 0.2538066778
0.0790833441, 0.1269033389
0.0395416720, 0.5634516695
0.5197708360, 0.2817258347
0.7598854180, 0.1408629174
0.3799427090, 0.5704314587
0.1899713545, 0.2852157293
0.5949856773, 0.1426078647
0.7974928386, 0.5713039323
0.3987464193, 0.7856519662
0.1993732097, 0.8928259831
0.5996866048, 0.4464129915
0.2998433024, 0.2232064958
0.6499216512, 0.1116032479
0.3249608256, 0.0558016239
0.6624804128, 0.0279008120
0.3312402064, 0.0139504060
0.1656201032, 0.0069752030
0.5828100516, 0.5034876015
0.2914050258, 0.7517438007
0.6457025129, 0.3758719004
0.8228512565, 0.1879359502
0.9114256282, 0.0939679751
0.4557128141, 0.5469839875
0.7278564071, 0.7734919938
0.3639282035, 0.8867459969
0.1819641018, 0.4433729984
0.0909820509, 0.2216864992
0.5454910254, 0.1108432496
0.7727455127, 0.0554216248
0.8863727564, 0.0277108124
0.9431863782, 0.0138554062
0.4715931891, 0.0069277031
0.7357965945, 0.5034638516
0.3678982973, 0.2517319258
0.1839491486, 0.1258659629
0.0919745743, 0.0629329814
0.0459872872, 0.0314664907
0.0229936436, 0.0157332454
0.0114968218, 0.0078666227
0.0057484109, 0.0039333113
0.0028742054, 0.5019666557
0.5014371027, 0.2509833278
0.2507185514, 0.6254916639
0.1253592757, 0.8127458320
0.5626796378, 0.4063729160
0.7813398189, 0.2031864580
0.8906699095, 0.6015932290
0.9453349547, 0.3007966145
0.9726674774, 0.1503983072
0.9863337387, 0.0751991536
0.4931668693, 0.5375995768
0.7465834347, 0.2687997884
0.3732917173, 0.1343998942
0.1866458587, 0.5671999471
0.5933229293, 0.2835999736
