0.7500000000, 0.7500000000
0.8750000000, 0.8750000000
0.4375000000, 0.4375000000
0.7187500000, 0.7187500000
0.8593750000, 0.3593750000
0.9296875000, 0.6796875000
0.4648437500, 0.3398437500
0.2324218750, 0.1699218750
0.1162109375, 0.0849609375
0.0581054688, 0.0424804688
0.5290527344, 0.0212402344
0.7645263672, 0.5106201172
0.3822631836, 0.2553100586
0.1911315918, 0.1276550293
0.5955657959, 0.0638275146
0.2977828979, 0.5319137573
0.1488914490, 0.7659568787
0.0744457245, 0.3829784393
0.0372228622, 0.1914892197
0.0186114311, 0.0957446098
0.5093057156, 0.0478723049
0.2546528578, 0.5239361525
0.1273264289, 0.2619680762
0.5636632144, 0.6309840381
0.2818316072, 0.3154920191
0.1409158036, 0.1577460095
0.5704579018, 0.5788730048
0.2852289509, 0.2894365024
0.6426144755, 0.1447182512
0.3213072377, 0.0723591256
0.1606536189, 0.0361795628
0.5803268094, 0.0180897814
0.2901634047, 0.0090448907
0.1450817024, 0.0045224453
0.0725408512, 0.5022612227
0.0362704256, 0.2511306113
0.0181352128, 0.1255653057
0.5090676064, 0.0627826528
0.7545338032, 0.0313913264
0.8772669016, 0.5156956632
0.9386334508, 0.7578478316
0.4693167254, 0.8789239158
0.7346583627, 0.4394619579
0.3673291813, 0.7197309790
0.6836645907, 0.3598654895
0.8418322953, 0.6799327447
0.9209161477, 0.3399663724
0.9604580738, 0.1699831862
0.9802290369, 0.0849915931
0.4901145185, 0.5424957965
0.7450572592, 0.2712478983
0.3725286296, 0.6356239491
0.6862643148, 0.3178119746
0.8431321574, 0.6589059873
0.4215660787, 0.3294529936
0.2107830394, 0.6647264968
0.1053915197, 0.8323632484
0.0526957598, 0.4161816242
0.5263478799, 0.2080908121
0.7631739400, 0.1040454061
0.8815869700, 0.5520227030
0.4407934850, 0.7760113515
0.2203967425, 0.3880056758
0.1101983712, 0.1940028379
0.0550991856, 0.5970014189
0.0275495928, 0.2985007095
0.0137747964, 0.1492503547
0.5068873982, 0.0746251774
0.2534436991, 0.0373125887
0.6267218496, 0.0186562943
0.8133609248, 0.5093281472
0.9066804624, 0.2546640736
0.9533402312, 0.1273320368
0.9766701156, 0.0636660184
0.4883350578, 0.5318330092
0.2441675289, 0.7659165046
0.6220837644, 0.3829582523
0.3110418822, 0.6914791261
0.1555209411, 0.3457395631
0.5777604706, 0.1728697815
0.7888802353, 0.5864348908
0.3944401176, 0.7932174454
0.1972200588, 0.3966087227
0.5986100294, 0.6983043613
0.2993050147, 0.3491521807
0.6496525074, 0.1745760903
0.8248262537, 0.0872880452
0.9124131268, 0.5436440226
0.4562065634, 0.7718220113
0.2281032817, 0.8859110056
0.1140516409, 0.4429555028
0.5570258204, 0.2214777514
0.2785129102, 0.6107388757
0.6392564551, 0.3053694379
0.8196282276, 0.1526847189
0.4098141138, 0.0763423595
0.7049070569, 0.5381711797
0.3524535284, 0.7690855899
0.1762267642, 0.3845427949
0.0881133821, 0.1922713975
0.0440566911, 0.5961356987
0.5220283455, 0.7980678494
0.2610141728, 0.3990339247
0.1305070864, 0.6995169623
0.5652535432, 0.3497584812
0.7826267716, 0.6748792406
0.8913133858, 0.3374396203
0.9456566929, 0.6687198101
0.4728283464, 0.3343599051
0.2364141732, 0.6671799525
0.6182070866, 0.8335899763
0.3091035433, 0.9167949881
0.6545517717, 0.4583974941
0.8272758858, 0.7291987470
0.4136379429, 0.8645993735
0.2068189715, 0.4322996868
0.6034094857, 0.2161498434
0.8017047429, 0.1080749217
0.9008523714, 0.0540374608
0.4504261857, 0.5270187304
0.2252130929, 0.2635093652
0.1126065464, 0.1317546826
0.5563032732, 0.5658773413
0.2781516366, 0.7829386707
0.1390758183, 0.3914693353
0.5695379092, 0.6957346677
0.2847689546, 0.3478673338
0.1423844773, 0.1739336669
0.5711922386, 0.0869668335
0.7855961193, 0.5434834167
0.3927980597, 0.2717417084
0.1963990298, 0.1358708542
0.5981995149, 0.0679354271
0.7990997575, 0.5339677135
0.3995498787, 0.7669838568
0.1997749394, 0.3834919284
0.5998874697, 0.1917459642
0.2999437348, 0.5958729821
0.1499718674, 0.2979364910
0.5749859337, 0.1489682455
0.7874929669, 0.0744841228
0.3937464834, 0.5372420614
0.1968732417, 0.7686210307
0.0984366209, 0.8843105153
0.5492183104, 0.4421552577
0.2746091552, 0.7210776288
0.6373045776, 0.3605388144
0.3186522888, 0.1802694072
0.1593261444, 0.0901347036
0.0796630722, 0.5450673518
0.0398315361, 0.2725336759
0.0199157681, 0.1362668380
0.5099578840, 0.0681334190
0.2549789420, 0.5340667095
0.1274894710, 0.2670333547
0.0637447355, 0.1335166774
0.5318723678, 0.5667583387
0.7659361839, 0.2833791693
0.8829680919, 0.6416895847
0.9414840460, 0.8208447923
0.9707420230, 0.4104223962
0.9853710115, 0.7052111981
0.4926855057, 0.8526055990
0.2463427529, 0.9263027995
0.1231713764, 0.4631513998
0.5615856882, 0.2315756999
0.7807928441, 0.6157878499
0.8903964221, 0.3078939250
0.9451982110, 0.6539469625
0.4725991055, 0.3269734812
0.2362995528, 0.1634867406
0.1181497764, 0.5817433703
0.0590748882, 0.7908716852
0.0295374441, 0.3954358426
0.0147687220, 0.1977179213
0.5073843610, 0.0988589606
0.2536921805, 0.5494294803
0.1268460903, 0.2747147402
0.5634230451, 0.1373573701
0.2817115226, 0.0686786850
0.1408557613, 0.0343393425
0.5704278806, 0.0171696713
0.2852139403, 0.0085848356
0.6426069702, 0.5042924178
0.3213034851, 0.2521462089
0.1606517425, 0.1260731045
0.0803258713, 0.0630365522
0.5401629356, 0.5315182761
0.2700814678, 0.2657591381
0.1350407339, 0.1328795690
0.0675203670, 0.0664397845
0.0337601835, 0.5332198923
0.0168800917, 0.2666099461
0.5084400459, 0.1333049731
0.2542200229, 0.0666524865
0.1271100115, 0.0333262433
0.0635550057, 0.5166631216
0.0317775029, 0.2583315608
0.5158887514, 0.6291657804
0.2579443757, 0.3145828902
0.6289721879, 0.6572914451
0.3144860939, 0.3286457226
0.6572430470, 0.1643228613
0.3286215235, 0.0821614306
0.6643107617, 0.5410807153
0.8321553809, 0.2705403577
0.9160776904, 0.6352701788
0.9580388452, 0.3176350894
0.4790194226, 0.1588175447
0.7395097113, 0.0794087724
0.8697548557, 0.0397043862
0.9348774278, 0.0198521931
0.9674387139, 0.5099260965
0.4837193570, 0.2549630483
0.2418596785, 0.1274815241
0.6209298392, 0.0637407621
0.3104649196, 0.0318703810
0.1552324598, 0.0159351905
0.5776162299, 0.0079675953
0.2888081150, 0.0039837976
0.1444040575, 0.5019918988
0.5722020287, 0.2509959494
0.2861010144, 0.1254979747
0.1430505072, 0.5627489874
0.0715252536, 0.7813744937
0.0357626268, 0.3906872468
0.5178813134, 0.1953436234
0.2589406567, 0.0976718117
0.6294703283, 0.5488359059
0.3147351642, 0.2744179529
0.1573675821, 0.1372089765
0.0786837910, 0.0686044882
0.0393418955, 0.0343022441
0.0196709478, 0.0171511221
0.5098354739, 0.5085755610
0.2549177369, 0.2542877805
0.1274588685, 0.1271438903
0.0637294342, 0.0635719451
0.0318647171, 0.5317859726
0.5159323586, 0.2658929863
0.7579661793, 0.1329464931
0.8789830896, 0.5664732466
0.9394915448, 0.2832366233
0.4697457724, 0.6416183116
0.2348728862, 0.8208091558
0.6174364431, 0.4104045779
0.8087182216, 0.7052022890
0.9043591108, 0.8526011445
0.4521795554, 0.4263005722
0.7260897777, 0.7131502861
0.8630448888, 0.3565751431
0.4315224444, 0.1782875715
0.2157612222, 0.5891437858
0.1078806111, 0.7945718929
0.0539403056, 0.3972859464
0.5269701528, 0.6986429732
0.2634850764, 0.3493214866
0.1317425382, 0.1746607433
0.5658712691, 0.0873303717
0.2829356345, 0.0436651858
0.1414678173, 0.5218325929
0.0707339086, 0.2609162965
0.5353669543, 0.6304581482
0.7676834772, 0.8152290741
0.3838417386, 0.4076145371
0.1919208693, 0.2038072685
0.5959604346, 0.1019036343
0.7979802173, 0.0509518171
0.8989901087, 0.5254759086
0.9494950543, 0.7627379543
0.9747475272, 0.3813689771
0.4873737636, 0.6906844886
0.7436868818, 0.8453422443
0.3718434409, 0.4226711221
0.1859217204, 0.2113355611
0.0929608602, 0.1056677805
0.0464804301, 0.5528338903
0.0232402151, 0.7764169451
0.5116201075, 0.8882084726
0.2558100538, 0.9441042363
0.1279050269, 0.4720521181
0.5639525134, 0.7360260591
0.7819762567, 0.3680130295
0.8909881284, 0.6840065148
0.4454940642, 0.8420032574
0.2227470321, 0.9210016287
0.1113735160, 0.4605008143
0.0556867580, 0.2302504072
0.0278433790, 0.1151252036
0.5139216895, 0.0575626018
0.7569608448, 0.0287813009
0.3784804224, 0.0143906504
0.1892402112, 0.5071953252
0.0946201056, 0.2535976626
0.5473100528, 0.6267988313
0.7736550264, 0.8133994157
0.3868275132, 0.4066997078
0.6934137566, 0.2033498539
0.8467068783, 0.1016749270
0.9233534391, 0.0508374635
0.9616767196, 0.5254187317
0.4808383598, 0.7627093659
0.7404191799, 0.3813546829
0.3702095899, 0.6906773415
0.1851047950, 0.8453386707
0.5925523975, 0.4226693354
0.7962761987, 0.2113346677
0.8981380994, 0.1056673338
0.4490690497, 0.5528336669
0.7245345248, 0.2764168335
0.3622672624, 0.6382084167
0.1811336312, 0.8191042084
0.0905668156, 0.4095521042
0.0452834078, 0.2047760521
0.5226417039, 0.6023880260
0.7613208520, 0.8011940130
0.3806604260, 0.4005970065
0.1903302130, 0.7002985033
0.0951651065, 0.3501492516
0.0475825532, 0.1750746258
0.0237912766, 0.5875373129
0.5118956383, 0.2937686565
0.2559478192, 0.6468843282
0.1279739096, 0.3234421641
0.0639869548, 0.1617210821
0.5319934774, 0.0808605410
0.7659967387, 0.0404302705
0.3829983693, 0.5202151353
0.6914991847, 0.7601075676
0.8457495923, 0.8800537838
0.4228747962, 0.9400268919
0.7114373981, 0.4700134460
0.8557186990, 0.2350067230
0.9278593495, 0.1175033615
0.4639296748, 0.5587516807
0.7319648374, 0.2793758404
0.8659824187, 0.6396879202
0.4329912093, 0.8198439601
0.7164956047, 0.4099219800
0.8582478023, 0.7049609900
0.9291239012, 0.8524804950
0.9645619506, 0.4262402475
0.9822809753, 0.7131201238
0.9911404876, 0.8565600619
0.9955702438, 0.9282800309
0.9977851219, 0.9641400155
0.4988925610, 0.4820700077
0.2494462805, 0.7410350039
0.1247231402, 0.3705175019
0.5623615701, 0.1852587510
0.7811807851, 0.0926293755
0.8905903925, 0.0463146877
0.9452951963, 0.5231573439
0.9726475981, 0.7615786719
0.9863237991, 0.8807893360
0.9931618995, 0.4403946680
0.4965809498, 0.2201973340
0.2482904749, 0.1100986670
0.1241452374, 0.5550493335
0.0620726187, 0.2775246667
0.0310363094, 0.1387623334
0.5155181547, 0.5693811667
0.2577590773, 0.2846905833
0.6288795387, 0.6423452917
0.3144397693, 0.3211726458
0.1572198847, 0.1605863229
0.0786099423, 0.5802931615
0.0393049712, 0.7901465807
0.5196524856, 0.3950732904
0.7598262428, 0.1975366452
0.3799131214, 0.0987683226
0.6899565607, 0.0493841613
0.8449782803, 0.5246920806
0.9224891402, 0.2623460403
0.9612445701, 0.6311730202
0.9806222850, 0.3155865101
0.4903111425, 0.6577932550
0.2451555713, 0.3288966275
0.6225777856, 0.1644483138
0.8112888928, 0.5822241569
0.4056444464, 0.7911120784
0.2028222232, 0.3955560392
0.6014111116, 0.6977780196
0.3007055558, 0.8488890098
0.1503527779, 0.9244445049
0.0751763890, 0.9622222525
0.0375881945, 0.9811111262
0.5187940972, 0.9905555631
0.7593970486, 0.9952777816
0.8796985243, 0.4976388908
0.4398492622, 0.2488194454
0.2199246311, 0.1244097227
0.1099623155, 0.0622048613
0.5549811578, 0.0311024307
0.7774905789, 0.5155512153
0.8887452894, 0.2577756077
0.9443726447, 0.1288878038
0.4721863224, 0.0644439019
0.7360931612, 0.0322219510
0.3680465806, 0.5161109755
0.1840232903, 0.2580554877
0.5920116451, 0.6290277439
0.7960058226, 0.3145138719
0.8980029113, 0.1572569360
0.9490014556, 0.0786284680
0.9745007278, 0.5393142340
0.4872503639, 0.7696571170
0.2436251820, 0.3848285585
0.1218125910, 0.6924142792
0.5609062955, 0.3462071396
0.7804531477, 0.1731035698
0.8902265739, 0.5865517849
0.9451132869, 0.7932758925
0.9725566435, 0.8966379462
0.4862783217, 0.9483189731
0.2431391609, 0.4741594866
0.6215695804, 0.7370797433
0.8107847902, 0.8685398716
0.9053923951, 0.9342699358
0.9526961976, 0.9671349679
0.4763480988, 0.4835674840
0.2381740494, 0.7417837420
0.1190870247, 0.8708918710
0.0595435123, 0.4354459355
0.0297717562, 0.7177229677
0.5148858781, 0.8588614839
0.2574429390, 0.9294307419
0.6287214695, 0.4647153710
0.8143607348, 0.7323576855
0.4071803674, 0.3661788427
0.2035901837, 0.1830894214
0.1017950918, 0.5915447107
0.0508975459, 0.2957723553
0.0254487730, 0.1478861777
0.0127243865, 0.5739430888
0.0063621932, 0.2869715444
0.0031810966, 0.1434857722
0.0015905483, 0.0717428861
0.0007952742, 0.5358714431
0.0003976371, 0.2679357215
0.0001988185, 0.6339678608
0.5000994093, 0.3169839304
0.2500497046, 0.6584919652
0.1250248523, 0.3292459826
0.0625124262, 0.1646229913
0.0312562131, 0.0823114956
0.0156281065, 0.5411557478
0.5078140533, 0.7705778739
0.7539070266, 0.8852889370
0.3769535133, 0.9426444685
0.1884767567, 0.4713222342
0.0942383783, 0.7356611171
0.0471191892, 0.3678305586
0.0235595946, 0.1839152793
0.5117797973, 0.0919576396
0.2558898986, 0.0459788198
0.1279449493, 0.5229894099
0.0639724747, 0.2614947050
0.5319862373, 0.1307473525
0.7659931187, 0.5653736762
0.3829965593, 0.2826868381
0.6914982797, 0.1413434191
0.3457491398, 0.0706717095
0.6728745699, 0.5353358548
0.3364372850, 0.2676679274
0.1682186425, 0.1338339637
0.5841093212, 0.0669169818
0.2920546606, 0.5334584909
0.1460273303, 0.7667292455
0.0730136652, 0.8833646227
0.5365068326, 0.4416823114
0.2682534163, 0.7208411557
0.1341267081, 0.3604205778
0.5670633541, 0.1802102889
0.2835316770, 0.5901051445
0.6417658385, 0.7950525722
0.3208829193, 0.3975262861
0.1604414596, 0.1987631431
0.0802207298, 0.5993815715
0.0401103649, 0.7996907858
0.0200551825, 0.8998453929
0.5100275912, 0.4499226964
0.7550137956, 0.2249613482
0.8775068978, 0.1124806741
0.9387534489, 0.0562403371
0.4693767245, 0.0281201685
0.2346883622, 0.0140600843
0.6173441811, 0.0070300421
0.8086720906, 0.5035150211
0.4043360453, 0.2517575105
0.2021680226, 0.1258787553
0.6010840113, 0.0629393776
0.8005420057, 0.5314696888
0.4002710028, 0.2657348444
0.2001355014, 0.1328674222
0.6000677507, 0.0664337111
0.8000338754, 0.0332168556
0.9000169377, 0.5166084278
0.9500084688, 0.7583042139
0.9750042344, 0.8791521069
0.9875021172, 0.4395760535
0.9937510586, 0.7197880267
0.9968755293, 0.3598940134
0.9984377647, 0.1799470067
0.4992188823, 0.5899735033
0.2496094412, 0.7949867517
0.6248047206, 0.8974933758
0.8124023603, 0.4487466879
0.9062011801, 0.2243733440
0.9531005901, 0.1121866720
0.4765502950, 0.5560933360
0.2382751475, 0.2780466680
0.6191375738, 0.1390233340
0.3095687869, 0.0695116670
0.6547843934, 0.0347558335
0.8273921967, 0.5173779167
0.9136960984, 0.7586889584
0.9568480492, 0.8793444792
0.4784240246, 0.4396722396
0.2392120123, 0.2198361198
0.1196060061, 0.6099180599
0.0598030031, 0.8049590299
0.0299015015, 0.4024795150
0.0149507508, 0.2012397575
0.0074753754, 0.1006198787
0.0037376877, 0.5503099394
0.0018688438, 0.2751549697
0.0009344219, 0.1375774848
0.5004672110, 0.5687887424
0.7502336055, 0.2843943712
0.8751168027, 0.6421971856
0.9375584014, 0.3210985928
0.9687792007, 0.6605492964
0.4843896003, 0.8302746482
0.2421948002, 0.4151373241
0.6210974001, 0.2075686621
0.3105487000, 0.1037843310
0.6552743500, 0.5518921655
0.3276371750, 0.7759460828
0.1638185875, 0.3879730414
0.5819092938, 0.1939865207
0.7909546469, 0.5969932603
0.8954773234, 0.7984966302
0.9477386617, 0.3992483151
0.4738693309, 0.6996241575
0.2369346654, 0.8498120788
0.1184673327, 0.4249060394
0.5592336664, 0.7124530197
0.2796168332, 0.8562265098
0.6398084166, 0.4281132549
0.3199042083, 0.7140566275
0.1599521041, 0.3570283137
0.0799760521, 0.1785141569
0.5399880260, 0.5892570784
0.2699940130, 0.7946285392
0.6349970065, 0.3973142696
0.8174985033, 0.6986571348
0.9087492516, 0.3493285674
0.4543746258, 0.6746642837
0.2271873129, 0.3373321419
0.6135936565, 0.1686660709
0.8067968282, 0.5843330355
0.4033984141, 0.2921665177
0.7016992071, 0.1460832589
0.8508496035, 0.5730416294
0.9254248018, 0.7865208147
0.9627124009, 0.8932604074
0.4813562004, 0.4466302037
0.2406781002, 0.2233151018
0.1203390501, 0.1116575509
0.5601695251, 0.5558287755
0.2800847625, 0.7779143877
0.1400423813, 0.3889571939
0.5700211906, 0.1944785969
0.7850105953, 0.5972392985
0.8925052977, 0.7986196492
0.9462526488, 0.3993098246
0.9731263244, 0.1996549123
0.4865631622, 0.0998274562
0.2432815811, 0.5499137281
0.1216407906, 0.2749568640
0.5608203953, 0.1374784320
0.7804101976, 0.5687392160
0.8902050988, 0.2843696080
0.4451025494, 0.6421848040
0.7225512747, 0.3210924020
0.8612756374, 0.6605462010
0.9306378187, 0.3302731005
0.9653189093, 0.6651365503
0.9826594547, 0.3325682751
0.4913297273, 0.6662841376
0.2456648637, 0.3331420688
0.1228324318, 0.6665710344
0.5614162159, 0.3332855172
0.7807081080, 0.6666427586
0.8903540540, 0.8333213793
0.4451770270, 0.4166606896
0.7225885135, 0.7083303448
0.3612942567, 0.3541651724
0.6806471284, 0.1770825862
0.8403235642, 0.5885412931
0.4201617821, 0.2942706466
0.7100808910, 0.1471353233
0.3550404455, 0.0735676616
0.6775202228, 0.5367838308
0.8387601114, 0.7683919154
0.4193800557, 0.3841959577
0.2096900278, 0.1920979789
0.6048450139, 0.0960489894
0.8024225070, 0.5480244947
0.4012112535, 0.7740122474
0.7006056267, 0.8870061237
0.3503028134, 0.4435030618
0.1751514067, 0.7217515309
0.5875757033, 0.3608757655
0.7937878517, 0.6804378827
0.3968939258, 0.8402189414
0.6984469629, 0.4201094707
0.3492234815, 0.2100547353
0.6746117407, 0.6050273677
0.8373058704, 0.3025136838
0.4186529352, 0.6512568419
0.7093264676, 0.3256284210
0.3546632338, 0.6628142105
0.1773316169, 0.3314071052
0.5886658084, 0.1657035526
0.7943329042, 0.0828517763
0.8971664521, 0.0414258882
0.4485832261, 0.0207129441
0.7242916130, 0.0103564720
0.8621458065, 0.5051782360
0.4310729033, 0.2525891180
0.7155364516, 0.1262945590
0.8577682258, 0.5631472795
0.9288841129, 0.7815736398
0.9644420565, 0.8907868199
0.4822210282, 0.4453934099
0.7411105141, 0.2226967050
0.8705552571, 0.6113483525
0.4352776285, 0.8056741762
0.7176388143, 0.4028370881
0.8588194071, 0.2014185441
0.9294097036, 0.6007092720
0.9647048518, 0.3003546360
0.9823524259, 0.1501773180
0.9911762129, 0.5750886590
0.4955881065, 0.2875443295
0.2477940532, 0.6437721648
0.1238970266, 0.3218860824
0.5619485133, 0.6609430412
0.2809742567, 0.8304715206
0.1404871283, 0.4152357603
0.5702435642, 0.2076178801
0.7851217821, 0.1038089401
0.3925608910, 0.0519044700
0.6962804455, 0.5259522350
0.8481402228, 0.2629761175
0.9240701114, 0.1314880588
0.4620350557, 0.5657440294
0.2310175278, 0.2828720147
0.6155087639, 0.1414360073
0.8077543820, 0.5707180037
0.9038771910, 0.7853590018
0.9519385955, 0.3926795009
0.4759692977, 0.6963397505
0.7379846489, 0.3481698752
0.3689923244, 0.6740849376
0.1844961622, 0.3370424688
0.0922480811, 0.1685212344
0.0461240406, 0.0842606172
0.0230620203, 0.0421303086
0.5115310101, 0.0210651543
0.2557655051, 0.0105325772
0.6278827525, 0.0052662886
0.3139413763, 0.5026331443
0.1569706881, 0.7513165721
0.5784853441, 0.3756582861
0.7892426720, 0.1878291430
0.3946213360, 0.0939145715
0.6973106680, 0.5469572858
0.3486553340, 0.2734786429
0.1743276670, 0.1367393214
0.0871638335, 0.5683696607
0.5435819168, 0.2841848304
0.2717909584, 0.6420924152
0.1358954792, 0.3210462076
0.5679477396, 0.6605231038
0.7839738698, 0.8302615519
0.3919869349, 0.4151307759
0.1959934674, 0.2075653880
0.5979967337, 0.1037826940
0.2989983669, 0.5518913470
0.1494991834, 0.2759456735
0.5747495917, 0.6379728367
0.2873747959, 0.3189864184
0.1436873979, 0.1594932092
0.5718436990, 0.0797466046
0.7859218495, 0.5398733023
0.8929609247, 0.2699366511
0.9464804624, 0.6349683256
0.9732402312, 0.3174841628
0.9866201156, 0.1587420814
0.9933100578, 0.0793710407
0.9966550289, 0.5396855203
0.4983275144, 0.7698427602
0.2491637572, 0.3849213801
0.6245818786, 0.1924606900
0.8122909393, 0.0962303450
0.4061454697, 0.0481151725
0.2030727348, 0.0240575863
0.6015363674, 0.0120287931
0.8007681837, 0.5060143966
0.9003840919, 0.7530071983
0.9501920459, 0.8765035991
0.4750960230, 0.4382517996
0.2375480115, 0.7191258998
0.6187740057, 0.3595629499
0.8093870029, 0.1797814749
0.9046935014, 0.5898907375
0.9523467507, 0.2949453687
0.4761733754, 0.1474726844
0.2380866877, 0.5737363422
0.1190433438, 0.2868681711
0.5595216719, 0.6434340855
0.7797608360, 0.3217170428
0.3898804180, 0.1608585214
0.6949402090, 0.5804292607
0.8474701045, 0.2902146303
0.4237350522, 0.1451073152
0.2118675261, 0.0725536576
0.6059337631, 0.0362768288
0.8029668815, 0.5181384144
0.4014834408, 0.2590692072
0.2007417204, 0.6295346036
0.6003708602, 0.3147673018
0.8001854301, 0.6573836509
0.4000927150, 0.3286918254
0.7000463575, 0.1643459127
0.8500231788, 0.5821729564
0.9250115894, 0.7910864782
0.4625057947, 0.3955432391
0.2312528973, 0.1977716195
0.6156264487, 0.5988858098
0.8078132243, 0.2994429049
0.9039066122, 0.6497214524
0.4519533061, 0.8248607262
0.2259766530, 0.4124303631
0.6129883265, 0.2062151816
0.3064941633, 0.6031075908
0.1532470816, 0.3015537954
0.5766235408, 0.6507768977
0.7883117704, 0.8253884488
0.3941558852, 0.4126942244
0.1970779426, 0.2063471122
0.5985389713, 0.6031735561
0.7992694857, 0.8015867781
0.8996347428, 0.9007933890
0.4498173714, 0.9503966945
0.2249086857, 0.9751983473
0.6124543429, 0.9875991736
0.3062271714, 0.4937995868
0.6531135857, 0.2468997934
0.3265567929, 0.1234498967
0.1632783964, 0.5617249484
0.5816391982, 0.2808624742
0.2908195991, 0.1404312371
0.6454097996, 0.5702156185
0.8227048998, 0.7851078093
0.4113524499, 0.3925539046
0.7056762249, 0.1962769523
0.3528381125, 0.0981384762
0.1764190562, 0.5490692381
0.5882095281, 0.2745346190
0.2941047641, 0.1372673095
0.6470523820, 0.0686336548
0.8235261910, 0.0343168274
0.4117630955, 0.5171584137
0.2058815478, 0.2585792068
0.6029407739, 0.1292896034
0.8014703869, 0.0646448017
0.4007351935, 0.0323224009
0.2003675967, 0.0161612004
0.1001837984, 0.0080806002
0.5500918992, 0.5040403001
0.2750459496, 0.2520201501
0.6375229748, 0.6260100750
0.8187614874, 0.8130050375
0.9093807437, 0.9065025188
0.9546903718, 0.9532512594
0.4773451859, 0.4766256297
0.2386725930, 0.2383128148
0.1193362965, 0.1191564074
0.0596681482, 0.0595782037
0.5298340741, 0.0297891019
0.7649170371, 0.0148945509
0.3824585185, 0.0074472755
0.6912292593, 0.0037236377
0.3456146296, 0.5018618189
0.1728073148, 0.7509309094
0.0864036574, 0.3754654547
0.5432018287, 0.1877327274
0.2716009144, 0.0938663637
0.6358004572, 0.0469331818
0.8179002286, 0.0234665909
0.4089501143, 0.0117332955
0.7044750571, 0.5058666477
0.3522375286, 0.7529333239
0.1761187643, 0.8764666619
0.0880593821, 0.9382333310
0.0440296911, 0.4691166655
0.5220148455, 0.2345583327
0.7610074228, 0.1172791664
0.8805037114, 0.5586395832
0.9402518557, 0.2793197916
0.4701259278, 0.6396598958
0.2350629639, 0.3198299479
0.6175314820, 0.6599149739
0.8087657410, 0.8299574870
0.9043828705, 0.9149787435
0.4521914352, 0.4574893717
0.7260957176, 0.7287446859
0.3630478588, 0.8643723429
0.6815239294, 0.9321861715
0.3407619647, 0.9660930857
0.6703809824, 0.4830465429
0.3351904912, 0.7415232714
0.1675952456, 0.3707616357
0.0837976228, 0.1853808179
0.0418988114, 0.5926904089
0.0209494057, 0.2963452045
0.5104747028, 0.1481726022
0.2552373514, 0.0740863011
0.6276186757, 0.0370431506
0.3138093379, 0.0185215753
0.6569046689, 0.5092607876
0.3284523345, 0.2546303938
0.6642261672, 0.6273151969
0.8321130836, 0.8136575985
0.4160565418, 0.4068287992
0.2080282709, 0.2034143996
0.6040141355, 0.1017071998
0.8020070677, 0.5508535999
0.9010035339, 0.2754268000
0.9505017669, 0.1377134000
0.4752508835, 0.5688567000
0.2376254417, 0.7844283500
0.6188127209, 0.3922141750
0.8094063604, 0.6961070875
0.9047031802, 0.3480535437
0.9523515901, 0.1740267719
0.4761757951, 0.0870133859
0.2380878975, 0.5435066930
0.1190439488, 0.7717533465
0.0595219744, 0.8858766732
0.5297609872, 0.4429383366
0.2648804936, 0.7214691683
0.6324402468, 0.8607345842
0.3162201234, 0.4303672921
0.6581100617, 0.2151836460
0.3290550308, 0.1075918230
0.6645275154, 0.0537959115
0.3322637577, 0.5268979558
0.1661318789, 0.7634489779
0.0830659394, 0.3817244889
0.5415329697, 0.6908622445
0.2707664849, 0.3454311222
0.6353832424, 0.1727155611
0.8176916212, 0.5863577806
0.9088458106, 0.2931788903
0.9544229053, 0.1465894451
0.4772114527, 0.0732947226
0.7386057263, 0.5366473613
0.3693028632, 0.2683236806
0.6846514316, 0.1341618403
0.8423257158, 0.5670809202
0.9211628579, 0.2835404601
0.9605814289, 0.6417702300
0.9802907145, 0.3208851150
0.9901453572, 0.1604425575
0.9950726786, 0.0802212788
0.9975363393, 0.5401106394
0.4987681697, 0.7700553197
0.2493840848, 0.3850276598
0.6246920424, 0.6925138299
0.3123460212, 0.3462569150
0.6561730106, 0.6731284575
0.3280865053, 0.3365642287
0.6640432527, 0.1682821144
0.3320216263, 0.0841410572
0.1660108132, 0.0420705286
0.5830054066, 0.0210352643
0.7915027033, 0.0105176321
0.8957513516, 0.5052588161
0.9478756758, 0.7526294080
0.4739378379, 0.3763147040
0.2369689190, 0.1881573520
0.6184844595, 0.5940786760
0.8092422297, 0.7970393380
0.9046211149, 0.8985196690
0.4523105574, 0.9492598345
0.7261552787, 0.4746299173
0.3630776394, 0.7373149586
0.6815388197, 0.3686574793
0.3407694098, 0.1843287397
0.1703847049, 0.0921643698
0.0851923525, 0.5460821849
0.0425961762, 0.2730410925
0.5212980881, 0.6365205462
0.7606490441, 0.8182602731
0.3803245220, 0.9091301366
0.1901622610, 0.9545650683
0.0950811305, 0.9772825341
0.0475405653, 0.4886412671
0.5237702826, 0.2443206335
0.7618851413, 0.1221603168
0.3809425707, 0.0610801584
0.6904712853, 0.0305400792
0.3452356427, 0.0152700396
0.6726178213, 0.5076350198
0.3363089107, 0.2538175099
0.6681544553, 0.1269087549
0.3340772277, 0.0634543775
0.6670386138, 0.0317271887
0.3335193069, 0.0158635944
0.1667596535, 0.0079317972
0.0833798267, 0.0039658986
0.5416899134, 0.0019829493
0.2708449567, 0.0009914746
0.6354224783, 0.0004957373
0.8177112392, 0.5002478687
0.9088556196, 0.7501239343
0.4544278098, 0.8750619672
0.2272139049, 0.4375309836
0.6136069524, 0.7187654918
0.3068034762, 0.3593827459
0.6534017381, 0.1796913729
0.8267008691, 0.0898456865
0.4133504345, 0.0449228432
0.2066752173, 0.5224614216
0.1033376086, 0.2612307108
0.5516688043, 0.6306153554
0.2758344022, 0.8153076777
0.1379172011, 0.4076538389
0.5689586005, 0.2038269194
0.7844793003, 0.1019134597
0.8922396501, 0.5509567299
0.4461198251, 0.2754783649
0.7230599125, 0.1377391825
0.8615299563, 0.0688695912
0.4307649781, 0.5344347956
0.2153824891, 0.7672173978
0.1076912445, 0.3836086989
0.5538456223, 0.6918043495
0.7769228111, 0.3459021747
0.8884614056, 0.1729510874
0.4442307028, 0.0864755437
0.7221153514, 0.0432377718
0.8610576757, 0.5216188859
0.9305288378, 0.2608094430
0.4652644189, 0.1304047215
0.7326322095, 0.0652023607
0.8663161047, 0.5326011804
0.9331580524, 0.2663005902
0.9665790262, 0.1331502951
0.4832895131, 0.5665751475
0.2416447565, 0.2832875738
0.6208223783, 0.6416437869
0.8104111891, 0.8208218934
0.9052055946, 0.9104109467
0.4526027973, 0.9552054734
0.7263013986, 0.4776027367
0.8631506993, 0.2388013683
0.9315753497, 0.6194006842
0.9657876748, 0.3097003421
0.4828938374, 0.6548501710
0.7414469187, 0.8274250855
0.8707234594, 0.9137125428
0.9353617297, 0.4568562714
0.9676808648, 0.7284281357
0.4838404324, 0.3642140678
0.2419202162, 0.6821070339
0.1209601081, 0.3410535170
0.0604800541, 0.6705267585
0.0302400270, 0.3352633792
0.0151200135, 0.6676316896
0.0075600068, 0.8338158448
0.0037800034, 0.4169079224
0.0018900017, 0.2084539612
0.5009450008, 0.6042269806
0.7504725004, 0.8021134903
0.3752362502, 0.4010567452
0.1876181251, 0.2005283726
0.0938090626, 0.6002641863
0.5469045313, 0.8001320931
0.2734522656, 0.4000660466
0.6367261328, 0.2000330233
0.8183630664, 0.6000165116
0.4091815332, 0.3000082558
0.7045907666, 0.1500041279
0.3522953833, 0.0750020640
0.6761476917, 0.5375010320
0.8380738458, 0.2687505160
0.9190369229, 0.1343752580
0.4595184615, 0.5671876290
0.7297592307, 0.2835938145
0.3648796154, 0.1417969072
0.6824398077, 0.5708984536
0.8412199038, 0.2854492268
0.4206099519, 0.1427246134
0.7103049760, 0.5713623067
0.3551524880, 0.7856811534
0.1775762440, 0.3928405767
0.5887881220, 0.6964202883
0.2943940610, 0.8482101442
0.1471970305, 0.4241050721
0.0735985152, 0.2120525360
0.0367992576, 0.6060262680
0.5183996288, 0.3030131340
0.7591998144, 0.6515065670
0.3795999072, 0.8257532835
0.1897999536, 0.4128766418
0.5948999768, 0.7064383209
0.7974499884, 0.8532191604
0.8987249942, 0.9266095802
0.4493624971, 0.4633047901
0.7246812486, 0.2316523951
0.3623406243, 0.6158261975
0.1811703121, 0.8079130988
0.5905851561, 0.4039565494
0.2952925780, 0.2019782747
0.1476462890, 0.1009891373
0.0738231445, 0.5504945687
0.0369115723, 0.2752472843
0.5184557861, 0.6376236422
0.7592278931, 0.3188118211
0.8796139465, 0.6594059105
0.4398069733, 0.3297029553
0.7199034866, 0.6648514776
0.3599517433, 0.3324257388
0.6799758717, 0.6662128694
0.3399879358, 0.3331064347
0.6699939679, 0.6665532174
0.8349969840, 0.8332766087
0.9174984920, 0.9166383043
0.4587492460, 0.4583191522
0.2293746230, 0.2291595761
0.1146873115, 0.6145797880
0.0573436557, 0.8072898940
0.0286718279, 0.9036449470
0.5143359139, 0.9518224735
0.7571679570, 0.9759112368
0.8785839785, 0.9879556184
0.4392919892, 0.4939778092
0.7196459946, 0.7469889046
0.8598229973, 0.3734944523
0.9299114987, 0.6867472261
0.4649557493, 0.3433736131
0.2324778747, 0.1716868065
0.1162389373, 0.0858434033
0.5581194687, 0.5429217016
0.7790597343, 0.7714608508
0.8895298672, 0.8857304254
0.9447649336, 0.4428652127
0.9723824668, 0.7214326064
0.9861912334, 0.8607163032
0.9930956167, 0.9303581516
0.4965478083, 0.9651790758
0.2482739042, 0.4825895379
0.6241369521, 0.2412947689
0.8120684760, 0.1206473845
0.9060342380, 0.0603236922
0.9530171190, 0.5301618461
0.4765085595, 0.2650809231
0.2382542798, 0.6325404615
0.1191271399, 0.3162702308
0.5595635699, 0.6581351154
0.7797817850, 0.3290675577
0.8898908925, 0.6645337788
0.9449454462, 0.8322668894
0.9724727231, 0.9161334447
0.4862363616, 0.4580667224
0.2431181808, 0.2290333612
0.6215590904, 0.1145166806
0.8107795452, 0.5572583403
0.4053897726, 0.2786291701
0.7026948863, 0.1393145851
0.8513474431, 0.5696572925
0.9256737216, 0.2848286463
0.9628368608, 0.1424143231
0.9814184304, 0.0712071616
0.9907092152, 0.5356035808
0.9953546076, 0.7678017904
0.4976773038, 0.3839008952
0.7488386519, 0.1919504476
0.8744193259, 0.5959752238
0.9372096630, 0.7979876119
0.9686048315, 0.8989938059
0.9843024157, 0.9494969030
0.4921512079, 0.4747484515
0.7460756039, 0.7373742257
0.3730378020, 0.3686871129
0.1865189010, 0.1843435564
0.0932594505, 0.5921717782
0.0466297252, 0.2960858891
0.0233148626, 0.1480429446
0.5116574313, 0.0740214723
0.2558287157, 0.5370107361
0.1279143578, 0.2685053681
0.5639571789, 0.6342526840
0.2819785895, 0.8171263420
0.1409892947, 0.4085631710
0.0704946474, 0.2042815855
0.0352473237, 0.1021407928
0.5176236618, 0.5510703964
0.2588118309, 0.2755351982
0.6294059155, 0.1377675991
0.8147029577, 0.0688837995
0.4073514789, 0.5344418998
0.7036757394, 0.7672209499
0.3518378697, 0.8836104749
0.6759189349, 0.9418052375
0.3379594674, 0.9709026187
0.6689797337, 0.4854513094
0.3344898669, 0.7427256547
0.1672449334, 0.3713628273
0.5836224667, 0.6856814137
0.7918112334, 0.8428407068
0.8959056167, 0.4214203534
0.9479528083, 0.2107101767
0.4739764042, 0.1053550884
0.7369882021, 0.0526775442
0.8684941010, 0.5263387721
0.4342470505, 0.2631693860
0.7171235253, 0.6315846930
0.3585617626, 0.3157923465
0.1792808813, 0.6578961733
0.0896404407, 0.8289480866
0.5448202203, 0.4144740433
0.7724101102, 0.2072370217
0.3862050551, 0.6036185108
0.1931025275, 0.3018092554
0.5965512638, 0.6509046277
0.7982756319, 0.8254523139
0.8991378159, 0.9127261569
0.9495689080, 0.4563630785
0.4747844540, 0.7281815392
0.2373922270, 0.3640907696
0.6186961135, 0.1820453848
0.8093480567, 0.0910226924
0.9046740284, 0.5455113462
0.9523370142, 0.7727556731
0.9761685071, 0.3863778366
0.9880842535, 0.6931889183
0.9940421268, 0.8465944591
0.9970210634, 0.4232972296
0.9985105317, 0.2116486148
0.9992552658, 0.6058243074
0.9996276329, 0.8029121537
0.4998138165, 0.4014560768
0.2499069082, 0.7007280384
0.1249534541, 0.8503640192
0.0624767271, 0.4251820096
0.0312383635, 0.7125910048
0.5156191818, 0.8562955024
0.7578095909, 0.9281477512
0.3789047954, 0.9640738756
0.6894523977, 0.4820369378
0.3447261989, 0.2410184689
0.1723630994, 0.1205092345
0.5861815497, 0.0602546172
0.7930907749, 0.0301273086
0.3965453874, 0.5150636543
0.1982726937, 0.7575318272
0.0991363469, 0.3787659136
0.0495681734, 0.1893829568
0.5247840867, 0.5946914784
0.7623920434, 0.2973457392
0.3811960217, 0.6486728696
0.1905980108, 0.3243364348
0.0952990054, 0.6621682174
0.0476495027, 0.3310841087
0.5238247514, 0.6655420543
0.2619123757, 0.3327710272
0.6309561878, 0.1663855136
0.3154780939, 0.5831927568
0.1577390470, 0.2915963784
0.0788695235, 0.1457981892
0.5394347617, 0.0728990946
0.2697173809, 0.0364495473
0.6348586904, 0.5182247736
0.3174293452, 0.2591123868
0.1587146726, 0.6295561934
0.0793573363, 0.3147780967
0.0396786682, 0.1573890484
0.0198393341, 0.0786945242
0.5099196670, 0.0393472621
0.2549598335, 0.0196736310
0.1274799168, 0.0098368155
0.5637399584, 0.0049184078
0.2818699792, 0.0024592039
0.6409349896, 0.5012296019
0.8204674948, 0.2506148010
0.9102337474, 0.1253074005
0.9551168737, 0.5626537002
0.4775584368, 0.2813268501
0.2387792184, 0.6406634251
0.1193896092, 0.3203317125
0.0596948046, 0.1601658563
0.5298474023, 0.0800829281
0.2649237012, 0.0400414641
0.1324618506, 0.0200207320
0.5662309253, 0.0100103660
0.2831154626, 0.0050051830
0.1415577313, 0.0025025915
0.0707788657, 0.5012512958
0.5353894328, 0.2506256479
0.7676947164, 0.6253128239
0.8838473582, 0.8126564120
0.9419236791, 0.4063282060
0.4709618396, 0.7031641030
0.7354809198, 0.3515820515
0.8677404599, 0.6757910257
0.9338702299, 0.8378955129
0.9669351150, 0.4189477564
0.9834675575, 0.2094738782
0.4917337787, 0.1047369391
0.7458668894, 0.0523684696
0.8729334447, 0.0261842348
0.4364667223, 0.5130921174
0.7182333612, 0.2565460587
0.8591166806, 0.6282730293
0.9295583403, 0.8141365147
0.9647791701, 0.4070682573
0.4823895851, 0.2035341287
0.7411947925, 0.1017670643
0.8705973963, 0.0508835322
0.9352986981, 0.0254417661
0.9676493491, 0.0127208830
0.4838246745, 0.5063604415
0.7419123373, 0.2531802208
0.3709561686, 0.6265901104
0.6854780843, 0.3132950552
0.8427390422, 0.6566475276
0.9213695211, 0.3283237638
0.4606847605, 0.6641618819
0.7303423803, 0.8320809409
0.3651711901, 0.4160404705
0.1825855951, 0.2080202352
0.5912927975, 0.6040101176
0.7956463988, 0.8020050588
0.3978231994, 0.9010025294
0.1989115997, 0.4505012647
0.5994557998, 0.7252506324
0.2997278999, 0.3626253162
0.1498639500, 0.1813126581
0.5749319750, 0.5906563290
0.2874659875, 0.7953281645
0.6437329937, 0.3976640823
0.8218664969, 0.6988320411
0.4109332484, 0.8494160206
0.2054666242, 0.4247080103
0.6027333121, 0.2123540051
0.3013666561, 0.6061770026
0.1506833280, 0.3030885013
0.0753416640, 0.1515442506
0.5376708320, 0.0757721253
0.2688354160, 0.0378860627
0.6344177080, 0.5189430313
0.8172088540, 0.7594715157
0.9086044270, 0.3797357578
0.9543022135, 0.6898678789
0.9771511068, 0.3449339395
0.9885755534, 0.1724669697
0.9942877767, 0.0862334849
0.9971438883, 0.0431167424
0.9985719442, 0.0215583712
0.4992859721, 0.0107791856
0.7496429860, 0.0053895928
0.8748214930, 0.5026947964
0.9374107465, 0.2513473982
0.9687053733, 0.6256736991
0.9843526866, 0.8128368496
0.4921763433, 0.4064184248
0.7460881717, 0.7032092124
0.8730440858, 0.3516046062
0.9365220429, 0.1758023031
0.4682610215, 0.0879011515
0.2341305107, 0.0439505758
0.6170652554, 0.0219752879
0.3085326277, 0.0109876439
0.1542663138, 0.0054938220
0.5771331569, 0.5027469110
0.2885665785, 0.2513734555
0.6442832892, 0.6256867277
0.8221416446, 0.8128433639
0.4110708223, 0.4064216819
0.2055354112, 0.2032108410
0.6027677056, 0.6016054205
0.8013838528, 0.8008027102
0.4006919264, 0.9004013551
0.2003459632, 0.9502006776
0.1001729816, 0.4751003388
0.0500864908, 0.7375501694
0.0250432454, 0.3687750847
0.0125216227, 0.1843875423
0.5062608113, 0.5921937712
0.2531304057, 0.2960968856
0.6265652028, 0.6480484428
0.3132826014, 0.3240242214
0.1566413007, 0.6620121107
0.5783206504, 0.3310060553
0.2891603252, 0.1655030277
0.6445801626, 0.5827515138
0.8222900813, 0.7913757569
0.9111450406, 0.8956878785
0.9555725203, 0.4478439392
0.4777862602, 0.2239219696
0.7388931301, 0.1119609848
0.8694465650, 0.5559804924
0.9347232825, 0.7779902462
0.9673616413, 0.3889951231
0.9836808206, 0.6944975616
0.9918404103, 0.8472487808
0.4959202052, 0.4236243904
0.2479601026, 0.7118121952
0.6239800513, 0.3559060976
0.8119900256, 0.1779530488
0.4059950128, 0.5889765244
0.2029975064, 0.2944882622
0.1014987532, 0.1472441311
0.0507493766, 0.0736220655
0.5253746883, 0.0368110328
0.2626873442, 0.0184055164
0.6313436721, 0.5092027582
0.8156718360, 0.2546013791
0.4078359180, 0.1273006895
0.7039179590, 0.0636503448
0.3519589795, 0.5318251724
0.6759794898, 0.7659125862
0.8379897449, 0.3829562931
0.4189948724, 0.6914781465
0.7094974362, 0.8457390733
0.8547487181, 0.4228695366
0.4273743591, 0.2114347683
0.7136871795, 0.1057173842
0.8568435898, 0.0528586921
0.9284217949, 0.0264293460
0.9642108974, 0.0132146730
0.9821054487, 0.5066073365
0.9910527244, 0.2533036683
0.9955263622, 0.6266518341
0.9977631811, 0.8133259171
0.9988815905, 0.4066629585
0.4994407953, 0.2033314793
0.2497203976, 0.6016657396
0.6248601988, 0.3008328698
0.8124300994, 0.1504164349
0.4062150497, 0.5752082175
0.7031075249, 0.2876041087
0.8515537624, 0.6438020544
0.9257768812, 0.8219010272
0.9628884406, 0.4109505136
0.4814442203, 0.2054752568
0.2407221102, 0.6027376284
0.6203610551, 0.3013688142
0.8101805275, 0.1506844071
0.4050902638, 0.0753422035
0.7025451319, 0.0376711018
0.8512725659, 0.5188355509
0.9256362830, 0.7594177754
0.4628181415, 0.3797088877
0.2314090707, 0.1898544439
0.1157045354, 0.5949272219
0.0578522677, 0.2974636110
0.5289261338, 0.6487318055
0.7644630669, 0.8243659027
0.3822315335, 0.9121829514
0.6911157667, 0.4560914757
0.3455578834, 0.7280457378
0.1727789417, 0.3640228689
0.5863894708, 0.1820114345
0.7931947354, 0.5910057172
0.8965973677, 0.7955028586
0.4482986839, 0.8977514293
0.2241493419, 0.9488757147
0.6120746710, 0.4744378573
0.8060373355, 0.7372189287
0.4030186677, 0.3686094643
0.7015093339, 0.1843047322
0.8507546669, 0.5921523661
0.9253773335, 0.7960761830
0.9626886667, 0.8980380915
0.9813443334, 0.9490190458
0.4906721667, 0.9745095229
0.7453360833, 0.9872547614
0.3726680417, 0.4936273807
0.1863340208, 0.2468136904
0.5931670104, 0.1234068452
0.2965835052, 0.0617034226
0.6482917526, 0.0308517113
0.3241458763, 0.5154258556
0.1620729382, 0.2577129278
0.0810364691, 0.1288564639
0.0405182345, 0.5644282320
0.5202591173, 0.2822141160
0.7601295586, 0.1411070580
0.3800647793, 0.5705535290
0.1900323897, 0.2852767645
0.5950161948, 0.1426383822
0.7975080974, 0.5713191911
0.3987540487, 0.7856595956
0.1993770244, 0.8928297978
0.5996885122, 0.4464148989
0.2998442561, 0.2232074494
0.6499221280, 0.1116037247
0.3249610640, 0.0558018624
0.6624805320, 0.0279009312
0.3312402660, 0.0139504656
0.1656201330, 0.0069752328
0.5828100665, 0.5034876164
0.2914050333, 0.7517438082
0.6457025166, 0.3758719041
0.8228512583, 0.1879359520
0.9114256292, 0.0939679760
0.4557128146, 0.5469839880
0.7278564073, 0.7734919940
0.3639282036, 0.8867459970
0.1819641018, 0.4433729985
0.0909820509, 0.2216864993
0.5454910255, 0.1108432496
0.7727455127, 0.0554216248
0.8863727564, 0.0277108124
0.9431863782, 0.0138554062
0.4715931891, 0.0069277031
0.7357965945, 0.5034638516
0.3678982973, 0.2517319258
0.1839491486, 0.1258659629
0.0919745743, 0.0629329814
0.0459872872, 0.0314664907
0.0229936436, 0.0157332454
0.0114968218, 0.0078666227
0.0057484109, 0.0039333113
0.0028742054, 0.5019666557
0.5014371027, 0.2509833278
0.2507185514, 0.6254916639
0.1253592757, 0.8127458320
0.5626796378, 0.4063729160
0.7813398189, 0.2031864580
0.8906699095, 0.6015932290
0.9453349547, 0.3007966145
0.9726674774, 0.1503983072
0.9863337387, 0.0751991536
0.4931668693, 0.5375995768
0.7465834347, 0.2687997884
0.3732917173, 0.1343998942
0.1866458587, 0.5671999471
0.5933229293, 0.2835999736
