0.2500000000, 0.2500000000
0.6250000000, 0.6250000000
0.3125000000, 0.8125000000
0.1562500000, 0.4062500000
0.0781250000, 0.2031250000
0.0390625000, 0.1015625000
0.0195312500, 0.0507812500
0.5097656250, 0.5253906250
0.2548828125, 0.7626953125
0.1274414062, 0.3813476562
0.5637207031, 0.6906738281
0.7818603516, 0.8453369141
0.3909301758, 0.4226684570
0.6954650879, 0.7113342285
0.8477325439, 0.3556671143
0.9238662720, 0.1778335571
0.4619331360, 0.5889167786
0.2309665680, 0.2944583893
0.1154832840, 0.1472291946
0.0577416420, 0.0736145973
0.0288708210, 0.0368072987
0.5144354105, 0.0184036493
0.7572177052, 0.5092018247
0.3786088526, 0.2546009123
0.1893044263, 0.1273004562
0.5946522132, 0.0636502281
0.2973261066, 0.5318251140
0.1486630533, 0.7659125570
0.0743315266, 0.3829562785
0.0371657633, 0.1914781393
0.0185828817, 0.0957390696
0.5092914408, 0.0478695348
0.2546457204, 0.5239347674
0.1273228602, 0.2619673837
0.5636614301, 0.6309836919
0.2818307151, 0.3154918459
0.1409153575, 0.1577459230
0.5704576788, 0.5788729615
0.2852288394, 0.2894364807
0.6426144197, 0.1447182404
0.3213072098, 0.0723591202
0.1606536049, 0.0361795601
0.5803268025, 0.0180897800
0.2901634012, 0.0090448900
0.1450817006, 0.0045224450
0.0725408503, 0.5022612225
0.0362704252, 0.7511306113
0.0181352126, 0.3755653056
0.5090676063, 0.1877826528
0.7545338031, 0.0938913264
0.8772669016, 0.5469456632
0.9386334508, 0.7734728316
0.9693167254, 0.8867364158
0.9846583627, 0.4433682079
0.4923291813, 0.7216841040
0.2461645907, 0.3608420520
0.1230822953, 0.1804210260
0.5615411477, 0.0902105130
0.2807705738, 0.5451052565
0.6403852869, 0.2725526282
0.8201926435, 0.6362763141
0.9100963217, 0.3181381571
0.4550481609, 0.1590690785
0.7275240804, 0.0795345393
0.8637620402, 0.5397672696
0.9318810201, 0.7698836348
0.9659405101, 0.3849418174
0.4829702550, 0.1924709087
0.2414851275, 0.0962354544
0.6207425638, 0.0481177272
0.8103712819, 0.0240588636
0.9051856409, 0.5120294318
0.9525928205, 0.7560147159
0.4762964102, 0.3780073579
0.2381482051, 0.1890036790
0.6190741026, 0.0945018395
0.3095370513, 0.0472509197
0.6547685256, 0.5236254599
0.8273842628, 0.2618127299
0.9136921314, 0.1309063650
0.4568460657, 0.0654531825
0.7284230329, 0.5327265912
0.3642115164, 0.7663632956
0.6821057582, 0.3831816478
0.8410528791, 0.1915908239
0.4205264396, 0.0957954120
0.2102632198, 0.0478977060
0.6051316099, 0.0239488530
0.8025658049, 0.5119744265
0.9012829025, 0.2559872132
0.9506414512, 0.1279936066
0.4753207256, 0.0639968033
0.2376603628, 0.5319984017
0.1188301814, 0.2659992008
0.0594150907, 0.1329996004
0.0297075454, 0.0664998002
0.5148537727, 0.0332499001
0.7574268863, 0.0166249501
0.8787134432, 0.5083124750
0.9393567216, 0.7541562375
0.9696783608, 0.8770781188
0.4848391804, 0.4385390594
0.2424195902, 0.2192695297
0.1212097951, 0.6096347648
0.0606048975, 0.3048173824
0.5303024488, 0.1524086912
0.7651512244, 0.5762043456
0.3825756122, 0.2881021728
0.6912878061, 0.1440510864
0.3456439030, 0.5720255432
0.6728219515, 0.2860127716
0.3364109758, 0.6430063858
0.1682054879, 0.3215031929
0.0841027439, 0.1607515965
0.5420513720, 0.0803757982
0.2710256860, 0.0401878991
0.6355128430, 0.0200939496
0.8177564215, 0.5100469748
0.9088782107, 0.7550234874
0.9544391054, 0.8775117437
0.9772195527, 0.4387558718
0.4886097763, 0.7193779359
0.2443048882, 0.3596889680
0.6221524441, 0.6798444840
0.8110762220, 0.3399222420
0.4055381110, 0.6699611210
0.2027690555, 0.3349805605
0.6013845278, 0.1674902802
0.8006922639, 0.0837451401
0.4003461319, 0.5418725701
0.2001730660, 0.2709362850
0.1000865330, 0.1354681425
0.5500432665, 0.0677340713
0.7750216332, 0.0338670356
0.3875108166, 0.5169335178
0.1937554083, 0.2584667589
0.5968777042, 0.6292333795
0.2984388521, 0.3146166897
0.1492194260, 0.6573083449
0.0746097130, 0.3286541724
0.5373048565, 0.6643270862
0.7686524283, 0.8321635431
0.8843262141, 0.9160817716
0.4421631071, 0.4580408858
0.2210815535, 0.2290204429
0.6105407768, 0.1145102214
0.3052703884, 0.5572551107
0.1526351942, 0.2786275554
0.0763175971, 0.1393137777
0.0381587985, 0.5696568888
0.0190793993, 0.2848284444
0.0095396996, 0.6424142222
0.0047698498, 0.8212071111
0.0023849249, 0.4106035556
0.0011924625, 0.2053017778
0.5005962312, 0.6026508889
0.7502981156, 0.3013254444
0.3751490578, 0.6506627222
0.6875745289, 0.8253313611
0.3437872645, 0.4126656806
0.1718936322, 0.2063328403
0.0859468161, 0.6031664201
0.0429734081, 0.8015832101
0.0214867040, 0.4007916050
0.0107433520, 0.2003958025
0.5053716760, 0.1001979013
0.2526858380, 0.5500989506
0.1263429190, 0.2750494753
0.5631714595, 0.6375247377
0.2815857298, 0.8187623688
0.1407928649, 0.4093811844
0.0703964324, 0.2046905922
0.5351982162, 0.1023452961
0.2675991081, 0.0511726481
0.1337995541, 0.5255863240
0.5668997770, 0.2627931620
0.2834498885, 0.1313965810
0.1417249443, 0.0656982905
0.5708624721, 0.0328491453
0.7854312361, 0.0164245726
0.8927156180, 0.0082122863
0.9463578090, 0.0041061432
0.4731789045, 0.5020530716
0.7365894523, 0.2510265358
0.8682947261, 0.1255132679
0.4341473631, 0.0627566339
0.2170736815, 0.5313783170
0.6085368408, 0.2656891585
0.8042684204, 0.6328445792
0.4021342102, 0.3164222896
0.7010671051, 0.6582111448
0.3505335525, 0.3291055724
0.1752667763, 0.1645527862
0.0876333881, 0.0822763931
0.5438166941, 0.5411381966
0.2719083470, 0.7705690983
0.6359541735, 0.3852845491
0.8179770868, 0.6926422746
0.9089885434, 0.3463211373
0.9544942717, 0.6731605686
0.9772471358, 0.8365802843
0.4886235679, 0.9182901422
0.7443117840, 0.4591450711
0.8721558920, 0.2295725355
0.4360779460, 0.6147862678
0.2180389730, 0.3073931339
0.6090194865, 0.6536965669
0.8045097432, 0.3268482835
0.4022548716, 0.1634241417
0.2011274358, 0.0817120709
0.1005637179, 0.5408560354
0.0502818590, 0.2704280177
0.5251409295, 0.1352140089
0.7625704647, 0.0676070044
0.3812852324, 0.0338035022
0.6906426162, 0.5169017511
0.3453213081, 0.7584508756
0.6726606540, 0.8792254378
0.8363303270, 0.9396127189
0.9181651635, 0.9698063594
0.4590825818, 0.9849031797
0.2295412909, 0.4924515899
0.1147706454, 0.2462257949
0.5573853227, 0.1231128975
0.7786926614, 0.0615564487
0.3893463307, 0.5307782244
0.1946731653, 0.2653891122
0.5973365827, 0.1326945561
0.2986682913, 0.5663472780
0.6493341457, 0.2831736390
0.3246670728, 0.6415868195
0.6623335364, 0.3207934098
0.8311667682, 0.1603967049
0.9155833841, 0.0801983524
0.9577916921, 0.5400991762
0.4788958460, 0.7700495881
0.2394479230, 0.8850247941
0.1197239615, 0.9425123970
0.0598619808, 0.9712561985
0.0299309904, 0.4856280993
0.5149654952, 0.2428140496
0.7574827476, 0.1214070248
0.3787413738, 0.0607035124
0.6893706869, 0.5303517562
0.3446853434, 0.2651758781
0.6723426717, 0.6325879391
0.8361713359, 0.8162939695
0.4180856679, 0.4081469848
0.7090428340, 0.2040734924
0.8545214170, 0.6020367462
0.9272607085, 0.8010183731
0.9636303542, 0.9005091865
0.4818151771, 0.9502545933
0.7409075886, 0.4751272966
0.8704537943, 0.7375636483
0.9352268971, 0.3687818242
0.4676134486, 0.1843909121
0.2338067243, 0.5921954560
0.1169033621, 0.2960977280
0.0584516811, 0.6480488640
0.0292258405, 0.3240244320
0.5146129203, 0.6620122160
0.7573064601, 0.3310061080
0.3786532301, 0.1655030540
0.1893266150, 0.0827515270
0.5946633075, 0.5413757635
0.7973316538, 0.7706878818
0.3986658269, 0.3853439409
0.1993329134, 0.6926719704
0.0996664567, 0.3463359852
0.0498332284, 0.1731679926
0.0249166142, 0.5865839963
0.0124583071, 0.2932919982
0.5062291535, 0.6466459991
0.7531145768, 0.3233229995
0.3765572884, 0.1616614998
0.6882786442, 0.0808307499
0.3441393221, 0.0404153749
0.1720696610, 0.0202076875
0.5860348305, 0.5101038437
0.7930174153, 0.7550519219
0.3965087076, 0.3775259609
0.6982543538, 0.1887629805
0.8491271769, 0.0943814902
0.9245635885, 0.5471907451
0.9622817942, 0.7735953726
0.9811408971, 0.3867976863
0.9905704486, 0.1933988431
0.4952852243, 0.5966994216
0.2476426121, 0.7983497108
0.1238213061, 0.3991748554
0.0619106530, 0.1995874277
0.5309553265, 0.5997937138
0.7654776633, 0.7998968569
0.8827388316, 0.8999484285
0.9413694158, 0.9499742142
0.9706847079, 0.9749871071
0.4853423540, 0.4874935536
0.7426711770, 0.2437467768
0.8713355885, 0.6218733884
0.9356677942, 0.3109366942
0.9678338971, 0.6554683471
0.9839169486, 0.3277341735
0.9919584743, 0.1638670868
0.9959792371, 0.0819335434
0.9979896186, 0.5409667717
0.9989948093, 0.2704833858
0.9994974046, 0.1352416929
0.4997487023, 0.0676208465
0.7498743512, 0.0338104232
0.3749371756, 0.0169052116
0.1874685878, 0.0084526058
0.5937342939, 0.5042263029
0.2968671469, 0.2521131515
0.6484335735, 0.6260565757
0.3242167867, 0.3130282879
0.6621083934, 0.6565141439
0.3310541967, 0.8282570720
0.1655270983, 0.9141285360
0.0827635492, 0.4570642680
0.5413817746, 0.2285321340
0.7706908873, 0.1142660670
0.3853454436, 0.5571330335
0.1926727218, 0.2785665167
0.5963363609, 0.1392832584
0.2981681805, 0.5696416292
0.6490840902, 0.2848208146
0.3245420451, 0.6424104073
0.1622710226, 0.3212052036
0.5811355113, 0.1606026018
0.7905677556, 0.5803013009
0.3952838778, 0.7901506505
0.6976419389, 0.3950753252
0.3488209695, 0.6975376626
0.1744104847, 0.8487688313
0.0872052424, 0.9243844157
0.0436026212, 0.4621922078
0.0218013106, 0.7310961039
0.5109006553, 0.3655480520
0.7554503276, 0.1827740260
0.8777251638, 0.5913870130
0.9388625819, 0.7956935065
0.4694312910, 0.3978467532
0.2347156455, 0.1989233766
0.6173578227, 0.0994616883
0.8086789114, 0.5497308442
0.4043394557, 0.7748654221
0.2021697278, 0.3874327110
0.6010848639, 0.6937163555
0.3005424320, 0.3468581778
0.1502712160, 0.1734290889
0.0751356080, 0.5867145444
0.0375678040, 0.7933572722
0.5187839020, 0.3966786361
0.7593919510, 0.1983393181
0.3796959755, 0.5991696590
0.6898479877, 0.2995848295
0.8449239939, 0.1497924148
0.9224619969, 0.0748962074
0.9612309985, 0.0374481037
0.9806154992, 0.0187240518
0.9903077496, 0.5093620259
0.4951538748, 0.2546810130
0.2475769374, 0.6273405065
0.6237884687, 0.3136702532
0.3118942344, 0.6568351266
0.1559471172, 0.3284175633
0.5779735586, 0.6642087817
0.7889867793, 0.8321043908
0.8944933896, 0.9160521954
0.4472466948, 0.4580260977
0.7236233474, 0.7290130489
0.3618116737, 0.8645065244
0.6809058369, 0.4322532622
0.3404529184, 0.7161266311
0.6702264592, 0.3580633156
0.8351132296, 0.6790316578
0.9175566148, 0.3395158289
0.9587783074, 0.1697579144
0.9793891537, 0.5848789572
0.4896945769, 0.2924394786
0.2448472884, 0.1462197393
0.6224236442, 0.0731098697
0.8112118221, 0.5365549348
0.4056059111, 0.2682774674
0.2028029555, 0.6341387337
0.1014014778, 0.3170693669
0.0507007389, 0.1585346834
0.5253503694, 0.5792673417
0.2626751847, 0.7896336709
0.1313375924, 0.3948168354
0.5656687962, 0.1974084177
0.7828343981, 0.0987042089
0.3914171990, 0.5493521044
0.6957085995, 0.2746760522
0.3478542998, 0.1373380261
0.1739271499, 0.0686690131
0.5869635749, 0.0343345065
0.7934817875, 0.5171672533
0.8967408937, 0.7585836266
0.9483704469, 0.8792918133
0.4741852234, 0.4396459067
0.2370926117, 0.7198229533
0.1185463059, 0.8599114767
0.5592731529, 0.9299557383
0.7796365765, 0.4649778692
0.3898182882, 0.7324889346
0.1949091441, 0.3662444673
0.0974545721, 0.1831222336
0.0487272860, 0.0915611168
0.5243636430, 0.5457805584
0.2621818215, 0.2728902792
0.6310909108, 0.1364451396
0.3155454554, 0.0682225698
0.6577727277, 0.5341112849
0.3288863638, 0.2670556425
0.1644431819, 0.1335278212
0.5822215910, 0.5667639106
0.2911107955, 0.7833819553
0.1455553977, 0.8916909777
0.0727776989, 0.9458454888
0.5363888494, 0.4729227444
0.7681944247, 0.2364613722
0.3840972124, 0.1182306861
0.1920486062, 0.5591153431
0.0960243031, 0.2795576715
0.5480121515, 0.6397788358
0.2740060758, 0.3198894179
0.1370030379, 0.1599447089
0.0685015189, 0.5799723545
0.5342507595, 0.2899861772
0.7671253797, 0.1449930886
0.8835626899, 0.0724965443
0.9417813449, 0.5362482722
0.4708906725, 0.2681241361
0.7354453362, 0.1340620680
0.8677226681, 0.5670310340
0.4338613341, 0.2835155170
0.7169306670, 0.6417577585
0.8584653335, 0.3208788793
0.9292326668, 0.1604394396
0.9646163334, 0.5802197198
0.9823081667, 0.2901098599
0.4911540833, 0.6450549300
0.2455770417, 0.8225274650
0.1227885208, 0.9112637325
0.5613942604, 0.9556318662
0.7806971302, 0.4778159331
0.8903485651, 0.7389079666
0.9451742826, 0.8694539833
0.9725871413, 0.9347269916
0.9862935706, 0.4673634958
0.9931467853, 0.7336817479
0.4965733927, 0.3668408740
0.2482866963, 0.1834204370
0.6241433482, 0.5917102185
0.3120716741, 0.7958551092
0.6560358370, 0.3979275546
0.3280179185, 0.6989637773
0.1640089593, 0.8494818887
0.5820044796, 0.4247409443
0.7910022398, 0.2123704722
0.3955011199, 0.6061852361
0.1977505600, 0.8030926180
0.0988752800, 0.9015463090
0.0494376400, 0.9507731545
0.0247188200, 0.4753865773
0.5123594100, 0.2376932886
0.2561797050, 0.1188466443
0.1280898525, 0.5594233222
0.0640449262, 0.2797116611
0.0320224631, 0.1398558305
0.5160112316, 0.0699279153
0.7580056158, 0.0349639576
0.3790028079, 0.5174819788
0.1895014039, 0.2587409894
0.0947507020, 0.1293704947
0.5473753510, 0.5646852474
0.2736876755, 0.2823426237
0.6368438377, 0.1411713118
0.8184219189, 0.0705856559
0.9092109594, 0.0352928280
0.9546054797, 0.5176464140
0.4773027399, 0.2588232070
0.7386513699, 0.6294116035
0.8693256850, 0.3147058017
0.4346628425, 0.6573529009
0.7173314212, 0.3286764504
0.8586657106, 0.6643382252
0.9293328553, 0.3321691126
0.9646664277, 0.1660845563
0.9823332138, 0.5830422782
0.4911666069, 0.7915211391
0.7455833035, 0.3957605695
0.8727916517, 0.1978802848
0.9363958259, 0.5989401424
0.9681979129, 0.7994700712
0.9840989565, 0.3997350356
0.4920494782, 0.6998675178
0.7460247391, 0.8499337589
0.8730123696, 0.9249668794
0.4365061848, 0.9624834397
0.2182530924, 0.4812417199
0.1091265462, 0.2406208599
0.5545632731, 0.6203104300
0.7772816365, 0.3101552150
0.8886408183, 0.6550776075
0.4443204091, 0.8275388037
0.7221602046, 0.4137694019
0.8610801023, 0.2068847009
0.9305400511, 0.6034423505
0.9652700256, 0.3017211752
0.4826350128, 0.6508605876
0.2413175064, 0.3254302938
0.6206587532, 0.1627151469
0.8103293766, 0.5813575735
0.4051646883, 0.2906787867
0.7025823441, 0.1453393934
0.8512911721, 0.5726696967
0.9256455860, 0.7863348483
0.4628227930, 0.8931674242
0.2314113965, 0.4465837121
0.6157056983, 0.2232918560
0.3078528491, 0.6116459280
0.1539264246, 0.3058229640
0.5769632123, 0.6529114820
0.7884816061, 0.3264557410
0.8942408031, 0.1632278705
0.9471204015, 0.5816139353
0.9735602008, 0.7908069676
0.9867801004, 0.3954034838
0.9933900502, 0.1977017419
0.9966950251, 0.5988508710
0.4983475125, 0.2994254355
0.2491737563, 0.6497127177
0.1245868781, 0.3248563589
0.0622934391, 0.1624281794
0.5311467195, 0.0812140897
0.7655733598, 0.0406070449
0.8827866799, 0.5203035224
0.9413933399, 0.7601517612
0.4706966700, 0.3800758806
0.2353483350, 0.1900379403
0.6176741675, 0.0950189702
0.8088370837, 0.0475094851
0.9044185419, 0.0237547425
0.4522092709, 0.5118773713
0.7261046355, 0.2559386856
0.8630523177, 0.6279693428
0.9315261589, 0.8139846714
0.9657630794, 0.4069923357
0.4828815397, 0.7034961679
0.2414407699, 0.8517480839
0.6207203849, 0.9258740420
0.8103601925, 0.9629370210
0.4051800962, 0.4814685105
0.2025900481, 0.7407342552
0.1012950241, 0.3703671276
0.0506475120, 0.1851835638
0.5253237560, 0.0925917819
0.7626618780, 0.5462958910
0.8813309390, 0.7731479455
0.9406654695, 0.8865739727
0.9703327348, 0.9432869864
0.4851663674, 0.9716434932
0.7425831837, 0.4858217466
0.8712915918, 0.7429108733
0.9356457959, 0.3714554366
0.9678228980, 0.6857277183
0.9839114490, 0.8428638592
0.4919557245, 0.9214319296
0.7459778622, 0.4607159648
0.8729889311, 0.7303579824
0.9364944656, 0.3651789912
0.4682472328, 0.1825894956
0.7341236164, 0.0912947478
0.8670618082, 0.0456473739
0.9335309041, 0.5228236869
0.4667654520, 0.2614118435
0.2333827260, 0.1307059217
0.6166913630, 0.5653529609
0.8083456815, 0.2826764804
0.4041728408, 0.1413382402
0.2020864204, 0.5706691201
0.1010432102, 0.2853345601
0.0505216051, 0.1426672800
0.5252608025, 0.0713336400
0.7626304013, 0.5356668200
0.8813152006, 0.7678334100
0.4406576003, 0.8839167050
0.2203288002, 0.4419583525
0.6101644001, 0.2209791763
0.3050822000, 0.1104895881
0.1525411000, 0.0552447941
0.5762705500, 0.0276223970
0.2881352750, 0.0138111985
0.1440676375, 0.0069055993
0.0720338188, 0.5034527996
0.5360169094, 0.7517263998
0.7680084547, 0.8758631999
0.3840042273, 0.4379316000
0.1920021137, 0.7189658000
0.0960010568, 0.3594829000
0.0480005284, 0.6797414500
0.5240002642, 0.3398707250
0.2620001321, 0.1699353625
0.6310000661, 0.0849676812
0.3155000330, 0.5424838406
0.1577500165, 0.2712419203
0.0788750083, 0.1356209602
0.5394375041, 0.5678104801
0.2697187521, 0.2839052400
0.6348593760, 0.6419526200
0.8174296880, 0.3209763100
0.9087148440, 0.1604881550
0.9543574220, 0.5802440775
0.9771787110, 0.7901220388
0.4885893555, 0.3950610194
0.7442946778, 0.6975305097
0.8721473389, 0.8487652548
0.4360736694, 0.4243826274
0.2180368347, 0.2121913137
0.1090184174, 0.6060956569
0.0545092087, 0.3030478284
0.0272546043, 0.1515239142
0.0136273022, 0.5757619571
0.0068136511, 0.2878809786
0.5034068255, 0.1439404893
0.7517034128, 0.0719702446
0.8758517064, 0.0359851223
0.9379258532, 0.0179925612
0.9689629266, 0.5089962806
0.4844814633, 0.2544981403
0.7422407316, 0.6272490701
0.3711203658, 0.3136245351
0.1855601829, 0.1568122675
0.0927800915, 0.5784061338
0.5463900457, 0.2892030669
0.2731950229, 0.6446015334
0.1365975114, 0.3223007667
0.0682987557, 0.1611503834
0.5341493779, 0.5805751917
0.2670746889, 0.2902875958
0.1335373445, 0.1451437979
0.5667686722, 0.0725718990
0.2833843361, 0.5362859495
0.6416921681, 0.2681429747
0.8208460840, 0.6340714874
0.4104230420, 0.3170357437
0.2052115210, 0.1585178718
0.6026057605, 0.0792589359
0.8013028803, 0.5396294680
0.9006514401, 0.2698147340
0.9503257201, 0.6349073670
0.4751628600, 0.8174536835
0.2375814300, 0.4087268417
0.6187907150, 0.2043634209
0.8093953575, 0.6021817104
0.9046976788, 0.3010908552
0.9523488394, 0.6505454276
0.9761744197, 0.3252727138
0.4880872098, 0.1626363569
0.2440436049, 0.0813181785
0.1220218025, 0.0406590892
0.5610109012, 0.0203295446
0.7805054506, 0.5101647723
0.8902527253, 0.7550823862
0.4451263627, 0.8775411931
0.7225631813, 0.4387705965
0.3612815907, 0.7193852983
0.6806407953, 0.3596926491
0.8403203977, 0.1798463246
0.9201601988, 0.5899231623
0.4600800994, 0.7949615811
0.7300400497, 0.3974807906
0.8650200249, 0.1987403953
0.9325100124, 0.0993701976
0.4662550062, 0.0496850988
0.2331275031, 0.5248425494
0.6165637516, 0.2624212747
0.8082818758, 0.6312106374
0.9041409379, 0.3156053187
0.4520704689, 0.1578026593
0.2260352345, 0.0789013297
0.6130176172, 0.0394506648
0.8065088086, 0.5197253324
0.4032544043, 0.2598626662
0.2016272022, 0.6299313331
0.6008136011, 0.3149656666
0.8004068005, 0.6574828333
0.4002034003, 0.3287414166
0.7001017001, 0.1643707083
0.8500508501, 0.5821853542
0.9250254250, 0.7910926771
0.4625127125, 0.3955463385
0.2312563563, 0.6977731693
0.1156281781, 0.8488865846
0.0578140891, 0.4244432923
0.0289070445, 0.2122216462
0.5144535223, 0.6061108231
0.7572267611, 0.3030554115
0.3786133806, 0.1515277058
0.1893066903, 0.0757638529
0.5946533451, 0.0378819264
0.7973266726, 0.5189409632
0.8986633363, 0.7594704816
0.9493316681, 0.8797352408
0.4746658341, 0.9398676204
0.2373329170, 0.4699338102
0.6186664585, 0.7349669051
0.8093332293, 0.8674834526
0.4046666146, 0.9337417263
0.2023333073, 0.9668708631
0.6011666537, 0.4834354316
0.3005833268, 0.7417177158
0.1502916634, 0.3708588579
0.5751458317, 0.1854294289
0.2875729159, 0.0927147145
0.1437864579, 0.5463573572
0.0718932290, 0.2731786786
0.0359466145, 0.1365893393
0.0179733072, 0.0682946697
0.0089866536, 0.0341473348
0.5044933268, 0.0170736674
0.7522466634, 0.0085368337
0.8761233317, 0.0042684169
0.9380616659, 0.0021342084
0.4690308329, 0.5010671042
0.2345154165, 0.2505335521
0.1172577082, 0.1252667761
0.5586288541, 0.5626333880
0.2793144271, 0.2813166940
0.6396572135, 0.1406583470
0.3198286068, 0.0703291735
0.6599143034, 0.5351645868
0.3299571517, 0.2675822934
0.1649785758, 0.1337911467
0.0824892879, 0.0668955733
0.0412446440, 0.0334477867
0.0206223220, 0.0167238933
0.5103111610, 0.5083619467
0.7551555805, 0.7541809733
0.3775777902, 0.3770904867
0.1887888951, 0.1885452433
0.0943944476, 0.0942726217
0.5471972238, 0.5471363108
0.7735986119, 0.7735681554
0.8867993059, 0.3867840777
0.4433996530, 0.1933920389
0.7216998265, 0.5966960194
0.8608499132, 0.2983480097
0.9304249566, 0.1491740049
0.4652124783, 0.0745870024
0.2326062392, 0.0372935012
0.1163031196, 0.0186467506
0.5581515598, 0.0093233753
0.2790757799, 0.5046616877
0.1395378899, 0.2523308438
0.5697689450, 0.6261654219
0.7848844725, 0.3130827110
0.8924422362, 0.1565413555
0.9462211181, 0.5782706777
0.4731105591, 0.2891353389
0.2365552795, 0.1445676694
0.6182776398, 0.0722838347
0.8091388199, 0.0361419174
0.9045694099, 0.5180709587
0.4522847050, 0.2590354793
0.7261423525, 0.6295177397
0.8630711762, 0.3147588698
0.9315355881, 0.6573794349
0.4657677941, 0.8286897175
0.2328838970, 0.9143448587
0.1164419485, 0.9571724294
0.0582209743, 0.9785862147
0.5291104871, 0.4892931073
0.2645552436, 0.2446465537
0.1322776218, 0.1223232768
0.5661388109, 0.0611616384
0.7830694054, 0.0305808192
0.3915347027, 0.0152904096
0.1957673514, 0.5076452048
0.0978836757, 0.7538226024
0.0489418378, 0.3769113012
0.0244709189, 0.6884556506
0.5122354595, 0.3442278253
0.2561177297, 0.1721139127
0.1280588649, 0.5860569563
0.5640294324, 0.7930284782
0.2820147162, 0.3965142391
0.6410073581, 0.6982571195
0.8205036791, 0.8491285598
0.4102518395, 0.4245642799
0.7051259198, 0.7122821399
0.8525629599, 0.3561410700
0.9262814799, 0.6780705350
0.4631407400, 0.8390352675
0.7315703700, 0.4195176337
0.3657851850, 0.7097588169
0.1828925925, 0.8548794084
0.5914462962, 0.4274397042
0.7957231481, 0.7137198521
0.8978615741, 0.3568599261
0.9489307870, 0.1784299630
0.4744653935, 0.0892149815
0.7372326968, 0.0446074908
0.3686163484, 0.5223037454
0.1843081742, 0.7611518727
0.5921540871, 0.3805759363
0.7960770435, 0.6902879682
0.3980385218, 0.3451439841
0.6990192609, 0.1725719920
0.8495096304, 0.5862859960
0.4247548152, 0.7931429980
0.2123774076, 0.3965714990
0.6061887038, 0.6982857495
0.8030943519, 0.8491428748
0.4015471760, 0.9245714374
0.7007735880, 0.9622857187
0.3503867940, 0.4811428593
0.1751933970, 0.2405714297
0.0875966985, 0.1202857148
0.5437983492, 0.0601428574
0.2718991746, 0.5300714287
0.1359495873, 0.2650357144
0.5679747937, 0.1325178572
0.7839873968, 0.5662589286
0.8919936984, 0.2831294643
0.9459968492, 0.6415647321
0.9729984246, 0.3207823661
0.9864992123, 0.6603911830
0.9932496062, 0.3301955915
0.9966248031, 0.6650977958
0.9983124015, 0.3325488979
0.9991562008, 0.6662744489
0.4995781004, 0.8331372245
0.2497890502, 0.4165686122
0.6248945251, 0.7082843061
0.8124472625, 0.8541421531
0.9062236313, 0.9270710765
0.4531118156, 0.4635355383
0.7265559078, 0.2317677691
0.3632779539, 0.1158838846
0.1816389770, 0.0579419423
0.0908194885, 0.5289709711
0.5454097442, 0.2644854856
0.7727048721, 0.6322427428
0.8863524361, 0.8161213714
0.4431762180, 0.9080606857
0.2215881090, 0.4540303428
0.6107940545, 0.2270151714
0.8053970273, 0.6135075857
0.9026985136, 0.8067537929
0.4513492568, 0.9033768964
0.7256746284, 0.4516884482
0.3628373142, 0.7258442241
0.6814186571, 0.8629221121
0.3407093286, 0.4314610560
0.1703546643, 0.2157305280
0.5851773321, 0.1078652640
0.2925886661, 0.5539326320
0.6462943330, 0.7769663160
0.8231471665, 0.8884831580
0.4115735833, 0.9442415790
0.2057867916, 0.9721207895
0.6028933958, 0.9860603948
0.8014466979, 0.4930301974
0.9007233490, 0.7465150987
0.9503616745, 0.8732575493
0.9751808372, 0.9366287747
0.9875904186, 0.4683143873
0.4937952093, 0.2341571937
0.7468976047, 0.1170785968
0.3734488023, 0.5585392984
0.6867244012, 0.2792696492
0.8433622006, 0.1396348246
0.9216811003, 0.0698174123
0.4608405501, 0.5349087062
0.2304202751, 0.2674543531
0.1152101375, 0.1337271765
0.5576050688, 0.0668635883
0.2788025344, 0.5334317941
0.1394012672, 0.2667158971
0.0697006336, 0.1333579485
0.0348503168, 0.0666789743
0.0174251584, 0.0333394871
0.5087125792, 0.0166697436
0.2543562896, 0.5083348718
0.6271781448, 0.2541674359
0.8135890724, 0.6270837179
0.9067945362, 0.8135418590
0.4533972681, 0.4067709295
0.7266986340, 0.7033854647
0.8633493170, 0.3516927324
0.4316746585, 0.1758463662
0.7158373293, 0.0879231831
0.3579186646, 0.5439615915
0.1789593323, 0.2719807958
0.0894796662, 0.1359903979
0.0447398331, 0.0679951989
0.5223699165, 0.0339975995
0.2611849583, 0.0169987997
0.6305924791, 0.5084993999
0.8152962396, 0.7542496999
0.4076481198, 0.3771248500
0.7038240599, 0.1885624250
0.3519120299, 0.0942812125
0.6759560150, 0.0471406062
0.3379780075, 0.0235703031
0.6689890037, 0.0117851516
0.3344945019, 0.0058925758
0.6672472509, 0.0029462879
0.8336236255, 0.5014731439
0.4168118127, 0.7507365720
0.2084059064, 0.3753682860
0.6042029532, 0.6876841430
0.8021014766, 0.3438420715
0.9010507383, 0.6719210357
0.9505253691, 0.8359605179
0.4752626846, 0.4179802589
0.7376313423, 0.7089901295
0.8688156711, 0.3544950647
0.9344078356, 0.1772475324
0.9672039178, 0.0886237662
0.9836019589, 0.0443118831
0.4918009794, 0.5221559415
0.7459004897, 0.7610779708
0.8729502449, 0.8805389854
0.9364751224, 0.9402694927
0.9682375612, 0.9701347463
0.4841187806, 0.4850673732
0.2420593903, 0.7425336866
0.1210296952, 0.3712668433
0.0605148476, 0.1856334216
0.5302574238, 0.0928167108
0.2651287119, 0.5464083554
0.1325643559, 0.7732041777
0.0662821780, 0.3866020889
0.0331410890, 0.6933010444
0.5165705445, 0.8466505222
0.2582852722, 0.9233252611
0.1291426361, 0.9616626306
0.0645713181, 0.9808313153
0.0322856590, 0.9904156576
0.0161428295, 0.4952078288
0.0080714148, 0.2476039144
0.5040357074, 0.1238019572
0.7520178537, 0.5619009786
0.3760089268, 0.2809504893
0.6880044634, 0.1404752447
0.8440022317, 0.5702376223
0.9220011159, 0.7851188112
0.4610005579, 0.3925594056
0.2305002790, 0.1962797028
0.1152501395, 0.5981398514
0.0576250697, 0.2990699257
0.5288125349, 0.6495349628
0.7644062674, 0.8247674814
0.3822031337, 0.9123837407
0.1911015669, 0.4561918704
0.5955507834, 0.7280959352
0.7977753917, 0.3640479676
0.8988876959, 0.1820239838
0.9494438479, 0.5910119919
0.4747219240, 0.7955059959
0.7373609620, 0.8977529980
0.8686804810, 0.9488764990
0.9343402405, 0.4744382495
0.4671701202, 0.7372191247
0.2335850601, 0.8686095624
0.6167925301, 0.9343047812
0.3083962650, 0.4671523906
0.6541981325, 0.2335761953
0.8270990663, 0.6167880976
0.9135495331, 0.3083940488
0.4567747666, 0.6541970244
0.2283873833, 0.8270985122
0.6141936916, 0.4135492561
0.3070968458, 0.7067746281
0.6535484229, 0.3533873140
0.3267742115, 0.1766936570
0.1633871057, 0.0883468285
0.0816935529, 0.5441734143
0.5408467764, 0.7720867071
0.7704233882, 0.8860433536
0.8852116941, 0.9430216768
0.9426058471, 0.9715108384
0.4713029235, 0.9857554192
0.2356514618, 0.4928777096
0.6178257309, 0.2464388548
0.3089128654, 0.1232194274
0.6544564327, 0.0616097137
0.8272282164, 0.5308048568
0.9136141082, 0.7654024284
0.4568070541, 0.3827012142
0.7284035270, 0.6913506071
0.8642017635, 0.3456753036
0.4321008818, 0.1728376518
0.2160504409, 0.0864188259
0.1080252204, 0.0432094129
0.0540126102, 0.0216047065
0.5270063051, 0.5108023532
0.7635031526, 0.7554011766
0.8817515763, 0.8777005883
0.9408757881, 0.4388502942
0.9704378941, 0.2194251471
0.9852189470, 0.1097125735
0.9926094735, 0.0548562868
0.4963047368, 0.5274281434
0.2481523684, 0.2637140717
0.6240761842, 0.1318570358
0.8120380921, 0.0659285179
0.9060190460, 0.0329642590
0.4530095230, 0.0164821295
0.2265047615, 0.0082410647
0.1132523808, 0.0041205324
0.5566261904, 0.0020602662
0.2783130952, 0.0010301331
0.1391565476, 0.5005150665
0.5695782738, 0.7502575333
0.7847891369, 0.8751287666
0.3923945684, 0.9375643833
0.1961972842, 0.4687821917
0.0980986421, 0.2343910958
0.5490493211, 0.1171955479
0.7745246605, 0.5585977740
0.8872623303, 0.7792988870
0.9436311651, 0.3896494435
0.9718155826, 0.6948247217
0.9859077913, 0.3474123609
0.9929538956, 0.1737061804
0.9964769478, 0.0868530902
0.9982384739, 0.5434265451
0.9991192370, 0.7717132726
0.4995596185, 0.3858566363
0.7497798092, 0.1929283181
0.3748899046, 0.5964641591
0.6874449523, 0.7982320795
0.8437224762, 0.8991160398
0.4218612381, 0.4495580199
0.2109306190, 0.2247790099
0.6054653095, 0.6123895050
0.3027326548, 0.3061947525
0.1513663274, 0.1530973762
0.0756831637, 0.5765486881
0.0378415818, 0.2882743441
0.0189207909, 0.1441371720
0.0094603955, 0.0720685860
0.0047301977, 0.0360342930
0.0023650989, 0.0180171465
0.5011825494, 0.5090085733
0.7505912747, 0.2545042866
0.3752956374, 0.1272521433
0.1876478187, 0.5636260717
0.5938239093, 0.2818130358
0.2969119547, 0.1409065179
0.6484559773, 0.5704532590
0.8242279887, 0.2852266295
0.9121139943, 0.1426133147
0.4560569972, 0.5713066574
0.2280284986, 0.7856533287
0.1140142493, 0.3928266643
0.5570071246, 0.6964133322
0.2785035623, 0.3482066661
0.1392517812, 0.1741033330
0.5696258906, 0.5870516665
0.2848129453, 0.7935258333
0.6424064726, 0.8967629166
0.8212032363, 0.9483814583
0.4106016182, 0.9741907292
0.7053008091, 0.4870953646
0.8526504045, 0.2435476823
0.9263252023, 0.1217738411
0.9631626011, 0.5608869206
0.4815813006, 0.2804434603
0.7407906503, 0.6402217301
0.3703953251, 0.3201108651
0.6851976626, 0.1600554325
0.8425988313, 0.5800277163
0.4212994156, 0.2900138581
0.7106497078, 0.1450069291
0.8553248539, 0.0725034645
0.9276624270, 0.0362517323
0.9638312135, 0.5181258661
0.9819156067, 0.7590629331
0.9909578034, 0.8795314665
0.4954789017, 0.4397657333
0.7477394508, 0.2198828666
0.3738697254, 0.6099414333
0.1869348627, 0.8049707167
0.5934674314, 0.9024853583
0.2967337157, 0.4512426792
0.1483668578, 0.2256213396
0.5741834289, 0.1128106698
0.7870917145, 0.5564053349
0.8935458572, 0.7782026674
0.9467729286, 0.8891013337
0.9733864643, 0.4445506669
0.9866932322, 0.7222753334
0.9933466161, 0.8611376667
0.4966733080, 0.4305688334
0.2483366540, 0.7152844167
0.6241683270, 0.3576422083
0.8120841635, 0.6788211042
0.4060420818, 0.3394105521
0.7030210409, 0.6697052760
0.3515105204, 0.3348526380
0.1757552602, 0.6674263190
0.5878776301, 0.8337131595
0.7939388151, 0.9168565798
0.3969694075, 0.4584282899
0.1984847038, 0.7292141449
0.0992423519, 0.3646070725
0.5496211759, 0.6823035362
0.7748105880, 0.3411517681
0.3874052940, 0.1705758841
0.6937026470, 0.5852879420
0.8468513235, 0.2926439710
0.9234256617, 0.1463219855
0.9617128309, 0.0731609928
0.4808564154, 0.5365804964
0.7404282077, 0.2682902482
0.3702141039, 0.6341451241
0.1851070519, 0.3170725620
0.5925535260, 0.6585362810
0.7962767630, 0.3292681405
0.8981383815, 0.6646340703
0.4490691907, 0.3323170351
0.2245345954, 0.1661585176
0.6122672977, 0.5830792588
0.3061336488, 0.7915396294
0.1530668244, 0.3957698147
0.0765334122, 0.1978849073
0.5382667061, 0.5989424537
0.2691333531, 0.2994712268
0.1345666765, 0.6497356134
0.0672833383, 0.3248678067
0.5336416691, 0.1624339034
0.2668208346, 0.5812169517
0.6334104173, 0.7906084758
0.8167052086, 0.3953042379
0.4083526043, 0.1976521190
0.7041763022, 0.5988260595
0.3520881511, 0.7994130297
0.1760440755, 0.3997065149
0.0880220378, 0.1998532574
0.5440110189, 0.0999266287
0.2720055094, 0.0499633144
0.1360027547, 0.0249816572
0.0680013774, 0.5124908286
0.5340006887, 0.2562454143
0.7670003443, 0.6281227071
0.3835001722, 0.3140613536
0.1917500861, 0.6570306768
0.5958750430, 0.3285153384
0.7979375215, 0.6642576692
0.8989687608, 0.8321288346
0.9494843804, 0.4160644173
0.4747421902, 0.7080322086
0.2373710951, 0.3540161043
0.6186855475, 0.6770080522
0.8093427738, 0.8385040261
0.4046713869, 0.4192520130
0.7023356934, 0.2096260065
0.3511678467, 0.1048130033
0.6755839234, 0.0524065016
0.3377919617, 0.0262032508
0.6688959808, 0.5131016254
0.3344479904, 0.7565508127
0.6672239952, 0.8782754064
0.8336119976, 0.9391377032
0.9168059988, 0.9695688516
0.4584029994, 0.4847844258
0.7292014997, 0.7423922129
0.8646007499, 0.3711961064
0.9323003749, 0.1855980532
0.9661501875, 0.0927990266
0.9830750937, 0.0463995133
0.9915375469, 0.5231997567
0.9957687734, 0.2615998783
0.4978843867, 0.6307999392
0.2489421934, 0.8153999696
0.1244710967, 0.4076999848
0.5622355483, 0.7038499924
0.2811177742, 0.8519249962
0.1405588871, 0.4259624981
0.5702794435, 0.2129812490
0.2851397218, 0.6064906245
0.1425698609, 0.8032453123
0.0712849304, 0.4016226561
0.5356424652, 0.7008113281
0.2678212326, 0.3504056640
0.1339106163, 0.1752028320
0.0669553082, 0.5876014160
0.5334776541, 0.2938007080
0.7667388270, 0.6469003540
0.3833694135, 0.3234501770
0.1916847068, 0.6617250885
0.0958423534, 0.3308625443
0.5479211767, 0.6654312721
0.7739605883, 0.8327156361
0.3869802942, 0.4163578180
0.6934901471, 0.2081789090
0.8467450735, 0.1040894545
0.4233725368, 0.0520447273
0.7116862684, 0.5260223636
0.3558431342, 0.2630111818
0.6779215671, 0.1315055909
0.8389607835, 0.0657527955
0.9194803918, 0.5328763977
0.4597401959, 0.7664381989
0.2298700979, 0.3832190994
0.6149350490, 0.1916095497
0.8074675245, 0.5958047749
0.4037337622, 0.2979023874
0.7018668811, 0.6489511937
0.3509334406, 0.3244755969
0.1754667203, 0.6622377984
0.0877333601, 0.8311188992
0.5438666801, 0.4155594496
0.7719333400, 0.2077797248
0.8859666700, 0.6038898624
0.9429833350, 0.3019449312
0.9714916675, 0.1509724656
0.9857458338, 0.0754862328
0.4928729169, 0.5377431164
0.7464364584, 0.2688715582
0.8732182292, 0.6344357791
0.9366091146, 0.8172178896
0.9683045573, 0.9086089448
0.9841522787, 0.4543044724
0.9920761393, 0.2271522362
0.9960380697, 0.6135761181
0.4980190348, 0.3067880590
0.7490095174, 0.6533940295
0.3745047587, 0.8266970148
0.6872523794, 0.4133485074
0.3436261897, 0.2066742537
0.1718130948, 0.1033371268
0.5859065474, 0.0516685634
0.2929532737, 0.5258342817
0.1464766369, 0.2629171409
0.5732383184, 0.6314585704
0.2866191592, 0.3157292852
0.6433095796, 0.6578646426
0.8216547898, 0.8289323213
0.9108273949, 0.9144661607
0.4554136975, 0.9572330803
0.7277068487, 0.9786165402
0.8638534244, 0.9893082701
0.4319267122, 0.9946541350
0.2159633561, 0.9973270675
0.1079816780, 0.9986635338
0.0539908390, 0.4993317669
0.0269954195, 0.2496658834
0.0134977098, 0.1248329417
0.5067488549, 0.5624164709
0.2533744274, 0.2812082354
0.6266872137, 0.6406041177
0.3133436069, 0.3203020589
0.1566718034, 0.1601510294
0.0783359017, 0.5800755147
0.0391679509, 0.2900377574
0.0195839754, 0.6450188787
0.0097919877, 0.3225094393
0.0048959939, 0.1612547197
0.5024479969, 0.0806273598
0.7512239985, 0.0403136799
0.8756119992, 0.0201568400
0.9378059996, 0.5100784200
0.9689029998, 0.7550392100
0.4844514999, 0.3775196050
0.2422257500, 0.6887598025
0.6211128750, 0.3443799012
0.3105564375, 0.1721899506
0.6552782187, 0.5860949753
0.8276391094, 0.2930474877
0.9138195547, 0.6465237438
0.9569097773, 0.8232618719
0.9784548887, 0.9116309360
0.4892274443, 0.4558154680
0.7446137222, 0.7279077340
0.3723068611, 0.8639538670
0.1861534305, 0.4319769335
0.5930767153, 0.7159884667
0.2965383576, 0.8579942334
0.1482691788, 0.4289971167
0.5741345894, 0.2144985583
0.2870672947, 0.1072492792
0.6435336474, 0.0536246396
0.3217668237, 0.5268123198
0.1608834118, 0.7634061599
0.5804417059, 0.3817030799
0.7902208530, 0.1908515400
0.8951104265, 0.0954257700
0.9475552132, 0.0477128850
0.9737776066, 0.5238564425
0.9868888033, 0.2619282212
0.9934444017, 0.6309641106
0.9967222008, 0.8154820553
0.9983611004, 0.4077410277
0.9991805502, 0.7038705138
0.9995902751, 0.3519352569
0.4997951376, 0.1759676285
0.2498975688, 0.0879838142
0.1249487844, 0.0439919071
0.5624743922, 0.0219959536
0.2812371961, 0.0109979768
0.6406185980, 0.5054989884
0.8203092990, 0.2527494942
0.9101546495, 0.6263747471
0.4550773248, 0.3131873735
0.2275386624, 0.6565936868
0.1137693312, 0.3282968434
0.0568846656, 0.6641484217
0.5284423328, 0.3320742108
0.7642211664, 0.6660371054
0.8821105832, 0.3330185527
0.9410552916, 0.6665092764
0.9705276458, 0.8332546382
0.9852638229, 0.9166273191
0.9926319114, 0.4583136595
0.9963159557, 0.2291568298
0.9981579779, 0.6145784149
0.9990789889, 0.8072892074
0.9995394945, 0.4036446037
0.4997697472, 0.7018223019
0.7498848736, 0.3509111509
0.8749424368, 0.1754555755
0.9374712184, 0.5877277877
0.9687356092, 0.7938638939
0.4843678046, 0.8969319469
0.2421839023, 0.9484659735
0.1210919512, 0.4742329867
0.5605459756, 0.7371164934
0.2802729878, 0.3685582467
0.1401364939, 0.6842791233
0.5700682469, 0.8421395617
0.7850341235, 0.9210697808
0.8925170617, 0.4605348904
0.9462585309, 0.7302674452
0.4731292654, 0.8651337226
0.7365646327, 0.4325668613
0.8682823164, 0.7162834307
0.4341411582, 0.3581417153
0.7170705791, 0.6790708577
0.8585352895, 0.3395354288
0.9292676448, 0.1697677144
0.9646338224, 0.5848838572
0.4823169112, 0.7924419286
0.2411584556, 0.8962209643
0.1205792278, 0.4481104822
0.5602896139, 0.2240552411
0.7801448069, 0.1120276205
0.3900724035, 0.5560138103
0.1950362017, 0.2780069051
0.0975181009, 0.6390034526
0.0487590504, 0.8195017263
0.0243795252, 0.4097508631
0.5121897626, 0.2048754316
0.7560948813, 0.1024377158
0.8780474407, 0.5512188579
0.4390237203, 0.2756094289
0.2195118602, 0.6378047145
0.1097559301, 0.3189023572
0.0548779650, 0.1594511786
0.5274389825, 0.5797255893
0.7637194913, 0.2898627947
0.3818597456, 0.1449313973
0.6909298728, 0.5724656987
0.8454649364, 0.2862328493
0.9227324682, 0.1431164247
0.9613662341, 0.0715582123
0.9806831171, 0.5357791062
0.9903415585, 0.2678895531
0.9951707793, 0.1339447765
0.4975853896, 0.5669723883
0.2487926948, 0.2834861941
0.1243963474, 0.1417430971
0.0621981737, 0.0708715485
0.0310990869, 0.0354357743
0.0155495434, 0.0177178871
0.0077747717, 0.0088589436
0.0038873859, 0.5044294718
0.5019436929, 0.2522147359
0.2509718465, 0.6261073679
0.1254859232, 0.8130536840
0.5627429616, 0.4065268420
0.7813714808, 0.2032634210
0.8906857404, 0.6016317105
0.9453428702, 0.3008158552
0.9726714351, 0.1504079276
0.9863357176, 0.0752039638
0.4931678588, 0.5376019819
0.7465839294, 0.2688009910
0.3732919647, 0.1344004955
0.1866459823, 0.5672002477
0.5933229912, 0.2836001239
