0.2500000000, 0.2500000000
0.6250000000, 0.1250000000
0.8125000000, 0.5625000000
0.4062500000, 0.2812500000
0.2031250000, 0.1406250000
0.6015625000, 0.0703125000
0.3007812500, 0.5351562500
0.1503906250, 0.7675781250
0.0751953125, 0.3837890625
0.0375976562, 0.1918945312
0.0187988281, 0.0959472656
0.5093994141, 0.0479736328
0.2546997070, 0.5239868164
0.1273498535, 0.2619934082
0.5636749268, 0.6309967041
0.2818374634, 0.3154983521
0.1409187317, 0.1577491760
0.5704593658, 0.5788745880
0.2852296829, 0.2894372940
0.6426148415, 0.1447186470
0.3213074207, 0.0723593235
0.1606537104, 0.0361796618
0.5803268552, 0.0180898309
0.2901634276, 0.0090449154
0.1450817138, 0.0045224577
0.0725408569, 0.5022612289
0.0362704284, 0.7511306144
0.0181352142, 0.3755653072
0.5090676071, 0.1877826536
0.7545338036, 0.0938913268
0.8772669018, 0.5469456634
0.9386334509, 0.7734728317
0.9693167254, 0.8867364159
0.9846583627, 0.4433682079
0.4923291814, 0.7216841040
0.2461645907, 0.3608420520
0.1230822953, 0.1804210260
0.5615411477, 0.0902105130
0.2807705738, 0.5451052565
0.6403852869, 0.2725526282
0.8201926435, 0.6362763141
0.9100963217, 0.3181381571
0.4550481609, 0.1590690785
0.7275240804, 0.0795345393
0.8637620402, 0.5397672696
0.9318810201, 0.7698836348
0.9659405101, 0.3849418174
0.4829702550, 0.1924709087
0.2414851275, 0.0962354544
0.6207425638, 0.0481177272
0.8103712819, 0.0240588636
0.9051856409, 0.5120294318
0.9525928205, 0.7560147159
0.4762964102, 0.3780073579
0.2381482051, 0.1890036790
0.6190741026, 0.0945018395
0.3095370513, 0.0472509197
0.6547685256, 0.5236254599
0.3273842628, 0.7618127299
0.1636921314, 0.8809063650
0.0818460657, 0.4404531825
0.5409230329, 0.7202265912
0.2704615164, 0.8601132956
0.6352307582, 0.4300566478
0.8176153791, 0.2150283239
0.4088076896, 0.1075141620
0.2044038448, 0.0537570810
0.6022019224, 0.0268785405
0.8011009612, 0.5134392702
0.9005504806, 0.2567196351
0.9502752403, 0.1283598176
0.4751376201, 0.0641799088
0.2375688101, 0.5320899544
0.1187844050, 0.2660449772
0.0593922025, 0.1330224886
0.0296961013, 0.0665112443
0.5148480506, 0.0332556221
0.7574240253, 0.0166278111
0.8787120127, 0.5083139055
0.9393560063, 0.7541569528
0.9696780032, 0.8770784764
0.4848390016, 0.4385392382
0.2424195008, 0.2192696191
0.1212097504, 0.6096348095
0.0606048752, 0.3048174048
0.5303024376, 0.1524087024
0.2651512188, 0.0762043512
0.1325756094, 0.0381021756
0.5662878047, 0.0190510878
0.2831439023, 0.5095255439
0.6415719512, 0.2547627719
0.3207859756, 0.6273813860
0.1603929878, 0.3136906930
0.0801964939, 0.1568453465
0.5400982469, 0.0784226732
0.2700491235, 0.0392113366
0.6350245617, 0.0196056683
0.8175122809, 0.5098028342
0.9087561404, 0.7549014171
0.9543780702, 0.8774507085
0.9771890351, 0.4387253543
0.9885945176, 0.2193626771
0.4942972588, 0.1096813386
0.7471486294, 0.5548406693
0.8735743147, 0.2774203346
0.4367871573, 0.6387101673
0.2183935787, 0.3193550837
0.6091967893, 0.1596775418
0.8045983947, 0.0798387709
0.4022991973, 0.5399193855
0.2011495987, 0.2699596927
0.1005747993, 0.1349798464
0.5502873997, 0.0674899232
0.7751436998, 0.0337449616
0.3875718499, 0.5168724808
0.1937859250, 0.2584362404
0.0968929625, 0.1292181202
0.0484464812, 0.0646090601
0.0242232406, 0.5323045300
0.0121116203, 0.2661522650
0.5060558102, 0.6330761325
0.2530279051, 0.3165380663
0.6265139525, 0.6582690331
0.3132569763, 0.3291345166
0.1566284881, 0.1645672583
0.5783142441, 0.0822836291
0.2891571220, 0.5411418146
0.1445785610, 0.2705709073
0.0722892805, 0.1352854536
0.0361446403, 0.5676427268
0.0180723201, 0.2838213634
0.0090361601, 0.6419106817
0.0045180800, 0.8209553409
0.0022590400, 0.4104776704
0.5011295200, 0.7052388352
0.2505647600, 0.8526194176
0.1252823800, 0.9263097088
0.5626411900, 0.4631548544
0.7813205950, 0.7315774272
0.3906602975, 0.3657887136
0.1953301488, 0.1828943568
0.0976650744, 0.5914471784
0.0488325372, 0.7957235892
0.0244162686, 0.3978617946
0.5122081343, 0.1989308973
0.7561040671, 0.5994654487
0.3780520336, 0.7997327243
0.1890260168, 0.3998663622
0.0945130084, 0.1999331811
0.5472565042, 0.0999665905
0.2736282521, 0.5499832953
0.1368141260, 0.2749916476
0.0684070630, 0.1374958238
0.0342035315, 0.0687479119
0.5171017658, 0.5343739560
0.7585508829, 0.2671869780
0.3792754414, 0.1335934890
0.6896377207, 0.0667967445
0.3448188604, 0.5333983722
0.1724094302, 0.2666991861
0.5862047151, 0.1333495931
0.7931023575, 0.0666747965
0.3965511788, 0.0333373983
0.1982755894, 0.5166686991
0.5991377947, 0.2583343496
0.7995688973, 0.1291671748
0.3997844487, 0.0645835874
0.6998922243, 0.0322917937
0.8499461122, 0.5161458968
0.4249730561, 0.2580729484
0.2124865280, 0.1290364742
0.1062432640, 0.0645182371
0.0531216320, 0.0322591186
0.0265608160, 0.5161295593
0.0132804080, 0.2580647796
0.0066402040, 0.1290323898
0.0033201020, 0.5645161949
0.0016600510, 0.2822580975
0.0008300255, 0.6411290487
0.0004150128, 0.8205645244
0.5002075064, 0.4102822622
0.7501037532, 0.7051411311
0.8750518766, 0.8525705655
0.9375259383, 0.9262852828
0.9687629691, 0.4631426414
0.9843814846, 0.7315713207
0.4921907423, 0.3657856603
0.2460953711, 0.1828928302
0.6230476856, 0.0914464151
0.3115238428, 0.5457232075
0.1557619214, 0.2728616038
0.5778809607, 0.6364308019
0.2889404803, 0.3182154009
0.1444702402, 0.6591077005
0.5722351201, 0.8295538502
0.7861175600, 0.4147769251
0.3930587800, 0.2073884626
0.6965293900, 0.1036942313
0.3482646950, 0.0518471156
0.6741323475, 0.0259235578
0.3370661738, 0.5129617789
0.1685330869, 0.2564808895
0.0842665434, 0.1282404447
0.0421332717, 0.5641202224
0.0210666359, 0.2820601112
0.5105333179, 0.1410300556
0.2552666590, 0.5705150278
0.1276333295, 0.2852575139
0.5638166647, 0.6426287569
0.7819083324, 0.3213143785
0.3909541662, 0.1606571892
0.1954770831, 0.0803285946
0.5977385415, 0.0401642973
0.2988692708, 0.0200821487
0.1494346354, 0.5100410743
0.0747173177, 0.7550205372
0.0373586588, 0.3775102686
0.0186793294, 0.1887551343
0.5093396647, 0.0943775671
0.2546698324, 0.5471887836
0.6273349162, 0.2735943918
0.3136674581, 0.6367971959
0.1568337290, 0.8183985979
0.0784168645, 0.9091992990
0.5392084323, 0.4545996495
0.2696042161, 0.2272998247
0.1348021081, 0.6136499124
0.5674010540, 0.3068249562
0.7837005270, 0.6534124781
0.3918502635, 0.3267062390
0.6959251318, 0.6633531195
0.3479625659, 0.8316765598
0.1739812829, 0.4158382799
0.5869906415, 0.7079191399
0.7934953207, 0.8539595700
0.3967476604, 0.9269797850
0.6983738302, 0.4634898925
0.8491869151, 0.7317449462
0.9245934575, 0.3658724731
0.4622967288, 0.1829362366
0.7311483644, 0.5914681183
0.3655741822, 0.7957340591
0.6827870911, 0.3978670296
0.8413935455, 0.1989335148
0.4206967728, 0.5994667574
0.2103483864, 0.2997333787
0.1051741932, 0.1498666893
0.5525870966, 0.0749333447
0.7762935483, 0.5374666723
0.3881467741, 0.2687333362
0.1940733871, 0.6343666681
0.0970366935, 0.3171833340
0.5485183468, 0.1585916670
0.7742591734, 0.0792958335
0.3871295867, 0.0396479168
0.6935647933, 0.5198239584
0.3467823967, 0.7599119792
0.6733911983, 0.8799559896
0.8366955992, 0.9399779948
0.9183477996, 0.9699889974
0.4591738998, 0.9849944987
0.2295869499, 0.4924972493
0.1147934749, 0.2462486247
0.5573967375, 0.1231243123
0.7786983687, 0.0615621562
0.3893491844, 0.5307810781
0.1946745922, 0.2653905390
0.5973372961, 0.1326952695
0.2986686480, 0.5663476348
0.6493343240, 0.2831738174
0.3246671620, 0.6415869087
0.6623335810, 0.3207934543
0.8311667905, 0.1603967272
0.9155833953, 0.0801983636
0.9577916976, 0.5400991818
0.4788958488, 0.7700495909
0.2394479244, 0.8850247954
0.1197239622, 0.9425123977
0.0598619811, 0.9712561989
0.0299309906, 0.4856280994
0.5149654953, 0.2428140497
0.7574827476, 0.1214070249
0.3787413738, 0.0607035124
0.6893706869, 0.5303517562
0.8446853435, 0.2651758781
0.9223426717, 0.6325879391
0.9611713359, 0.8162939695
0.9805856679, 0.9081469848
0.9902928340, 0.4540734924
0.9951464170, 0.7270367462
0.9975732085, 0.8635183731
0.9987866042, 0.9317591865
0.4993933021, 0.9658795933
0.7496966511, 0.4829397966
0.3748483255, 0.2414698983
0.6874241628, 0.1207349492
0.3437120814, 0.0603674746
0.6718560407, 0.0301837373
0.3359280203, 0.0150918686
0.1679640102, 0.5075459343
0.0839820051, 0.2537729672
0.5419910025, 0.6268864836
0.7709955013, 0.3134432418
0.3854977506, 0.1567216209
0.1927488753, 0.0783608104
0.5963744377, 0.5391804052
0.7981872188, 0.7695902026
0.3990936094, 0.3847951013
0.1995468047, 0.6923975507
0.0997734024, 0.3461987753
0.0498867012, 0.1730993877
0.0249433506, 0.5865496938
0.5124716753, 0.7932748469
0.7562358376, 0.8966374235
0.8781179188, 0.4483187117
0.4390589594, 0.2241593559
0.7195294797, 0.1120796779
0.3597647399, 0.0560398390
0.1798823699, 0.0280199195
0.5899411850, 0.5140099597
0.2949705925, 0.2570049799
0.1474852962, 0.1285024899
0.5737426481, 0.0642512450
0.7868713241, 0.0321256225
0.8934356620, 0.5160628112
0.9467178310, 0.7580314056
0.9733589155, 0.3790157028
0.9866794578, 0.1895078514
0.4933397289, 0.5947539257
0.2466698644, 0.7973769629
0.1233349322, 0.3986884814
0.0616674661, 0.1993442407
0.5308337331, 0.5996721204
0.7654168665, 0.7998360602
0.8827084333, 0.8999180301
0.9413542166, 0.9499590150
0.9706771083, 0.9749795075
0.4853385542, 0.4874897538
0.7426692771, 0.2437448769
0.8713346385, 0.6218724384
0.9356673193, 0.3109362192
0.4678336596, 0.1554681096
0.7339168298, 0.0777340548
0.8669584149, 0.0388670274
0.9334792075, 0.0194335137
0.9667396037, 0.5097167569
0.9833698019, 0.2548583784
0.9916849009, 0.1274291892
0.4958424505, 0.0637145946
0.7479212252, 0.0318572973
0.3739606126, 0.0159286487
0.1869803063, 0.0079643243
0.5934901532, 0.5039821622
0.2967450766, 0.2519910811
0.6483725383, 0.6259955405
0.3241862691, 0.3129977703
0.6620931346, 0.6564988851
0.3310465673, 0.8282494426
0.1655232836, 0.9141247213
0.0827616418, 0.4570623606
0.5413808209, 0.2285311803
0.7706904105, 0.1142655902
0.3853452052, 0.5571327951
0.1926726026, 0.2785663975
0.5963363013, 0.1392831988
0.2981681507, 0.5696415994
0.6490840753, 0.2848207997
0.3245420377, 0.6424103998
0.1622710188, 0.3212051999
0.5811355094, 0.1606026000
0.7905677547, 0.5803013000
0.3952838774, 0.7901506500
0.6976419387, 0.3950753250
0.3488209693, 0.6975376625
0.1744104847, 0.8487688312
0.0872052423, 0.4243844156
0.0436026212, 0.2121922078
0.0218013106, 0.6060961039
0.5109006553, 0.3030480520
0.7554503276, 0.1515240260
0.8777251638, 0.5757620130
0.9388625819, 0.7878810065
0.4694312910, 0.3939405032
0.2347156455, 0.1969702516
0.6173578227, 0.0984851258
0.8086789114, 0.5492425629
0.4043394557, 0.7746212815
0.2021697278, 0.3873106407
0.6010848639, 0.6936553204
0.3005424320, 0.3468276602
0.1502712160, 0.1734138301
0.0751356080, 0.5867069150
0.0375678040, 0.7933534575
0.5187839020, 0.3966767288
0.7593919510, 0.1983383644
0.3796959755, 0.5991691822
0.6898479877, 0.2995845911
0.8449239939, 0.1497922955
0.9224619969, 0.0748961478
0.9612309985, 0.0374480739
0.9806154992, 0.0187240369
0.9903077496, 0.5093620185
0.4951538748, 0.2546810092
0.2475769374, 0.6273405046
0.6237884687, 0.3136702523
0.3118942344, 0.6568351262
0.1559471172, 0.3284175631
0.5779735586, 0.6642087815
0.7889867793, 0.8321043908
0.8944933896, 0.9160521954
0.4472466948, 0.4580260977
0.7236233474, 0.7290130488
0.3618116737, 0.8645065244
0.6809058369, 0.4322532622
0.3404529184, 0.7161266311
0.6702264592, 0.3580633156
0.8351132296, 0.6790316578
0.9175566148, 0.3395158289
0.9587783074, 0.1697579144
0.9793891537, 0.5848789572
0.4896945769, 0.2924394786
0.2448472884, 0.1462197393
0.6224236442, 0.0731098697
0.8112118221, 0.5365549348
0.4056059111, 0.2682774674
0.2028029555, 0.6341387337
0.1014014778, 0.3170693669
0.0507007389, 0.1585346834
0.5253503694, 0.5792673417
0.2626751847, 0.7896336709
0.1313375924, 0.3948168354
0.5656687962, 0.1974084177
0.7828343981, 0.0987042089
0.3914171990, 0.5493521044
0.6957085995, 0.2746760522
0.3478542998, 0.1373380261
0.1739271499, 0.0686690131
0.5869635749, 0.0343345065
0.7934817875, 0.5171672533
0.8967408937, 0.7585836266
0.9483704469, 0.8792918133
0.4741852234, 0.4396459067
0.2370926117, 0.7198229533
0.1185463059, 0.8599114767
0.5592731529, 0.9299557383
0.7796365765, 0.4649778692
0.3898182882, 0.7324889346
0.1949091441, 0.3662444673
0.0974545721, 0.1831222336
0.0487272860, 0.0915611168
0.5243636430, 0.5457805584
0.2621818215, 0.2728902792
0.6310909108, 0.1364451396
0.3155454554, 0.0682225698
0.6577727277, 0.5341112849
0.3288863638, 0.2670556425
0.1644431819, 0.1335278212
0.5822215910, 0.5667639106
0.2911107955, 0.7833819553
0.1455553977, 0.8916909777
0.0727776989, 0.9458454888
0.5363888494, 0.4729227444
0.7681944247, 0.2364613722
0.3840972124, 0.1182306861
0.6920486062, 0.0591153431
0.3460243031, 0.0295576715
0.6730121515, 0.5147788358
0.3365060758, 0.2573894179
0.1682530379, 0.1286947089
0.0841265189, 0.5643473545
0.0420632595, 0.7821736772
0.5210316297, 0.3910868386
0.7605158149, 0.1955434193
0.8802579074, 0.5977717097
0.4401289537, 0.2988858548
0.7200644769, 0.1494429274
0.8600322384, 0.5747214637
0.4300161192, 0.2873607319
0.7150080596, 0.6436803659
0.8575040298, 0.3218401830
0.9287520149, 0.1609200915
0.9643760075, 0.5804600457
0.9821880037, 0.2902300229
0.4910940019, 0.6451150114
0.2455470009, 0.8225575057
0.1227735005, 0.9112787529
0.5613867502, 0.9556393764
0.7806933751, 0.4778196882
0.8903466876, 0.7389098441
0.9451733438, 0.8694549221
0.9725866719, 0.9347274610
0.9862933359, 0.4673637305
0.9931466680, 0.7336818653
0.4965733340, 0.3668409326
0.7482866670, 0.6834204663
0.8741433335, 0.8417102332
0.4370716667, 0.9208551166
0.7185358334, 0.4604275583
0.3592679167, 0.7302137791
0.1796339583, 0.8651068896
0.5898169792, 0.4325534448
0.7949084896, 0.2162767224
0.3974542448, 0.6081383612
0.6987271224, 0.3040691806
0.3493635612, 0.6520345903
0.1746817806, 0.8260172951
0.0873408903, 0.4130086476
0.5436704451, 0.2065043238
0.2718352226, 0.1032521619
0.1359176113, 0.5516260809
0.0679588056, 0.2758130405
0.0339794028, 0.1379065202
0.0169897014, 0.5689532601
0.5084948507, 0.2844766301
0.2542474254, 0.6422383150
0.1271237127, 0.3211191575
0.0635618563, 0.1605595788
0.5317809282, 0.5802797894
0.2658904641, 0.2901398947
0.6329452320, 0.1450699473
0.8164726160, 0.0725349737
0.9082363080, 0.0362674868
0.9541181540, 0.5181337434
0.4770590770, 0.2590668717
0.7385295385, 0.6295334359
0.8692647693, 0.3147667179
0.4346323846, 0.6573833590
0.7173161923, 0.3286916795
0.8586580962, 0.6643458397
0.9293290481, 0.3321729199
0.9646645240, 0.1660864599
0.9823322620, 0.5830432300
0.4911661310, 0.7915216150
0.7455830655, 0.3957608075
0.8727915328, 0.1978804037
0.9363957664, 0.5989402019
0.9681978832, 0.7994701009
0.9840989416, 0.3997350505
0.4920494708, 0.6998675252
0.7460247354, 0.8499337626
0.8730123677, 0.9249668813
0.4365061838, 0.9624834407
0.7182530919, 0.9812417203
0.3591265460, 0.4906208602
0.6795632730, 0.7453104301
0.8397816365, 0.3726552150
0.9198908182, 0.6863276075
0.4599454091, 0.8431638038
0.7299727046, 0.4215819019
0.8649863523, 0.2107909509
0.9324931761, 0.6053954755
0.9662465881, 0.3026977377
0.4831232940, 0.6513488689
0.2415616470, 0.3256744344
0.6207808235, 0.1628372172
0.8103904118, 0.5814186086
0.4051952059, 0.2907093043
0.7025976029, 0.1453546522
0.8512988015, 0.5726773261
0.9256494007, 0.7863386630
0.4628247004, 0.8931693315
0.2314123502, 0.4465846658
0.6157061751, 0.2232923329
0.8078530875, 0.1116461664
0.4039265438, 0.0558230832
0.7019632719, 0.5279115416
0.8509816359, 0.2639557708
0.9254908180, 0.1319778854
0.9627454090, 0.5659889427
0.9813727045, 0.7829944714
0.9906863522, 0.3914972357
0.9953431761, 0.1957486178
0.9976715881, 0.5978743089
0.4988357940, 0.2989371545
0.2494178970, 0.6494685772
0.1247089485, 0.3247342886
0.0623544743, 0.1623671443
0.5311772371, 0.0811835722
0.7655886186, 0.0405917861
0.8827943093, 0.5202958930
0.9413971546, 0.7601479465
0.4706985773, 0.3800739733
0.2353492887, 0.1900369866
0.6176746443, 0.0950184933
0.8088373222, 0.0475092467
0.9044186611, 0.0237546233
0.4522093305, 0.5118773117
0.7261046653, 0.2559386558
0.8630523326, 0.6279693279
0.9315261663, 0.8139846640
0.9657630832, 0.4069923320
0.4828815416, 0.7034961660
0.2414407708, 0.8517480830
0.1207203854, 0.4258740415
0.5603601927, 0.7129370207
0.2801800963, 0.3564685104
0.1400900482, 0.6782342552
0.0700450241, 0.3391171276
0.0350225120, 0.1695585638
0.5175112560, 0.0847792819
0.7587556280, 0.5423896409
0.8793778140, 0.7711948205
0.9396889070, 0.8855974102
0.9698444535, 0.9427987051
0.4849222268, 0.9713993526
0.7424611134, 0.4856996763
0.8712305567, 0.7428498381
0.9356152783, 0.3714249191
0.9678076392, 0.6857124595
0.9839038196, 0.8428562298
0.4919519098, 0.9214281149
0.7459759549, 0.4607140574
0.8729879774, 0.7303570287
0.9364939887, 0.3651785144
0.4682469944, 0.1825892572
0.7341234972, 0.0912946286
0.8670617486, 0.0456473143
0.9335308743, 0.5228236571
0.4667654371, 0.2614118286
0.2333827186, 0.1307059143
0.1166913593, 0.0653529571
0.5583456796, 0.0326764786
0.2791728398, 0.0163382393
0.1395864199, 0.5081691196
0.0697932100, 0.2540845598
0.0348966050, 0.1270422799
0.5174483025, 0.0635211400
0.7587241512, 0.5317605700
0.8793620756, 0.7658802850
0.4396810378, 0.8829401425
0.2198405189, 0.4414700712
0.6099202595, 0.2207350356
0.3049601297, 0.1103675178
0.1524800649, 0.0551837589
0.5762400324, 0.0275918795
0.2881200162, 0.0137959397
0.1440600081, 0.0068979699
0.0720300041, 0.5034489849
0.0360150020, 0.2517244925
0.5180075010, 0.6258622462
0.2590037505, 0.3129311231
0.1295018753, 0.6564655616
0.0647509376, 0.3282327808
0.0323754688, 0.6641163904
0.5161877344, 0.3320581952
0.2580938672, 0.1660290976
0.6290469336, 0.0830145488
0.3145234668, 0.5415072744
0.1572617334, 0.2707536372
0.0786308667, 0.1353768186
0.5393154334, 0.5676884093
0.2696577167, 0.2838442046
0.6348288583, 0.6419221023
0.8174144292, 0.3209610512
0.9087072146, 0.1604805256
0.9543536073, 0.5802402628
0.9771768036, 0.7901201314
0.4885884018, 0.3950600657
0.7442942009, 0.6975300328
0.8721471005, 0.8487650164
0.4360735502, 0.4243825082
0.2180367751, 0.2121912541
0.1090183876, 0.6060956271
0.0545091938, 0.3030478135
0.0272545969, 0.1515239068
0.0136272984, 0.5757619534
0.0068136492, 0.2878809767
0.5034068246, 0.1439404883
0.2517034123, 0.5719702442
0.6258517062, 0.2859851221
0.8129258531, 0.1429925610
0.9064629265, 0.5714962805
0.4532314633, 0.2857481403
0.7266157316, 0.6428740701
0.3633078658, 0.3214370351
0.1816539329, 0.1607185175
0.0908269665, 0.5803592588
0.5454134832, 0.2901796294
0.2727067416, 0.6450898147
0.1363533708, 0.3225449073
0.0681766854, 0.1612724537
0.5340883427, 0.5806362268
0.2670441714, 0.2903181134
0.1335220857, 0.1451590567
0.5667610428, 0.0725795284
0.2833805214, 0.5362897642
0.6416902607, 0.2681448821
0.8208451304, 0.6340724410
0.4104225652, 0.3170362205
0.2052112826, 0.1585181103
0.6026056413, 0.0792590551
0.8013028206, 0.5396295276
0.9006514103, 0.2698147638
0.9503257052, 0.6349073819
0.4751628526, 0.8174536909
0.2375814263, 0.4087268455
0.6187907131, 0.2043634227
0.8093953566, 0.6021817114
0.9046976783, 0.3010908557
0.9523488391, 0.6505454278
0.9761744196, 0.3252727139
0.4880872098, 0.1626363570
0.2440436049, 0.0813181785
0.1220218024, 0.0406590892
0.0610109012, 0.5203295446
0.5305054506, 0.7601647723
0.7652527253, 0.8800823862
0.3826263627, 0.9400411931
0.6913131813, 0.4700205965
0.3456565907, 0.7350102983
0.6728282953, 0.3675051491
0.8364141477, 0.1837525746
0.9182070738, 0.5918762873
0.4591035369, 0.7959381436
0.7295517685, 0.3979690718
0.8647758842, 0.1989845359
0.9323879421, 0.0994922680
0.4661939711, 0.0497461340
0.2330969855, 0.5248730670
0.6165484928, 0.2624365335
0.8082742464, 0.6312182667
0.9041371232, 0.3156091334
0.4520685616, 0.1578045667
0.2260342808, 0.0789022833
0.6130171404, 0.0394511417
0.8065085702, 0.5197255708
0.4032542851, 0.2598627854
0.2016271425, 0.6299313927
0.6008135713, 0.3149656964
0.8004067856, 0.6574828482
0.4002033928, 0.3287414241
0.7001016964, 0.1643707120
0.8500508482, 0.5821853560
0.9250254241, 0.7910926780
0.4625127121, 0.3955463390
0.2312563560, 0.6977731695
0.1156281780, 0.8488865848
0.0578140890, 0.4244432924
0.0289070445, 0.2122216462
0.5144535223, 0.6061108231
0.7572267611, 0.3030554115
0.3786133806, 0.1515277058
0.1893066903, 0.0757638529
0.5946533451, 0.0378819264
0.7973266726, 0.5189409632
0.8986633363, 0.7594704816
0.9493316681, 0.8797352408
0.4746658341, 0.9398676204
0.2373329170, 0.4699338102
0.6186664585, 0.7349669051
0.8093332293, 0.8674834526
0.4046666146, 0.9337417263
0.2023333073, 0.9668708631
0.6011666537, 0.4834354316
0.3005833268, 0.7417177158
0.1502916634, 0.3708588579
0.5751458317, 0.1854294289
0.2875729159, 0.0927147145
0.1437864579, 0.5463573572
0.0718932290, 0.2731786786
0.0359466145, 0.1365893393
0.5179733072, 0.5682946697
0.2589866536, 0.2841473348
0.6294933268, 0.1420736674
0.8147466634, 0.0710368337
0.9073733317, 0.0355184169
0.9536866659, 0.0177592084
0.4768433329, 0.5088796042
0.2384216665, 0.2544398021
0.1192108332, 0.1272199011
0.5596054166, 0.5636099505
0.2798027083, 0.2818049753
0.6399013542, 0.1409024876
0.3199506771, 0.0704512438
0.6599753385, 0.5352256219
0.3299876693, 0.2676128110
0.1649938346, 0.1338064055
0.0824969173, 0.0669032027
0.0412484587, 0.0334516014
0.0206242293, 0.0167258007
0.5103121147, 0.5083629003
0.7551560573, 0.7541814502
0.3775780287, 0.3770907251
0.1887890143, 0.1885453625
0.0943945072, 0.0942726813
0.0471972536, 0.0471363406
0.5235986268, 0.5235681703
0.7617993134, 0.2617840852
0.3808996567, 0.1308920426
0.6904498283, 0.5654460213
0.8452249142, 0.2827230106
0.9226124571, 0.1413615053
0.4613062285, 0.0706807527
0.2306531143, 0.0353403763
0.1153265571, 0.0176701882
0.5576632786, 0.0088350941
0.2788316393, 0.5044175470
0.1394158196, 0.2522087735
0.5697079098, 0.6261043868
0.7848539549, 0.3130521934
0.3924269775, 0.6565260967
0.6962134887, 0.8282630483
0.3481067444, 0.4141315242
0.6740533722, 0.7070657621
0.8370266861, 0.3535328810
0.9185133430, 0.1767664405
0.9592566715, 0.5883832203
0.4796283358, 0.2941916101
0.2398141679, 0.1470958051
0.6199070839, 0.0735479025
0.8099535420, 0.5367739513
0.4049767710, 0.7683869756
0.2024883855, 0.8841934878
0.1012441927, 0.9420967439
0.0506220964, 0.9710483720
0.5253110482, 0.4855241860
0.2626555241, 0.2427620930
0.1313277620, 0.1213810465
0.5656638810, 0.0606905232
0.7828319405, 0.0303452616
0.8914159703, 0.0151726308
0.9457079851, 0.0075863154
0.4728539926, 0.5037931577
0.2364269963, 0.2518965789
0.1182134981, 0.6259482894
0.5591067491, 0.3129741447
0.2795533745, 0.1564870724
0.1397766873, 0.5782435362
0.5698883436, 0.7891217681
0.2849441718, 0.3945608840
0.6424720859, 0.6972804420
0.8212360430, 0.8486402210
0.4106180215, 0.4243201105
0.7053090107, 0.7121600553
0.8526545054, 0.3560800276
0.9263272527, 0.6780400138
0.4631636263, 0.8390200069
0.7315818132, 0.4195100035
0.3657909066, 0.7097550017
0.1828954533, 0.8548775009
0.5914477266, 0.4274387504
0.7957238633, 0.7137193752
0.8978619317, 0.3568596876
0.9489309658, 0.1784298438
0.4744654829, 0.0892149219
0.7372327415, 0.0446074610
0.3686163707, 0.5223037305
0.1843081854, 0.7611518652
0.5921540927, 0.3805759326
0.7960770463, 0.6902879663
0.3980385232, 0.3451439832
0.6990192616, 0.1725719916
0.8495096308, 0.5862859958
0.4247548154, 0.7931429979
0.7123774077, 0.8965714989
0.3561887038, 0.4482857495
0.6780943519, 0.7241428747
0.3390471760, 0.8620714374
0.6695235880, 0.9310357187
0.3347617940, 0.4655178593
0.6673808970, 0.7327589297
0.3336904485, 0.3663794648
0.6668452242, 0.1831897324
0.3334226121, 0.5915948662
0.1667113061, 0.2957974331
0.5833556530, 0.1478987166
0.2916778265, 0.0739493583
0.6458389133, 0.0369746791
0.8229194566, 0.5184873396
0.9114597283, 0.2592436698
0.9557298642, 0.6296218349
0.9778649321, 0.3148109174
0.9889324660, 0.6574054587
0.9944662330, 0.3287027294
0.9972331165, 0.6643513647
0.4986165583, 0.8321756823
0.2493082791, 0.4160878412
0.6246541396, 0.7080439206
0.8123270698, 0.8540219603
0.9061635349, 0.9270109801
0.4530817674, 0.4635054901
0.7265408837, 0.2317527450
0.3632704419, 0.1158763725
0.1816352209, 0.0579381863
0.0908176105, 0.5289690931
0.5454088052, 0.2644845466
0.7727044026, 0.6322422733
0.8863522013, 0.8161211366
0.4431761007, 0.9080605683
0.2215880503, 0.4540302842
0.6107940252, 0.2270151421
0.8053970126, 0.6135075710
0.9026985063, 0.8067537855
0.4513492531, 0.9033768928
0.7256746266, 0.4516884464
0.3628373133, 0.7258442232
0.6814186566, 0.8629221116
0.3407093283, 0.4314610558
0.1703546642, 0.2157305279
0.5851773321, 0.1078652639
0.2925886660, 0.5539326320
0.6462943330, 0.7769663160
0.8231471665, 0.8884831580
0.4115735833, 0.9442415790
0.2057867916, 0.9721207895
0.1028933958, 0.4860603947
0.5514466979, 0.2430301974
0.7757233490, 0.6215150987
0.8878616745, 0.8107575493
0.9439308372, 0.9053787747
0.9719654186, 0.4526893873
0.4859827093, 0.2263446937
0.7429913547, 0.1131723468
0.3714956773, 0.5565861734
0.6857478387, 0.2782930867
0.8428739193, 0.1391465434
0.9214369597, 0.0695732717
0.4607184798, 0.5347866358
0.2303592399, 0.2673933179
0.1151796200, 0.1336966590
0.0575898100, 0.5668483295
0.0287949050, 0.7834241647
0.0143974525, 0.3917120824
0.0071987262, 0.1958560412
0.0035993631, 0.0979280206
0.0017996816, 0.0489640103
0.5008998408, 0.0244820051
0.2504499204, 0.5122410026
0.6252249602, 0.2561205013
0.8126124801, 0.6280602506
0.9063062400, 0.8140301253
0.4531531200, 0.4070150627
0.7265765600, 0.7035075313
0.8632882800, 0.3517537657
0.4316441400, 0.1758768828
0.2158220700, 0.5879384414
0.1079110350, 0.7939692207
0.0539555175, 0.3969846104
0.0269777588, 0.1984923052
0.0134888794, 0.0992461526
0.5067444397, 0.0496230763
0.2533722198, 0.0248115381
0.6266861099, 0.5124057691
0.8133430550, 0.7562028845
0.4066715275, 0.3781014423
0.7033357637, 0.1890507211
0.3516678819, 0.0945253606
0.6758339409, 0.0472626803
0.3379169705, 0.0236313401
0.6689584852, 0.0118156701
0.3344792426, 0.0059078350
0.6672396213, 0.0029539175
0.8336198107, 0.5014769588
0.4168099053, 0.7507384794
0.2084049527, 0.3753692397
0.6042024763, 0.6876846198
0.8021012382, 0.3438423099
0.9010506191, 0.6719211550
0.9505253095, 0.8359605775
0.4752626548, 0.4179802887
0.7376313274, 0.7089901444
0.8688156637, 0.3544950722
0.9344078318, 0.1772475361
0.9672039159, 0.0886237680
0.9836019580, 0.0443118840
0.4918009790, 0.5221559420
0.7459004895, 0.7610779710
0.8729502447, 0.8805389855
0.4364751224, 0.4402694928
0.7182375612, 0.7201347464
0.3591187806, 0.3600673732
0.6795593903, 0.1800336866
0.3397796951, 0.0900168433
0.1698898476, 0.0450084216
0.5849449238, 0.0225042108
0.2924724619, 0.5112521054
0.1462362309, 0.7556260527
0.0731181155, 0.3778130264
0.0365590577, 0.6889065132
0.5182795289, 0.8444532566
0.2591397644, 0.9222266283
0.1295698822, 0.9611133141
0.0647849411, 0.9805566571
0.0323924706, 0.9902783285
0.0161962353, 0.4951391643
0.0080981176, 0.2475695821
0.5040490588, 0.1237847911
0.7520245294, 0.5618923955
0.3760122647, 0.2809461978
0.6880061324, 0.1404730989
0.8440030662, 0.5702365494
0.9220015331, 0.7851182747
0.9610007665, 0.8925591374
0.4805003833, 0.4462795687
0.2402501916, 0.7231397843
0.1201250958, 0.3615698922
0.5600625479, 0.6807849461
0.7800312740, 0.8403924730
0.3900156370, 0.9201962365
0.1950078185, 0.4600981183
0.5975039092, 0.7300490591
0.7987519546, 0.3650245296
0.8993759773, 0.1825122648
0.9496879887, 0.5912561324
0.4748439943, 0.7956280662
0.7374219972, 0.8978140331
0.8687109986, 0.9489070165
0.9343554993, 0.4744535083
0.4671777496, 0.7372267541
0.2335888748, 0.8686133771
0.1167944374, 0.4343066885
0.5583972187, 0.7171533443
0.7791986094, 0.3585766721
0.8895993047, 0.6792883361
0.9447996523, 0.3396441680
0.4723998262, 0.6698220840
0.2361999131, 0.8349110420
0.6180999565, 0.4174555210
0.3090499783, 0.7087277605
0.6545249891, 0.3543638803
0.3272624946, 0.1771819401
0.1636312473, 0.0885909701
0.0818156236, 0.5442954850
0.5409078118, 0.7721477425
0.7704539059, 0.8860738713
0.8852269530, 0.9430369356
0.9426134765, 0.9715184678
0.4713067382, 0.9857592339
0.2356533691, 0.4928796170
0.6178266846, 0.2464398085
0.3089133423, 0.1232199042
0.6544566711, 0.0616099521
0.8272283356, 0.5308049761
0.9136141678, 0.7654024880
0.4568070839, 0.3827012440
0.7284035419, 0.6913506220
0.8642017710, 0.3456753110
0.4321008855, 0.1728376555
0.2160504427, 0.0864188278
0.1080252214, 0.0432094139
0.0540126107, 0.0216047069
0.5270063053, 0.5108023535
0.7635031527, 0.7554011767
0.8817515763, 0.8777005884
0.9408757882, 0.4388502942
0.9704378941, 0.2194251471
0.9852189470, 0.1097125735
0.9926094735, 0.0548562868
0.4963047368, 0.5274281434
0.2481523684, 0.2637140717
0.6240761842, 0.1318570358
0.8120380921, 0.0659285179
0.9060190460, 0.0329642590
0.4530095230, 0.0164821295
0.2265047615, 0.0082410647
0.1132523808, 0.0041205324
0.5566261904, 0.0020602662
0.2783130952, 0.0010301331
0.1391565476, 0.5005150665
0.5695782738, 0.7502575333
0.7847891369, 0.8751287666
0.8923945684, 0.4375643833
0.4461972842, 0.2187821917
0.2230986421, 0.1093910958
0.6115493211, 0.0546955479
0.8057746605, 0.5273477740
0.9028873303, 0.7636738870
0.9514436651, 0.3818369435
0.9757218326, 0.6909184717
0.9878609163, 0.3454592359
0.9939304581, 0.1727296179
0.9969652291, 0.0863648090
0.9984826145, 0.5431824045
0.9992413073, 0.7715912022
0.4996206536, 0.3857956011
0.7498103268, 0.1928978006
0.3749051634, 0.5964489003
0.6874525817, 0.7982244501
0.8437262909, 0.8991122251
0.9218631454, 0.9495561125
0.4609315727, 0.4747780563
0.7304657864, 0.7373890281
0.3652328932, 0.3686945141
0.1826164466, 0.1843472570
0.0913082233, 0.5921736285
0.0456541116, 0.2960868143
0.0228270558, 0.1480434071
0.0114135279, 0.0740217036
0.0057067640, 0.0370108518
0.0028533820, 0.0185054259
0.5014266910, 0.5092527129
0.2507133455, 0.7546263565
0.1253566727, 0.3773131782
0.0626783364, 0.6886565891
0.5313391682, 0.3443282946
0.2656695841, 0.1721641473
0.6328347920, 0.5860820736
0.8164173960, 0.2930410368
0.9082086980, 0.1465205184
0.4541043490, 0.5732602592
0.2270521745, 0.7866301296
0.1135260873, 0.3933150648
0.5567630436, 0.6966575324
0.7783815218, 0.8483287662
0.3891907609, 0.4241643831
0.6945953805, 0.7120821916
0.3472976902, 0.8560410958
0.6736488451, 0.9280205479
0.8368244226, 0.9640102739
0.4184122113, 0.9820051370
0.7092061056, 0.4910025685
0.8546030528, 0.2455012842
0.9273015264, 0.1227506421
0.9636507632, 0.5613753211
0.4818253816, 0.2806876605
0.2409126908, 0.1403438303
0.1204563454, 0.0701719151
0.5602281727, 0.0350859576
0.7801140864, 0.5175429788
0.3900570432, 0.2587714894
0.6950285216, 0.1293857447
0.8475142608, 0.0646928723
0.9237571304, 0.0323464362
0.9618785652, 0.5161732181
0.9809392826, 0.7580866090
0.9904696413, 0.8790433045
0.4952348206, 0.4395216523
0.7476174103, 0.2197608261
0.3738087052, 0.6098804131
0.1869043526, 0.8049402065
0.5934521763, 0.9024701033
0.2967260881, 0.4512350516
0.1483630441, 0.2256175258
0.5741815220, 0.1128087629
0.7870907610, 0.5564043815
0.8935453805, 0.7782021907
0.9467726903, 0.8891010954
0.9733863451, 0.4445505477
0.9866931726, 0.7222752738
0.9933465863, 0.8611376369
0.4966732931, 0.4305688185
0.2483366466, 0.7152844092
0.6241683233, 0.3576422046
0.8120841616, 0.6788211023
0.4060420808, 0.3394105512
0.2030210404, 0.1697052756
0.1015105202, 0.0848526378
0.0507552601, 0.5424263189
0.5253776301, 0.7712131594
0.7626888150, 0.8856065797
0.3813444075, 0.4428032899
0.1906722038, 0.7214016449
0.0953361019, 0.3607008225
0.5476680509, 0.6803504112
0.2738340255, 0.8401752056
0.1369170127, 0.4200876028
0.5684585064, 0.7100438014
0.2842292532, 0.8550219007
0.6421146266, 0.4275109504
0.8210573133, 0.2137554752
0.4105286566, 0.6068777376
0.7052643283, 0.3034388688
0.3526321642, 0.6517194344
0.1763160821, 0.3258597172
0.5881580410, 0.6629298586
0.7940790205, 0.3314649293
0.8970395103, 0.6657324646
0.4485197551, 0.3328662323
0.2242598776, 0.1664331162
0.6121299388, 0.5832165581
0.3060649694, 0.7916082790
0.1530324847, 0.3958041395
0.0765162423, 0.1979020698
0.5382581212, 0.5989510349
0.2691290606, 0.2994755174
0.6345645303, 0.1497377587
0.3172822651, 0.0748688794
0.6586411326, 0.0374344397
0.3293205663, 0.5187172198
0.6646602831, 0.7593586099
0.8323301416, 0.3796793050
0.4161650708, 0.1898396525
0.7080825354, 0.5949198262
0.3540412677, 0.7974599131
0.1770206338, 0.3987299566
0.0885103169, 0.1993649783
0.5442551585, 0.0996824891
0.2721275792, 0.0498412446
0.1360637896, 0.0249206223
0.0680318948, 0.5124603111
0.5340159474, 0.2562301556
0.7670079737, 0.6281150778
0.3835039869, 0.3140575389
0.6917519934, 0.1570287694
0.8458759967, 0.0785143847
0.9229379984, 0.5392571924
0.9614689992, 0.7696285962
0.9807344996, 0.3848142981
0.4903672498, 0.6924071490
0.2451836249, 0.3462035745
0.6225918124, 0.6731017873
0.8112959062, 0.8365508936
0.4056479531, 0.4182754468
0.7028239766, 0.2091377234
0.3514119883, 0.1045688617
0.6757059941, 0.0522844309
0.3378529971, 0.0261422154
0.6689264985, 0.5130711077
0.3344632493, 0.7565355539
0.6672316246, 0.8782677769
0.8336158123, 0.9391338885
0.9168079062, 0.9695669442
0.4584039531, 0.4847834721
0.7292019765, 0.7423917361
0.8646009883, 0.3711958680
0.9323004941, 0.1855979340
0.9661502471, 0.0927989670
0.9830751235, 0.0463994835
0.9915375618, 0.5231997418
0.9957687809, 0.2615998709
0.4978843904, 0.6307999354
0.2489421952, 0.8153999677
0.1244710976, 0.4076999839
0.0622355488, 0.2038499919
0.0311177744, 0.6019249960
0.0155588872, 0.3009624980
0.5077794436, 0.1504812490
0.2538897218, 0.5752406245
0.1269448609, 0.7876203122
0.0634724305, 0.3938101561
0.5317362152, 0.6969050781
0.2658681076, 0.3484525390
0.1329340538, 0.1742262695
0.0664670269, 0.5871131348
0.5332335135, 0.2935565674
0.7666167567, 0.6467782837
0.3833083784, 0.3233891418
0.1916541892, 0.6616945709
0.0958270946, 0.3308472855
0.5479135473, 0.6654236427
0.7739567736, 0.8327118214
0.8869783868, 0.9163559107
0.9434891934, 0.4581779553
0.9717445967, 0.2290889777
0.9858722984, 0.6145444888
0.9929361492, 0.8072722444
0.4964680746, 0.4036361222
0.7482340373, 0.2018180611
0.8741170186, 0.1009090306
0.9370585093, 0.5504545153
0.4685292547, 0.7752272576
0.2342646273, 0.3876136288
0.6171323137, 0.1938068144
0.8085661568, 0.5969034072
0.4042830784, 0.2984517036
0.7021415392, 0.6492258518
0.8510707696, 0.8246129259
0.4255353848, 0.9123064630
0.2127676924, 0.9561532315
0.6063838462, 0.4780766157
0.8031919231, 0.2390383079
0.9015959616, 0.6195191539
0.9507979808, 0.3097595770
0.9753989904, 0.1548797885
0.9876994952, 0.0774398942
0.4938497476, 0.5387199471
0.7469248738, 0.2693599736
0.8734624369, 0.6346799868
0.9367312184, 0.8173399934
0.9683656092, 0.9086699967
0.9841828046, 0.4543349983
0.9920914023, 0.2271674992
0.9960457012, 0.6135837496
0.4980228506, 0.3067918748
0.7490114253, 0.6533959374
0.3745057126, 0.8266979687
0.6872528563, 0.4133489843
0.3436264282, 0.2066744922
0.1718132141, 0.1033372461
0.5859066070, 0.0516686230
0.2929533035, 0.5258343115
0.1464766518, 0.2629171558
0.5732383259, 0.6314585779
0.2866191629, 0.3157292889
0.6433095815, 0.6578646445
0.8216547907, 0.8289323222
0.9108273954, 0.9144661611
0.4554136977, 0.9572330806
0.7277068488, 0.9786165403
0.8638534244, 0.9893082701
0.4319267122, 0.9946541351
0.2159633561, 0.9973270675
0.1079816781, 0.9986635338
0.0539908390, 0.4993317669
0.0269954195, 0.2496658834
0.0134977098, 0.1248329417
0.5067488549, 0.5624164709
0.2533744274, 0.2812082354
0.6266872137, 0.6406041177
0.3133436069, 0.3203020589
0.1566718034, 0.1601510294
0.0783359017, 0.5800755147
0.0391679509, 0.2900377574
0.0195839754, 0.6450188787
0.0097919877, 0.3225094393
0.0048959939, 0.1612547197
0.5024479969, 0.0806273598
0.7512239985, 0.0403136799
0.8756119992, 0.0201568400
0.9378059996, 0.5100784200
0.9689029998, 0.7550392100
0.4844514999, 0.3775196050
0.2422257500, 0.6887598025
0.6211128750, 0.3443799012
0.3105564375, 0.1721899506
0.6552782187, 0.5860949753
0.8276391094, 0.2930474877
0.9138195547, 0.6465237438
0.9569097773, 0.8232618719
0.9784548887, 0.9116309360
0.4892274443, 0.4558154680
0.7446137222, 0.7279077340
0.3723068611, 0.8639538670
0.1861534305, 0.4319769335
0.5930767153, 0.7159884667
0.2965383576, 0.8579942334
0.1482691788, 0.4289971167
0.5741345894, 0.2144985583
0.2870672947, 0.1072492792
0.6435336474, 0.0536246396
0.3217668237, 0.5268123198
0.1608834118, 0.7634061599
0.5804417059, 0.3817030799
0.7902208530, 0.1908515400
0.8951104265, 0.0954257700
0.9475552132, 0.0477128850
0.9737776066, 0.5238564425
0.9868888033, 0.2619282212
0.9934444017, 0.6309641106
0.9967222008, 0.8154820553
0.9983611004, 0.4077410277
0.9991805502, 0.7038705138
0.9995902751, 0.3519352569
0.4997951376, 0.1759676285
0.2498975688, 0.0879838142
0.1249487844, 0.0439919071
0.5624743922, 0.0219959536
0.2812371961, 0.0109979768
0.6406185980, 0.5054989884
0.8203092990, 0.2527494942
0.9101546495, 0.6263747471
0.4550773248, 0.3131873735
0.2275386624, 0.6565936868
0.1137693312, 0.3282968434
0.0568846656, 0.6641484217
0.5284423328, 0.3320742108
0.7642211664, 0.6660371054
0.8821105832, 0.3330185527
0.9410552916, 0.6665092764
0.9705276458, 0.8332546382
0.9852638229, 0.9166273191
0.9926319114, 0.4583136595
0.9963159557, 0.2291568298
0.9981579779, 0.6145784149
0.9990789889, 0.8072892074
0.9995394945, 0.4036446037
0.4997697472, 0.7018223019
0.7498848736, 0.3509111509
0.8749424368, 0.1754555755
0.9374712184, 0.5877277877
0.9687356092, 0.7938638939
0.4843678046, 0.8969319469
0.2421839023, 0.9484659735
0.1210919512, 0.4742329867
0.5605459756, 0.7371164934
0.2802729878, 0.3685582467
0.1401364939, 0.6842791233
0.5700682469, 0.8421395617
0.7850341235, 0.9210697808
0.8925170617, 0.4605348904
0.9462585309, 0.7302674452
0.4731292654, 0.8651337226
0.7365646327, 0.4325668613
0.8682823164, 0.7162834307
0.4341411582, 0.3581417153
0.7170705791, 0.6790708577
0.8585352895, 0.3395354288
0.9292676448, 0.1697677144
0.9646338224, 0.5848838572
0.4823169112, 0.7924419286
0.2411584556, 0.8962209643
0.1205792278, 0.4481104822
0.5602896139, 0.2240552411
0.7801448069, 0.1120276205
0.3900724035, 0.5560138103
0.1950362017, 0.2780069051
0.0975181009, 0.6390034526
0.0487590504, 0.3195017263
0.0243795252, 0.1597508631
0.5121897626, 0.0798754316
0.7560948813, 0.0399377158
0.8780474407, 0.5199688579
0.4390237203, 0.2599844289
0.2195118602, 0.6299922145
0.1097559301, 0.3149961072
0.0548779650, 0.1574980536
0.5274389825, 0.5787490268
0.7637194913, 0.2893745134
0.3818597456, 0.1446872567
0.6909298728, 0.5723436284
0.8454649364, 0.2861718142
0.9227324682, 0.1430859071
0.9613662341, 0.0715429535
