0.7500000000, 0.2500000000
0.3750000000, 0.6250000000
0.1875000000, 0.3125000000
0.0937500000, 0.1562500000
0.0468750000, 0.0781250000
0.0234375000, 0.0390625000
0.5117187500, 0.0195312500
0.7558593750, 0.5097656250
0.3779296875, 0.2548828125
0.1889648438, 0.1274414062
0.5944824219, 0.0637207031
0.2972412109, 0.5318603516
0.1486206055, 0.7659301758
0.0743103027, 0.3829650879
0.0371551514, 0.1914825439
0.0185775757, 0.0957412720
0.5092887878, 0.0478706360
0.2546443939, 0.5239353180
0.1273221970, 0.2619676590
0.0636610985, 0.1309838295
0.0318305492, 0.0654919147
0.0159152746, 0.0327459574
0.5079576373, 0.5163729787
0.2539788187, 0.2581864893
0.6269894093, 0.1290932447
0.3134947047, 0.0645466223
0.1567473523, 0.0322733112
0.5783736762, 0.0161366556
0.2891868381, 0.0080683278
0.1445934190, 0.0040341639
0.0722967095, 0.5020170819
0.0361483548, 0.7510085410
0.0180741774, 0.3755042705
0.5090370887, 0.1877521352
0.7545185443, 0.0938760676
0.8772592722, 0.5469380338
0.9386296361, 0.7734690169
0.4693148180, 0.3867345085
0.7346574090, 0.1933672542
0.3673287045, 0.5966836271
0.1836643523, 0.2983418136
0.0918321761, 0.1491709068
0.5459160881, 0.0745854534
0.2729580440, 0.5372927267
0.6364790220, 0.2686463633
0.8182395110, 0.6343231817
0.9091197555, 0.3171615908
0.4545598778, 0.1585807954
0.7272799389, 0.0792903977
0.8636399694, 0.5396451989
0.9318199847, 0.7698225994
0.9659099924, 0.3849112997
0.4829549962, 0.1924556499
0.2414774981, 0.0962278249
0.6207387490, 0.0481139125
0.8103693745, 0.0240569562
0.9051846873, 0.5120284781
0.9525923436, 0.7560142391
0.4762961718, 0.3780071195
0.2381480859, 0.1890035598
0.6190740430, 0.0945017799
0.3095370215, 0.0472508899
0.6547685107, 0.5236254450
0.3273842554, 0.7618127225
0.1636921277, 0.8809063612
0.0818460638, 0.4404531806
0.5409230319, 0.7202265903
0.2704615160, 0.8601132952
0.6352307580, 0.4300566476
0.8176153790, 0.2150283238
0.9088076895, 0.6075141619
0.4544038447, 0.3037570809
0.7272019224, 0.1518785405
0.8636009612, 0.5759392702
0.9318004806, 0.2879696351
0.9659002403, 0.1439848176
0.9829501201, 0.5719924088
0.4914750601, 0.7859962044
0.2457375300, 0.3929981022
0.1228687650, 0.1964990511
0.0614343825, 0.0982495255
0.5307171913, 0.0491247628
0.7653585956, 0.0245623814
0.8826792978, 0.5122811907
0.9413396489, 0.7561405953
0.9706698245, 0.8780702977
0.4853349122, 0.4390351488
0.2426674561, 0.2195175744
0.1213337281, 0.6097587872
0.0606668640, 0.3048793936
0.5303334320, 0.1524396968
0.2651667160, 0.0762198484
0.1325833580, 0.0381099242
0.5662916790, 0.0190549621
0.2831458395, 0.5095274811
0.6415729198, 0.2547637405
0.3207864599, 0.6273818703
0.1603932299, 0.3136909351
0.0801966150, 0.1568454676
0.5400983075, 0.0784227338
0.2700491537, 0.0392113669
0.6350245769, 0.0196056834
0.8175122884, 0.5098028417
0.9087561442, 0.7549014209
0.4543780721, 0.3774507104
0.7271890361, 0.1887253552
0.8635945180, 0.0943626776
0.4317972590, 0.0471813388
0.7158986295, 0.5235906694
0.3579493148, 0.7617953347
0.1789746574, 0.8808976674
0.0894873287, 0.4404488337
0.5447436643, 0.2202244168
0.7723718322, 0.1101122084
0.3861859161, 0.5550561042
0.1930929580, 0.2775280521
0.0965464790, 0.1387640261
0.5482732395, 0.0693820130
0.7741366198, 0.0346910065
0.3870683099, 0.5173455033
0.1935341549, 0.2586727516
0.5967670775, 0.6293363758
0.2983835387, 0.3146681879
0.1491917694, 0.6573340940
0.0745958847, 0.3286670470
0.5372979423, 0.6643335235
0.7686489712, 0.8321667617
0.8843244856, 0.9160833809
0.4421622428, 0.4580416904
0.2210811214, 0.2290208452
0.6105405607, 0.1145104226
0.3052702803, 0.5572552113
0.1526351402, 0.2786276057
0.0763175701, 0.1393138028
0.5381587850, 0.0696569014
0.2690793925, 0.0348284507
0.6345396963, 0.0174142254
0.3172698481, 0.5087071127
0.1586349241, 0.2543535563
0.5793174620, 0.6271767782
0.2896587310, 0.8135883891
0.1448293655, 0.9067941945
0.5724146828, 0.4533970973
0.7862073414, 0.7266985486
0.3931036707, 0.3633492743
0.1965518353, 0.1816746372
0.0982759177, 0.5908373186
0.0491379588, 0.7954186593
0.0245689794, 0.3977093296
0.5122844897, 0.1988546648
0.7561422449, 0.5994273324
0.3780711224, 0.7997136662
0.1890355612, 0.3998568331
0.0945177806, 0.1999284166
0.5472588903, 0.0999642083
0.2736294452, 0.5499821041
0.1368147226, 0.2749910521
0.0684073613, 0.1374955260
0.0342036806, 0.0687477630
0.5171018403, 0.5343738815
0.2585509202, 0.7671869408
0.1292754601, 0.3835934704
0.5646377300, 0.1917967352
0.2823188650, 0.5958983676
0.1411594325, 0.2979491838
0.5705797163, 0.1489745919
0.7852898581, 0.0744872959
0.3926449291, 0.0372436480
0.1963224645, 0.5186218240
0.5981612323, 0.2593109120
0.7990806161, 0.1296554560
0.3995403081, 0.0648277280
0.6997701540, 0.0324138640
0.8498850770, 0.5162069320
0.4249425385, 0.2581034660
0.2124712693, 0.1290517330
0.1062356346, 0.0645258665
0.0531178173, 0.0322629332
0.0265589087, 0.5161314666
0.0132794543, 0.2580657333
0.0066397272, 0.1290328667
0.0033198636, 0.5645164333
0.0016599318, 0.2822582167
0.0008299659, 0.6411291083
0.0004149829, 0.8205645542
0.5002074915, 0.4102822771
0.7501037457, 0.7051411385
0.8750518729, 0.8525705693
0.9375259364, 0.9262852846
0.9687629682, 0.4631426423
0.4843814841, 0.2315713212
0.2421907421, 0.1157856606
0.1210953710, 0.0578928303
0.5605476855, 0.0289464151
0.2802738428, 0.5144732076
0.1401369214, 0.2572366038
0.5700684607, 0.6286183019
0.2850342303, 0.3143091509
0.1425171152, 0.6571545755
0.5712585576, 0.8285772877
0.7856292788, 0.4142886439
0.3928146394, 0.2071443219
0.6964073197, 0.1035721610
0.8482036598, 0.5517860805
0.9241018299, 0.2758930402
0.4620509150, 0.6379465201
0.2310254575, 0.3189732601
0.1155127287, 0.1594866300
0.0577563644, 0.5797433150
0.0288781822, 0.2898716575
0.5144390911, 0.1449358288
0.7572195455, 0.0724679144
0.3786097728, 0.0362339572
0.6893048864, 0.5181169786
0.3446524432, 0.7590584893
0.1723262216, 0.3795292446
0.0861631108, 0.1897646223
0.5430815554, 0.0948823112
0.2715407777, 0.0474411556
0.1357703888, 0.5237205778
0.0678851944, 0.7618602889
0.0339425972, 0.3809301444
0.0169712986, 0.1904650722
0.5084856493, 0.0952325361
0.7542428247, 0.0476162681
0.8771214123, 0.0238081340
0.9385607062, 0.0119040670
0.4692803531, 0.5059520335
0.7346401765, 0.2529760168
0.8673200883, 0.1264880084
0.9336600441, 0.5632440042
0.4668300221, 0.7816220021
0.7334150110, 0.3908110010
0.8667075055, 0.6954055005
0.4333537528, 0.3477027503
0.2166768764, 0.1738513751
0.1083384382, 0.5869256876
0.0541692191, 0.2934628438
0.5270846095, 0.6467314219
0.7635423048, 0.8233657109
0.3817711524, 0.9116828555
0.6908855762, 0.4558414277
0.8454427881, 0.7279207139
0.9227213940, 0.3639603569
0.4613606970, 0.1819801785
0.2306803485, 0.0909900892
0.1153401743, 0.5454950446
0.5576700871, 0.2727475223
0.7788350436, 0.1363737612
0.3894175218, 0.5681868806
0.6947087609, 0.7840934403
0.8473543804, 0.8920467201
0.9236771902, 0.4460233601
0.9618385951, 0.7230116800
0.4809192976, 0.3615058400
0.2404596488, 0.6807529200
0.1202298244, 0.3403764600
0.5601149122, 0.1701882300
0.7800574561, 0.0850941150
0.3900287280, 0.0425470575
0.6950143640, 0.5212735288
0.3475071820, 0.7606367644
0.6737535910, 0.8803183822
0.8368767955, 0.9401591911
0.9184383978, 0.9700795955
0.4592191989, 0.9850397978
0.2296095994, 0.4925198989
0.1148047997, 0.2462599494
0.5574023999, 0.1231299747
0.7787011999, 0.0615649874
0.3893506000, 0.5307824937
0.1946753000, 0.2653912468
0.5973376500, 0.1326956234
0.2986688250, 0.5663478117
0.6493344125, 0.2831739059
0.3246672062, 0.6415869529
0.6623336031, 0.3207934765
0.8311668016, 0.1603967382
0.9155834008, 0.0801983691
0.9577917004, 0.5400991846
0.4788958502, 0.7700495923
0.2394479251, 0.8850247961
0.1197239625, 0.9425123981
0.5598619813, 0.4712561990
0.2799309906, 0.2356280995
0.6399654953, 0.1178140498
0.8199827477, 0.0589070249
0.4099913738, 0.0294535124
0.7049956869, 0.5147267562
0.8524978435, 0.2573633781
0.9262489217, 0.6286816891
0.9631244609, 0.8143408445
0.9815622304, 0.9071704223
0.9907811152, 0.4535852111
0.9953905576, 0.7267926056
0.9976952788, 0.8633963028
0.9988476394, 0.9316981514
0.4994238197, 0.9658490757
0.7497119099, 0.4829245378
0.3748559549, 0.2414622689
0.6874279775, 0.1207311345
0.3437139887, 0.0603655672
0.6718569944, 0.0301827836
0.3359284972, 0.0150913918
0.1679642486, 0.5075456959
0.0839821243, 0.2537728480
0.5419910621, 0.6268864240
0.7709955311, 0.3134432120
0.3854977655, 0.1567216060
0.1927488828, 0.0783608030
0.5963744414, 0.5391804015
0.7981872207, 0.7695902007
0.3990936103, 0.3847951004
0.6995468052, 0.1923975502
0.3497734026, 0.0961987751
0.1748867013, 0.0480993875
0.0874433506, 0.5240496938
0.5437216753, 0.7620248469
0.7718608377, 0.8810124234
0.8859304188, 0.4405062117
0.4429652094, 0.2202531059
0.7214826047, 0.1101265529
0.3607413024, 0.0550632765
0.1803706512, 0.0275316382
0.5901853256, 0.5137658191
0.2950926628, 0.2568829096
0.1475463314, 0.1284414548
0.5737731657, 0.0642207274
0.7868865828, 0.0321103637
0.8934432914, 0.5160551818
0.9467216457, 0.7580275909
0.9733608229, 0.3790137955
0.9866804114, 0.1895068977
0.4933402057, 0.5947534489
0.2466701029, 0.7973767244
0.1233350514, 0.3986883622
0.0616675257, 0.1993441811
0.5308337629, 0.5996720906
0.7654168814, 0.7998360453
0.8827084407, 0.8999180226
0.9413542204, 0.9499590113
0.9706771102, 0.9749795057
0.4853385551, 0.4874897528
0.7426692775, 0.2437448764
0.8713346388, 0.6218724382
0.9356673194, 0.3109362191
0.9678336597, 0.6554681096
0.9839168298, 0.3277340548
0.9919584149, 0.1638670274
0.9959792075, 0.0819335137
0.9979896037, 0.5409667568
0.9989948019, 0.2704833784
0.9994974009, 0.1352416892
0.4997487005, 0.0676208446
0.7498743502, 0.0338104223
0.3749371751, 0.0169052112
0.1874685876, 0.0084526056
0.5937342938, 0.5042263028
0.2968671469, 0.2521131514
0.6484335734, 0.6260565757
0.3242167867, 0.3130282878
0.6621083934, 0.6565141439
0.3310541967, 0.8282570720
0.1655270983, 0.9141285360
0.0827635492, 0.4570642680
0.5413817746, 0.2285321340
0.7706908873, 0.1142660670
0.3853454436, 0.5571330335
0.1926727218, 0.2785665167
0.5963363609, 0.1392832584
0.2981681805, 0.5696416292
0.6490840902, 0.2848208146
0.3245420451, 0.6424104073
0.1622710226, 0.3212052036
0.5811355113, 0.1606026018
0.7905677556, 0.5803013009
0.3952838778, 0.7901506505
0.6976419389, 0.3950753252
0.3488209695, 0.6975376626
0.1744104847, 0.8487688313
0.0872052424, 0.9243844157
0.0436026212, 0.4621922078
0.0218013106, 0.7310961039
0.5109006553, 0.3655480520
0.7554503276, 0.1827740260
0.8777251638, 0.5913870130
0.9388625819, 0.7956935065
0.4694312910, 0.3978467532
0.2347156455, 0.1989233766
0.6173578227, 0.0994616883
0.8086789114, 0.5497308442
0.4043394557, 0.7748654221
0.2021697278, 0.3874327110
0.6010848639, 0.6937163555
0.3005424320, 0.3468581778
0.1502712160, 0.1734290889
0.0751356080, 0.5867145444
0.0375678040, 0.7933572722
0.5187839020, 0.3966786361
0.7593919510, 0.1983393181
0.3796959755, 0.5991696590
0.6898479877, 0.2995848295
0.8449239939, 0.1497924148
0.9224619969, 0.0748962074
0.9612309985, 0.0374481037
0.9806154992, 0.0187240518
0.9903077496, 0.5093620259
0.4951538748, 0.2546810130
0.2475769374, 0.6273405065
0.6237884687, 0.3136702532
0.3118942344, 0.6568351266
0.1559471172, 0.3284175633
0.5779735586, 0.6642087817
0.7889867793, 0.8321043908
0.8944933896, 0.9160521954
0.4472466948, 0.4580260977
0.7236233474, 0.7290130489
0.3618116737, 0.8645065244
0.6809058369, 0.4322532622
0.3404529184, 0.7161266311
0.6702264592, 0.3580633156
0.8351132296, 0.6790316578
0.9175566148, 0.3395158289
0.9587783074, 0.1697579144
0.9793891537, 0.5848789572
0.4896945769, 0.2924394786
0.2448472884, 0.1462197393
0.6224236442, 0.0731098697
0.8112118221, 0.5365549348
0.4056059111, 0.2682774674
0.2028029555, 0.6341387337
0.1014014778, 0.3170693669
0.0507007389, 0.1585346834
0.5253503694, 0.5792673417
0.2626751847, 0.7896336709
0.1313375924, 0.3948168354
0.5656687962, 0.1974084177
0.7828343981, 0.0987042089
0.3914171990, 0.5493521044
0.6957085995, 0.2746760522
0.3478542998, 0.1373380261
0.1739271499, 0.0686690131
0.5869635749, 0.0343345065
0.7934817875, 0.5171672533
0.8967408937, 0.7585836266
0.9483704469, 0.8792918133
0.4741852234, 0.4396459067
0.2370926117, 0.7198229533
0.1185463059, 0.8599114767
0.5592731529, 0.9299557383
0.7796365765, 0.4649778692
0.3898182882, 0.7324889346
0.1949091441, 0.3662444673
0.0974545721, 0.1831222336
0.0487272860, 0.0915611168
0.5243636430, 0.5457805584
0.2621818215, 0.2728902792
0.6310909108, 0.1364451396
0.3155454554, 0.0682225698
0.6577727277, 0.5341112849
0.3288863638, 0.2670556425
0.1644431819, 0.1335278212
0.5822215910, 0.5667639106
0.7911107955, 0.2833819553
0.3955553977, 0.6416909777
0.1977776989, 0.8208454888
0.5988888494, 0.4104227444
0.7994444247, 0.2052113722
0.3997222124, 0.1026056861
0.1998611062, 0.5513028431
0.0999305531, 0.2756514215
0.5499652765, 0.6378257108
0.2749826383, 0.3189128554
0.1374913191, 0.1594564277
0.0687456596, 0.5797282138
0.5343728298, 0.2898641069
0.7671864149, 0.1449320535
0.8835932074, 0.0724660267
0.9417966037, 0.5362330134
0.4708983019, 0.2681165067
0.7354491509, 0.1340582533
0.8677245755, 0.5670291267
0.4338622877, 0.2835145633
0.7169311439, 0.6417572817
0.8584655719, 0.3208786408
0.9292327860, 0.1604393204
0.9646163930, 0.5802196602
0.9823081965, 0.2901098301
0.4911540982, 0.6450549151
0.2455770491, 0.8225274575
0.1227885246, 0.9112637288
0.5613942623, 0.9556318644
0.7806971311, 0.4778159322
0.8903485656, 0.7389079661
0.9451742828, 0.8694539830
0.9725871414, 0.9347269915
0.9862935707, 0.4673634958
0.9931467853, 0.7336817479
0.4965733927, 0.3668408739
0.2482866963, 0.1834204370
0.6241433482, 0.5917102185
0.3120716741, 0.7958551092
0.6560358370, 0.3979275546
0.3280179185, 0.6989637773
0.1640089593, 0.8494818887
0.5820044796, 0.4247409443
0.7910022398, 0.2123704722
0.3955011199, 0.6061852361
0.1977505600, 0.8030926180
0.0988752800, 0.9015463090
0.0494376400, 0.9507731545
0.0247188200, 0.4753865773
0.5123594100, 0.2376932886
0.2561797050, 0.1188466443
0.1280898525, 0.5594233222
0.0640449262, 0.2797116611
0.0320224631, 0.1398558305
0.5160112316, 0.0699279153
0.7580056158, 0.0349639576
0.3790028079, 0.5174819788
0.1895014039, 0.2587409894
0.0947507020, 0.1293704947
0.5473753510, 0.5646852474
0.2736876755, 0.2823426237
0.6368438377, 0.1411713118
0.8184219189, 0.0705856559
0.9092109594, 0.0352928280
0.9546054797, 0.5176464140
0.4773027399, 0.2588232070
0.7386513699, 0.6294116035
0.8693256850, 0.3147058017
0.4346628425, 0.6573529009
0.7173314212, 0.3286764504
0.8586657106, 0.6643382252
0.9293328553, 0.3321691126
0.9646664277, 0.1660845563
0.9823332138, 0.5830422782
0.4911666069, 0.7915211391
0.7455833035, 0.3957605695
0.8727916517, 0.1978802848
0.9363958259, 0.5989401424
0.9681979129, 0.7994700712
0.9840989565, 0.3997350356
0.4920494782, 0.6998675178
0.7460247391, 0.8499337589
0.8730123696, 0.9249668794
0.4365061848, 0.9624834397
0.2182530924, 0.4812417199
0.1091265462, 0.2406208599
0.5545632731, 0.6203104300
0.7772816365, 0.3101552150
0.8886408183, 0.6550776075
0.4443204091, 0.8275388037
0.7221602046, 0.4137694019
0.8610801023, 0.2068847009
0.9305400511, 0.6034423505
0.9652700256, 0.3017211752
0.4826350128, 0.6508605876
0.2413175064, 0.3254302938
0.6206587532, 0.1627151469
0.8103293766, 0.5813575735
0.4051646883, 0.2906787867
0.7025823441, 0.1453393934
0.8512911721, 0.5726696967
0.9256455860, 0.7863348483
0.4628227930, 0.8931674242
0.2314113965, 0.4465837121
0.6157056983, 0.2232918560
0.3078528491, 0.6116459280
0.1539264246, 0.3058229640
0.5769632123, 0.6529114820
0.7884816061, 0.3264557410
0.8942408031, 0.1632278705
0.9471204015, 0.5816139353
0.9735602008, 0.7908069676
0.9867801004, 0.3954034838
0.9933900502, 0.1977017419
0.9966950251, 0.5988508710
0.4983475125, 0.2994254355
0.2491737563, 0.6497127177
0.1245868781, 0.3248563589
0.0622934391, 0.1624281794
0.5311467195, 0.0812140897
0.7655733598, 0.0406070449
0.8827866799, 0.5203035224
0.9413933399, 0.7601517612
0.4706966700, 0.3800758806
0.2353483350, 0.1900379403
0.6176741675, 0.0950189702
0.8088370837, 0.0475094851
0.9044185419, 0.0237547425
0.4522092709, 0.5118773713
0.7261046355, 0.2559386856
0.8630523177, 0.6279693428
0.9315261589, 0.8139846714
0.9657630794, 0.4069923357
0.4828815397, 0.7034961679
0.2414407699, 0.8517480839
0.1207203849, 0.4258740420
0.5603601925, 0.7129370210
0.2801800962, 0.3564685105
0.1400900481, 0.6782342552
0.0700450241, 0.3391171276
0.0350225120, 0.1695585638
0.5175112560, 0.0847792819
0.7587556280, 0.5423896410
0.8793778140, 0.7711948205
0.9396889070, 0.8855974102
0.9698444535, 0.9427987051
0.4849222268, 0.9713993526
0.7424611134, 0.4856996763
0.8712305567, 0.7428498381
0.9356152783, 0.3714249191
0.9678076392, 0.6857124595
0.9839038196, 0.8428562298
0.4919519098, 0.9214281149
0.7459759549, 0.4607140574
0.8729879774, 0.7303570287
0.9364939887, 0.3651785144
0.4682469944, 0.1825892572
0.7341234972, 0.0912946286
0.8670617486, 0.0456473143
0.9335308743, 0.5228236571
0.4667654371, 0.2614118286
0.2333827186, 0.1307059143
0.6166913593, 0.5653529571
0.8083456796, 0.2826764786
0.4041728398, 0.1413382393
0.2020864199, 0.5706691196
0.1010432100, 0.2853345598
0.0505216050, 0.1426672799
0.5252608025, 0.0713336400
0.7626304012, 0.5356668200
0.8813152006, 0.7678334100
0.4406576003, 0.8839167050
0.2203288002, 0.4419583525
0.6101644001, 0.2209791762
0.3050822000, 0.1104895881
0.1525411000, 0.0552447941
0.5762705500, 0.0276223970
0.2881352750, 0.0138111985
0.1440676375, 0.0069055993
0.0720338188, 0.5034527996
0.5360169094, 0.7517263998
0.7680084547, 0.8758631999
0.3840042273, 0.4379316000
0.1920021137, 0.7189658000
0.0960010568, 0.3594829000
0.0480005284, 0.6797414500
0.5240002642, 0.3398707250
0.2620001321, 0.1699353625
0.6310000661, 0.0849676812
0.3155000330, 0.5424838406
0.1577500165, 0.2712419203
0.0788750083, 0.1356209602
0.5394375041, 0.5678104801
0.2697187521, 0.2839052400
0.6348593760, 0.6419526200
0.8174296880, 0.3209763100
0.9087148440, 0.1604881550
0.9543574220, 0.5802440775
0.9771787110, 0.7901220388
0.4885893555, 0.3950610194
0.7442946778, 0.6975305097
0.8721473389, 0.8487652548
0.4360736694, 0.4243826274
0.2180368347, 0.2121913137
0.1090184174, 0.6060956569
0.0545092087, 0.3030478284
0.0272546043, 0.1515239142
0.0136273022, 0.5757619571
0.0068136511, 0.2878809786
0.5034068255, 0.1439404893
0.7517034128, 0.0719702446
0.8758517064, 0.0359851223
0.9379258532, 0.0179925612
0.9689629266, 0.5089962806
0.4844814633, 0.2544981403
0.7422407316, 0.6272490701
0.3711203658, 0.3136245351
0.1855601829, 0.1568122675
0.0927800915, 0.5784061338
0.5463900457, 0.2892030669
0.2731950229, 0.6446015334
0.1365975114, 0.3223007667
0.0682987557, 0.1611503834
0.5341493779, 0.5805751917
0.2670746889, 0.2902875958
0.1335373445, 0.1451437979
0.5667686722, 0.0725718990
0.2833843361, 0.5362859495
0.6416921681, 0.2681429747
0.8208460840, 0.6340714874
0.4104230420, 0.3170357437
0.7052115210, 0.6585178718
0.8526057605, 0.3292589359
0.9263028803, 0.6646294680
0.9631514401, 0.3323147340
0.9815757201, 0.6661573670
0.4907878600, 0.8330786835
0.2453939300, 0.4165393417
0.6226969650, 0.2082696709
0.8113484825, 0.6041348354
0.9056742413, 0.3020674177
0.9528371206, 0.6510337089
0.9764185603, 0.3255168544
0.9882092802, 0.6627584272
0.4941046401, 0.3313792136
0.2470523200, 0.1656896068
0.6235261600, 0.0828448034
0.8117630800, 0.5414224017
0.9058815400, 0.7707112009
0.4529407700, 0.8853556004
0.7264703850, 0.4426778002
0.3632351925, 0.7213389001
0.6816175963, 0.3606694501
0.8408087981, 0.1803347250
0.9204043991, 0.5901673625
0.4602021995, 0.7950836813
0.7301010998, 0.3975418406
0.8650505499, 0.1987709203
0.9325252749, 0.0993854602
0.4662626375, 0.0496927301
0.2331313187, 0.5248463650
0.6165656594, 0.2624231825
0.8082828297, 0.6312115913
0.9041414148, 0.3156057956
0.4520707074, 0.1578028978
0.2260353537, 0.0789014489
0.6130176769, 0.0394507245
0.8065088384, 0.5197253622
0.4032544192, 0.2598626811
0.2016272096, 0.6299313406
0.6008136048, 0.3149656703
0.8004068024, 0.6574828351
0.4002034012, 0.3287414176
0.7001017006, 0.1643707088
0.8500508503, 0.5821853544
0.9250254252, 0.7910926772
0.4625127126, 0.3955463386
0.2312563563, 0.6977731693
0.1156281781, 0.8488865846
0.0578140891, 0.4244432923
0.0289070445, 0.2122216462
0.5144535223, 0.6061108231
0.7572267611, 0.3030554115
0.3786133806, 0.1515277058
0.1893066903, 0.0757638529
0.5946533451, 0.0378819264
0.7973266726, 0.5189409632
0.8986633363, 0.7594704816
0.9493316681, 0.8797352408
0.4746658341, 0.9398676204
0.2373329170, 0.4699338102
0.6186664585, 0.7349669051
0.8093332293, 0.8674834526
0.4046666146, 0.9337417263
0.2023333073, 0.9668708631
0.6011666537, 0.4834354316
0.3005833268, 0.7417177158
0.1502916634, 0.3708588579
0.5751458317, 0.1854294289
0.2875729159, 0.0927147145
0.1437864579, 0.5463573572
0.0718932290, 0.2731786786
0.0359466145, 0.1365893393
0.0179733072, 0.0682946697
0.0089866536, 0.0341473348
0.5044933268, 0.0170736674
0.7522466634, 0.0085368337
0.8761233317, 0.0042684169
0.9380616659, 0.0021342084
0.4690308329, 0.5010671042
0.2345154165, 0.2505335521
0.1172577082, 0.1252667761
0.5586288541, 0.5626333880
0.2793144271, 0.2813166940
0.6396572135, 0.1406583470
0.3198286068, 0.0703291735
0.6599143034, 0.5351645868
0.3299571517, 0.2675822934
0.1649785758, 0.1337911467
0.0824892879, 0.0668955733
0.0412446440, 0.0334477867
0.0206223220, 0.0167238933
0.5103111610, 0.5083619467
0.7551555805, 0.7541809733
0.3775777902, 0.3770904867
0.1887888951, 0.1885452433
0.0943944476, 0.0942726217
0.5471972238, 0.5471363108
0.7735986119, 0.7735681554
0.8867993059, 0.3867840777
0.4433996530, 0.1933920389
0.7216998265, 0.5966960194
0.8608499132, 0.2983480097
0.9304249566, 0.1491740049
0.4652124783, 0.0745870024
0.2326062392, 0.0372935012
0.1163031196, 0.0186467506
0.5581515598, 0.0093233753
0.2790757799, 0.5046616877
0.1395378899, 0.2523308438
0.5697689450, 0.6261654219
0.7848844725, 0.3130827110
0.8924422362, 0.1565413555
0.9462211181, 0.5782706777
0.4731105591, 0.2891353389
0.2365552795, 0.1445676694
0.6182776398, 0.0722838347
0.8091388199, 0.0361419174
0.9045694099, 0.5180709587
0.4522847050, 0.2590354793
0.2261423525, 0.1295177397
0.6130711762, 0.0647588698
0.8065355881, 0.5323794349
0.4032677941, 0.7661897175
0.2016338970, 0.8830948587
0.1008169485, 0.9415474294
0.0504084743, 0.9707737147
0.5252042371, 0.4853868573
0.2626021186, 0.2426934287
0.1313010593, 0.1213467143
0.5656505296, 0.0606733572
0.2828252648, 0.5303366786
0.1414126324, 0.2651683393
0.0707063162, 0.6325841696
0.0353531581, 0.8162920848
0.0176765791, 0.4081460424
0.0088382895, 0.7040730212
0.5044191448, 0.3520365106
0.2522095724, 0.1760182553
0.1261047862, 0.5880091277
0.5630523931, 0.7940045638
0.2815261965, 0.3970022819
0.6407630983, 0.6985011410
0.8203815491, 0.8492505705
0.4101907746, 0.4246252852
0.7050953873, 0.7123126426
0.8525476936, 0.3561563213
0.9262738468, 0.6780781607
0.9631369234, 0.3390390803
0.9815684617, 0.1695195402
0.4907842309, 0.5847597701
0.2453921154, 0.2923798850
0.6226960577, 0.1461899425
0.8113480289, 0.5730949713
0.9056740144, 0.2865474856
0.9528370072, 0.1432737428
0.4764185036, 0.0716368714
0.7382092518, 0.0358184357
0.3691046259, 0.5179092179
0.1845523130, 0.7589546089
0.5922761565, 0.3794773045
0.7961380782, 0.6897386522
0.3980690391, 0.3448693261
0.6990345196, 0.1724346631
0.3495172598, 0.0862173315
0.1747586299, 0.5431086658
0.0873793149, 0.2715543329
0.5436896575, 0.6357771664
0.7718448287, 0.8178885832
0.3859224144, 0.9089442916
0.6929612072, 0.9544721458
0.3464806036, 0.4772360729
0.1732403018, 0.2386180365
0.0866201509, 0.1193090182
0.5433100754, 0.0596545091
0.2716550377, 0.5298272546
0.1358275189, 0.2649136273
0.5679137594, 0.1324568136
0.7839568797, 0.5662284068
0.8919784399, 0.2831142034
0.9459892199, 0.6415571017
0.9729946100, 0.3207785509
0.9864973050, 0.6603892754
0.9932486525, 0.3301946377
0.9966243262, 0.6650973189
0.9983121631, 0.3325486594
0.9991560816, 0.6662743297
0.4995780408, 0.8331371649
0.2497890204, 0.4165685824
0.6248945102, 0.7082842912
0.8124472551, 0.8541421456
0.9062236275, 0.9270710728
0.4531118138, 0.4635355364
0.7265559069, 0.2317677682
0.3632779534, 0.1158838841
0.1816389767, 0.0579419421
0.0908194884, 0.5289709710
0.5454097442, 0.2644854855
0.7727048721, 0.6322427428
0.8863524360, 0.8161213714
0.4431762180, 0.9080606857
0.2215881090, 0.4540303428
0.6107940545, 0.2270151714
0.8053970273, 0.6135075857
0.9026985136, 0.8067537929
0.4513492568, 0.9033768964
0.7256746284, 0.4516884482
0.3628373142, 0.7258442241
0.6814186571, 0.8629221121
0.3407093286, 0.4314610560
0.1703546643, 0.2157305280
0.5851773321, 0.1078652640
0.2925886661, 0.5539326320
0.6462943330, 0.7769663160
0.3231471665, 0.3884831580
0.1615735833, 0.6942415790
0.0807867916, 0.8471207895
0.5403933958, 0.9235603948
0.7701966979, 0.4617801974
0.8850983490, 0.7308900987
0.9425491745, 0.8654450493
0.9712745872, 0.9327225247
0.9856372936, 0.4663612623
0.4928186468, 0.2331806312
0.7464093234, 0.1165903156
0.3732046617, 0.5582951578
0.6866023309, 0.2791475789
0.8433011654, 0.1395737894
0.9216505827, 0.0697868947
0.4608252914, 0.5348934474
0.2304126457, 0.2674467237
0.1152063228, 0.1337233618
0.5576031614, 0.0668616809
0.2788015807, 0.5334308405
0.1394007904, 0.2667154202
0.0697003952, 0.1333577101
0.0348501976, 0.0666788551
0.0174250988, 0.0333394275
0.5087125494, 0.0166697138
0.2543562747, 0.5083348569
0.6271781373, 0.2541674284
0.8135890687, 0.6270837142
0.9067945343, 0.8135418571
0.4533972672, 0.4067709286
0.7266986336, 0.7033854643
0.8633493168, 0.3516927321
0.4316746584, 0.1758463661
0.7158373292, 0.0879231830
0.3579186646, 0.5439615915
0.1789593323, 0.2719807958
0.0894796661, 0.1359903979
0.0447398331, 0.0679951989
0.5223699165, 0.0339975995
0.2611849583, 0.0169987997
0.6305924791, 0.5084993999
0.8152962396, 0.7542496999
0.4076481198, 0.3771248500
0.7038240599, 0.1885624250
0.3519120299, 0.0942812125
0.6759560150, 0.0471406062
0.3379780075, 0.0235703031
0.6689890037, 0.0117851516
0.3344945019, 0.0058925758
0.6672472509, 0.0029462879
0.8336236255, 0.5014731439
0.4168118127, 0.7507365720
0.2084059064, 0.3753682860
0.6042029532, 0.6876841430
0.8021014766, 0.3438420715
0.9010507383, 0.6719210357
0.9505253691, 0.8359605179
0.4752626846, 0.4179802589
0.7376313423, 0.7089901295
0.8688156711, 0.3544950647
0.9344078356, 0.1772475324
0.9672039178, 0.0886237662
0.9836019589, 0.0443118831
0.4918009794, 0.5221559415
0.7459004897, 0.7610779708
0.8729502449, 0.8805389854
0.9364751224, 0.9402694927
0.9682375612, 0.9701347463
0.4841187806, 0.4850673732
0.2420593903, 0.7425336866
0.1210296952, 0.3712668433
0.0605148476, 0.1856334216
0.5302574238, 0.0928167108
0.2651287119, 0.5464083554
0.1325643559, 0.7732041777
0.0662821780, 0.3866020889
0.0331410890, 0.6933010444
0.5165705445, 0.8466505222
0.2582852722, 0.9233252611
0.1291426361, 0.9616626306
0.0645713181, 0.9808313153
0.0322856590, 0.9904156576
0.0161428295, 0.4952078288
0.0080714148, 0.2476039144
0.5040357074, 0.1238019572
0.7520178537, 0.5619009786
0.3760089268, 0.2809504893
0.6880044634, 0.1404752447
0.8440022317, 0.5702376223
0.9220011159, 0.7851188112
0.4610005579, 0.3925594056
0.2305002790, 0.1962797028
0.1152501395, 0.5981398514
0.0576250697, 0.2990699257
0.5288125349, 0.6495349628
0.7644062674, 0.8247674814
0.3822031337, 0.9123837407
0.1911015669, 0.4561918704
0.5955507834, 0.7280959352
0.7977753917, 0.3640479676
0.8988876959, 0.1820239838
0.9494438479, 0.5910119919
0.4747219240, 0.7955059959
0.7373609620, 0.8977529980
0.8686804810, 0.9488764990
0.9343402405, 0.4744382495
0.4671701202, 0.7372191247
0.2335850601, 0.8686095624
0.6167925301, 0.9343047812
0.3083962650, 0.4671523906
0.6541981325, 0.2335761953
0.8270990663, 0.6167880976
0.9135495331, 0.3083940488
0.4567747666, 0.6541970244
0.2283873833, 0.8270985122
0.6141936916, 0.4135492561
0.3070968458, 0.7067746281
0.6535484229, 0.3533873140
0.3267742115, 0.1766936570
0.1633871057, 0.0883468285
0.5816935529, 0.0441734143
0.7908467764, 0.5220867071
0.8954233882, 0.7610433536
0.9477116941, 0.8805216768
0.9738558471, 0.9402608384
0.4869279235, 0.9701304192
0.2434639618, 0.4850652096
0.6217319809, 0.2425326048
0.3108659904, 0.1212663024
0.6554329952, 0.0606331512
0.8277164976, 0.5303165756
0.9138582488, 0.7651582878
0.9569291244, 0.8825791439
0.9784645622, 0.9412895719
0.9892322811, 0.4706447860
0.4946161406, 0.2353223930
0.2473080703, 0.1176611965
0.1236540351, 0.0588305982
0.0618270176, 0.0294152991
0.5309135088, 0.5147076496
0.7654567544, 0.7573538248
0.8827283772, 0.8786769124
0.9413641886, 0.4393384562
0.9706820943, 0.2196692281
0.9853410471, 0.1098346140
0.9926705236, 0.0549173070
0.4963352618, 0.5274586535
0.2481676309, 0.2637293268
0.6240838154, 0.1318646634
0.8120419077, 0.0659323317
0.9060209539, 0.0329661658
0.4530104769, 0.0164830829
0.2265052385, 0.0082415415
0.1132526192, 0.0041207707
0.5566263096, 0.0020603854
0.2783131548, 0.0010301927
0.1391565774, 0.5005150963
0.5695782887, 0.7502575482
0.7847891444, 0.8751287741
0.3923945722, 0.9375643870
0.1961972861, 0.4687821935
0.0980986430, 0.2343910968
0.0490493215, 0.6171955484
0.5245246608, 0.8085977742
0.7622623304, 0.9042988871
0.8811311652, 0.4521494435
0.9405655826, 0.7260747218
0.9702827913, 0.3630373609
0.9851413956, 0.1815186804
0.9925706978, 0.0907593402
0.9962853489, 0.5453796701
0.9981426745, 0.7726898351
0.4990713372, 0.3863449175
0.7495356686, 0.1931724588
0.3747678343, 0.5965862294
0.6873839172, 0.7982931147
0.8436919586, 0.8991465573
0.9218459793, 0.9495732787
0.4609229896, 0.4747866393
0.7304614948, 0.7373933197
0.3652307474, 0.3686966598
0.1826153737, 0.1843483299
0.0913076869, 0.5921741650
0.0456538434, 0.2960870825
0.0228269217, 0.1480435412
0.0114134609, 0.0740217706
0.0057067304, 0.0370108853
0.0028533652, 0.0185054427
0.5014266826, 0.5092527213
0.7507133413, 0.2546263607
0.3753566707, 0.1273131803
0.1876783353, 0.5636565902
0.5938391677, 0.2818282951
0.2969195838, 0.1409141475
0.6484597919, 0.5704570738
0.8242298960, 0.2852285369
0.9121149480, 0.1426142684
0.4560574740, 0.5713071342
0.2280287370, 0.7856535671
0.1140143685, 0.3928267836
0.5570071842, 0.6964133918
0.2785035921, 0.3482066959
0.1392517961, 0.1741033479
0.5696258980, 0.5870516740
0.2848129490, 0.7935258370
0.6424064745, 0.8967629185
0.8212032373, 0.9483814592
0.4106016186, 0.9741907296
0.7053008093, 0.4870953648
0.8526504047, 0.2435476824
0.9263252023, 0.1217738412
0.9631626012, 0.5608869206
0.4815813006, 0.2804434603
0.7407906503, 0.6402217302
0.3703953251, 0.3201108651
0.6851976626, 0.1600554325
0.8425988313, 0.5800277163
0.4212994156, 0.2900138581
0.7106497078, 0.1450069291
0.8553248539, 0.0725034645
0.9276624270, 0.0362517323
0.9638312135, 0.5181258661
0.9819156067, 0.7590629331
0.9909578034, 0.8795314665
0.4954789017, 0.4397657333
0.7477394508, 0.2198828666
0.3738697254, 0.6099414333
0.1869348627, 0.8049707167
0.5934674314, 0.9024853583
0.2967337157, 0.4512426792
0.1483668578, 0.2256213396
0.5741834289, 0.1128106698
0.7870917145, 0.5564053349
0.8935458572, 0.7782026674
0.9467729286, 0.8891013337
0.9733864643, 0.4445506669
0.9866932322, 0.7222753334
0.9933466161, 0.8611376667
0.4966733080, 0.4305688334
0.2483366540, 0.7152844167
0.6241683270, 0.3576422083
0.8120841635, 0.6788211042
0.4060420818, 0.3394105521
0.7030210409, 0.6697052760
0.3515105204, 0.3348526380
0.1757552602, 0.6674263190
0.5878776301, 0.8337131595
0.7939388151, 0.9168565798
0.3969694075, 0.4584282899
0.1984847038, 0.7292141449
0.0992423519, 0.3646070725
0.5496211759, 0.6823035362
0.7748105880, 0.3411517681
0.3874052940, 0.1705758841
0.6937026470, 0.5852879420
0.8468513235, 0.2926439710
0.9234256617, 0.1463219855
0.9617128309, 0.0731609928
0.4808564154, 0.5365804964
0.7404282077, 0.2682902482
0.3702141039, 0.6341451241
0.1851070519, 0.3170725620
0.5925535260, 0.6585362810
0.7962767630, 0.3292681405
0.8981383815, 0.6646340703
0.4490691907, 0.3323170351
0.2245345954, 0.1661585176
0.6122672977, 0.5830792588
0.3061336488, 0.7915396294
0.1530668244, 0.3957698147
0.0765334122, 0.1978849073
0.5382667061, 0.5989424537
0.2691333531, 0.2994712268
0.1345666765, 0.6497356134
0.0672833383, 0.3248678067
0.5336416691, 0.1624339034
0.2668208346, 0.5812169517
0.6334104173, 0.7906084758
0.8167052086, 0.3953042379
0.4083526043, 0.1976521190
0.7041763022, 0.5988260595
0.3520881511, 0.7994130297
0.1760440755, 0.3997065149
0.0880220378, 0.1998532574
0.5440110189, 0.0999266287
0.2720055094, 0.0499633144
0.1360027547, 0.0249816572
0.0680013774, 0.5124908286
0.5340006887, 0.2562454143
0.7670003443, 0.6281227071
0.3835001722, 0.3140613536
0.1917500861, 0.6570306768
0.5958750430, 0.3285153384
0.7979375215, 0.6642576692
0.8989687608, 0.8321288346
0.9494843804, 0.4160644173
0.4747421902, 0.7080322086
0.2373710951, 0.3540161043
0.6186855475, 0.6770080522
0.8093427738, 0.8385040261
0.4046713869, 0.4192520130
0.7023356934, 0.2096260065
0.3511678467, 0.1048130033
0.6755839234, 0.0524065016
0.3377919617, 0.0262032508
0.6688959808, 0.5131016254
0.3344479904, 0.7565508127
0.6672239952, 0.8782754064
0.8336119976, 0.9391377032
0.9168059988, 0.9695688516
0.4584029994, 0.4847844258
0.7292014997, 0.7423922129
0.8646007499, 0.3711961064
0.9323003749, 0.1855980532
0.9661501875, 0.0927990266
0.9830750937, 0.0463995133
0.9915375469, 0.5231997567
0.9957687734, 0.2615998783
0.4978843867, 0.6307999392
0.2489421934, 0.8153999696
0.1244710967, 0.4076999848
0.5622355483, 0.7038499924
0.2811177742, 0.8519249962
0.1405588871, 0.4259624981
0.5702794435, 0.2129812490
0.2851397218, 0.6064906245
0.1425698609, 0.8032453123
0.0712849304, 0.4016226561
0.5356424652, 0.7008113281
0.2678212326, 0.3504056640
0.1339106163, 0.1752028320
0.0669553082, 0.5876014160
0.5334776541, 0.2938007080
0.7667388270, 0.6469003540
0.3833694135, 0.3234501770
0.1916847068, 0.6617250885
0.0958423534, 0.3308625443
0.5479211767, 0.6654312721
0.7739605883, 0.8327156361
0.3869802942, 0.4163578180
0.6934901471, 0.2081789090
0.8467450735, 0.1040894545
0.4233725368, 0.0520447273
0.7116862684, 0.5260223636
0.3558431342, 0.2630111818
0.6779215671, 0.1315055909
0.8389607835, 0.0657527955
0.9194803918, 0.5328763977
0.4597401959, 0.7664381989
0.2298700979, 0.3832190994
0.6149350490, 0.1916095497
0.8074675245, 0.5958047749
0.4037337622, 0.2979023874
0.7018668811, 0.6489511937
0.3509334406, 0.3244755969
0.1754667203, 0.6622377984
0.0877333601, 0.8311188992
0.5438666801, 0.4155594496
0.7719333400, 0.2077797248
0.8859666700, 0.6038898624
0.9429833350, 0.3019449312
0.9714916675, 0.1509724656
0.9857458338, 0.0754862328
0.4928729169, 0.5377431164
0.7464364584, 0.2688715582
0.8732182292, 0.6344357791
0.9366091146, 0.8172178896
0.9683045573, 0.9086089448
0.9841522787, 0.4543044724
0.9920761393, 0.2271522362
0.9960380697, 0.6135761181
0.4980190348, 0.3067880590
0.7490095174, 0.6533940295
0.3745047587, 0.8266970148
0.6872523794, 0.4133485074
0.3436261897, 0.2066742537
0.1718130948, 0.1033371268
0.5859065474, 0.0516685634
0.2929532737, 0.5258342817
0.1464766369, 0.2629171409
0.5732383184, 0.6314585704
0.2866191592, 0.3157292852
0.6433095796, 0.6578646426
0.8216547898, 0.8289323213
0.9108273949, 0.9144661607
0.4554136975, 0.9572330803
0.7277068487, 0.9786165402
0.8638534244, 0.9893082701
0.4319267122, 0.9946541350
0.2159633561, 0.9973270675
0.1079816780, 0.9986635338
0.0539908390, 0.4993317669
0.0269954195, 0.2496658834
0.0134977098, 0.1248329417
0.5067488549, 0.5624164709
0.2533744274, 0.2812082354
0.6266872137, 0.6406041177
0.3133436069, 0.3203020589
0.1566718034, 0.1601510294
0.5783359017, 0.0800755147
0.2891679509, 0.0400377574
0.1445839754, 0.5200188787
0.0722919877, 0.2600094393
0.0361459939, 0.1300047197
0.5180729969, 0.0650023598
0.7590364985, 0.0325011799
0.8795182492, 0.0162505900
0.9397591246, 0.5081252950
0.9698795623, 0.7540626475
0.4849397812, 0.3770313237
0.2424698906, 0.6885156619
0.6212349453, 0.3442578309
0.3106174726, 0.1721289155
0.6553087363, 0.5860644577
0.8276543682, 0.2930322289
0.9138271841, 0.6465161144
0.9569135920, 0.8232580572
0.9784567960, 0.9116290286
0.4892283980, 0.4558145143
0.7446141990, 0.7279072572
0.3723070995, 0.8639536286
0.1861535498, 0.4319768143
0.5930767749, 0.7159884071
0.2965383874, 0.8579942036
0.1482691937, 0.4289971018
0.5741345969, 0.2144985509
0.2870672984, 0.1072492754
0.6435336492, 0.0536246377
0.3217668246, 0.5268123189
0.6608834123, 0.2634061594
0.8304417062, 0.1317030797
0.9152208531, 0.0658515399
0.9576104265, 0.0329257699
0.9788052133, 0.0164628850
0.9894026066, 0.5082314425
0.9947013033, 0.2541157212
0.9973506517, 0.6270578606
0.9986753258, 0.8135289303
0.9993376629, 0.4067644652
0.9996688315, 0.7033822326
0.9998344157, 0.3516911163
0.4999172079, 0.1758455581
0.2499586039, 0.0879227791
0.1249793020, 0.0439613895
0.5624896510, 0.0219806948
0.2812448255, 0.0109903474
0.6406224127, 0.5054951737
0.8203112064, 0.2527475868
0.9101556032, 0.6263737934
0.4550778016, 0.3131868967
0.2275389008, 0.6565934484
0.1137694504, 0.3282967242
0.0568847252, 0.6641483621
0.5284423626, 0.3320741810
0.7642211813, 0.6660370905
0.8821105906, 0.3330185453
0.9410552953, 0.6665092726
0.9705276477, 0.8332546363
0.9852638238, 0.9166273182
0.9926319119, 0.4583136591
0.9963159560, 0.2291568295
0.9981579780, 0.6145784148
0.9990789890, 0.8072892074
0.9995394945, 0.4036446037
0.4997697472, 0.7018223018
0.7498848736, 0.3509111509
0.8749424368, 0.1754555755
0.9374712184, 0.5877277877
0.9687356092, 0.7938638939
0.4843678046, 0.8969319469
0.2421839023, 0.9484659735
0.1210919512, 0.4742329867
0.5605459756, 0.7371164934
0.2802729878, 0.3685582467
0.1401364939, 0.6842791233
0.5700682469, 0.8421395617
0.7850341235, 0.9210697808
0.8925170617, 0.4605348904
0.9462585309, 0.7302674452
0.4731292654, 0.8651337226
0.7365646327, 0.4325668613
0.8682823164, 0.7162834307
0.4341411582, 0.3581417153
0.7170705791, 0.6790708577
0.8585352895, 0.3395354288
0.9292676448, 0.1697677144
0.9646338224, 0.5848838572
0.4823169112, 0.7924419286
0.2411584556, 0.8962209643
0.1205792278, 0.4481104822
0.5602896139, 0.2240552411
0.7801448069, 0.1120276205
0.3900724035, 0.5560138103
0.1950362017, 0.2780069051
0.0975181009, 0.6390034526
0.0487590504, 0.8195017263
0.0243795252, 0.4097508631
0.5121897626, 0.2048754316
0.7560948813, 0.1024377158
0.8780474407, 0.5512188579
0.4390237203, 0.2756094289
0.2195118602, 0.6378047145
0.1097559301, 0.3189023572
0.0548779650, 0.1594511786
0.5274389825, 0.5797255893
0.7637194913, 0.2898627947
0.3818597456, 0.1449313973
0.6909298728, 0.5724656987
0.8454649364, 0.2862328493
0.9227324682, 0.1431164247
0.9613662341, 0.0715582123
0.9806831171, 0.5357791062
0.9903415585, 0.2678895531
0.9951707793, 0.1339447765
0.4975853896, 0.5669723883
