0.2500000000, 0.2500000000
0.6250000000, 0.1250000000
0.8125000000, 0.5625000000
0.4062500000, 0.2812500000
0.2031250000, 0.1406250000
0.6015625000, 0.0703125000
0.3007812500, 0.5351562500
0.1503906250, 0.7675781250
0.0751953125, 0.3837890625
0.0375976562, 0.1918945312
0.0187988281, 0.0959472656
0.5093994141, 0.0479736328
0.2546997070, 0.5239868164
0.1273498535, 0.2619934082
0.0636749268, 0.1309967041
0.0318374634, 0.0654983521
0.0159187317, 0.0327491760
0.5079593658, 0.5163745880
0.2539796829, 0.2581872940
0.6269898415, 0.1290936470
0.3134949207, 0.0645468235
0.1567474604, 0.0322734118
0.5783737302, 0.0161367059
0.2891868651, 0.0080683529
0.1445934325, 0.0040341765
0.0722967163, 0.5020170882
0.0361483581, 0.7510085441
0.0180741791, 0.3755042721
0.5090370895, 0.1877521360
0.7545185448, 0.0938760680
0.8772592724, 0.5469380340
0.9386296362, 0.7734690170
0.4693148181, 0.3867345085
0.7346574090, 0.1933672543
0.3673287045, 0.5966836271
0.1836643523, 0.2983418136
0.0918321761, 0.1491709068
0.5459160881, 0.0745854534
0.7729580440, 0.0372927267
0.8864790220, 0.0186463633
0.9432395110, 0.5093231817
0.9716197555, 0.2546615908
0.4858098778, 0.1273307954
0.7429049389, 0.0636653977
0.8714524694, 0.5318326989
0.9357262347, 0.7659163494
0.9678631174, 0.3829581747
0.4839315587, 0.1914790874
0.2419657793, 0.0957395437
0.6209828897, 0.0478697718
0.3104914448, 0.5239348859
0.6552457224, 0.7619674430
0.8276228612, 0.8809837215
0.4138114306, 0.4404918607
0.2069057153, 0.2202459304
0.6034528577, 0.1101229652
0.3017264288, 0.0550614826
0.6508632144, 0.5275307413
0.3254316072, 0.7637653706
0.1627158036, 0.8818826853
0.0813579018, 0.4409413427
0.5406789509, 0.7204706713
0.2703394755, 0.8602353357
0.6351697377, 0.4301176678
0.8175848689, 0.2150588339
0.9087924344, 0.6075294170
0.4543962172, 0.3037647085
0.7271981086, 0.1518823542
0.8635990543, 0.5759411771
0.9317995272, 0.2879705886
0.9658997636, 0.1439852943
0.4829498818, 0.0719926471
0.2414749409, 0.5359963236
0.1207374704, 0.2679981618
0.0603687352, 0.1339990809
0.0301843676, 0.0669995404
0.5150921838, 0.0334997702
0.7575460919, 0.0167498851
0.8787730460, 0.5083749426
0.9393865230, 0.7541874713
0.9696932615, 0.8770937356
0.4848466307, 0.4385468678
0.2424233154, 0.2192734339
0.1212116577, 0.6096367170
0.0606058288, 0.3048183585
0.5303029144, 0.1524091792
0.2651514572, 0.0762045896
0.1325757286, 0.0381022948
0.5662878643, 0.0190511474
0.2831439322, 0.5095255737
0.6415719661, 0.2547627869
0.3207859830, 0.6273813934
0.1603929915, 0.3136906967
0.0801964958, 0.1568453484
0.5400982479, 0.0784226742
0.2700491239, 0.0392113371
0.6350245620, 0.0196056685
0.8175122810, 0.5098028343
0.9087561405, 0.7549014171
0.9543780702, 0.8774507086
0.9771890351, 0.4387253543
0.9885945176, 0.2193626771
0.4942972588, 0.1096813386
0.7471486294, 0.5548406693
0.3735743147, 0.7774203346
0.1867871573, 0.8887101673
0.0933935787, 0.4443550837
0.5466967893, 0.2221775418
0.7733483947, 0.1110887709
0.3866741973, 0.5555443855
0.1933370987, 0.2777721927
0.0966685493, 0.1388860964
0.5483342747, 0.0694430482
0.7741671373, 0.0347215241
0.3870835687, 0.5173607620
0.1935417843, 0.2586803810
0.5967708922, 0.6293401905
0.2983854461, 0.3146700953
0.1491927230, 0.6573350476
0.0745963615, 0.3286675238
0.5372981808, 0.6643337619
0.7686490904, 0.8321668810
0.8843245452, 0.9160834405
0.4421622726, 0.4580417202
0.2210811363, 0.2290208601
0.6105405681, 0.1145104301
0.3052702841, 0.5572552150
0.1526351420, 0.2786276075
0.0763175710, 0.1393138038
0.0381587855, 0.5696569019
0.0190793928, 0.2848284509
0.0095396964, 0.6424142255
0.0047698482, 0.8212071127
0.0023849241, 0.4106035564
0.5011924620, 0.7053017782
0.2505962310, 0.8526508891
0.1252981155, 0.9263254445
0.5626490578, 0.4631627223
0.7813245289, 0.7315813611
0.3906622644, 0.3657906806
0.1953311322, 0.1828953403
0.0976655661, 0.5914476701
0.0488327831, 0.7957238351
0.0244163915, 0.3978619175
0.5122081958, 0.1989309588
0.7561040979, 0.5994654794
0.3780520489, 0.7997327397
0.1890260245, 0.3998663698
0.0945130122, 0.1999331849
0.5472565061, 0.0999665925
0.2736282531, 0.5499832962
0.1368141265, 0.2749916481
0.0684070633, 0.1374958241
0.0342035316, 0.0687479120
0.5171017658, 0.5343739560
0.2585508829, 0.7671869780
0.1292754415, 0.3835934890
0.5646377207, 0.1917967445
0.7823188604, 0.0958983723
0.3911594302, 0.0479491861
0.6955797151, 0.0239745931
0.8477898575, 0.0119872965
0.4238949288, 0.0059936483
0.2119474644, 0.5029968241
0.6059737322, 0.2514984121
0.8029868661, 0.1257492060
0.4014934330, 0.0628746030
0.7007467165, 0.0314373015
0.8503733583, 0.5157186508
0.4251866791, 0.2578593254
0.2125933396, 0.1289296627
0.1062966698, 0.0644648313
0.0531483349, 0.0322324157
0.0265741674, 0.5161162078
0.0132870837, 0.2580581039
0.0066435419, 0.1290290520
0.5033217709, 0.0645145260
0.2516608855, 0.0322572630
0.1258304427, 0.5161286315
0.0629152214, 0.7580643157
0.5314576107, 0.3790321579
0.7657288053, 0.6895160789
0.8828644027, 0.8447580395
0.9414322013, 0.9223790197
0.9707161007, 0.4611895099
0.4853580503, 0.2305947549
0.2426790252, 0.1152973775
0.1213395126, 0.0576486887
0.5606697563, 0.0288243444
0.2803348781, 0.5144121722
0.1401674391, 0.2572060861
0.5700837195, 0.6286030430
0.2850418598, 0.3143015215
0.1425209299, 0.6571507608
0.0712604649, 0.3285753804
0.5356302325, 0.1642876902
0.2678151162, 0.0821438451
0.6339075581, 0.0410719225
0.8169537791, 0.5205359613
0.9084768895, 0.2602679806
0.4542384448, 0.6301339903
0.2271192224, 0.3150669952
0.1135596112, 0.1575334976
0.0567798056, 0.5787667488
0.0283899028, 0.2893833744
0.5141949514, 0.1446916872
0.2570974757, 0.5723458436
0.1285487378, 0.2861729218
0.5642743689, 0.6430864609
0.2821371845, 0.8215432304
0.1410685922, 0.4107716152
0.0705342961, 0.2053858076
0.5352671481, 0.1026929038
0.2676335740, 0.0513464519
0.1338167870, 0.5256732260
0.0669083935, 0.7628366130
0.0334541968, 0.3814183065
0.0167270984, 0.1907091532
0.5083635492, 0.0953545766
0.7541817746, 0.0476772883
0.8770908873, 0.0238386442
0.9385454436, 0.0119193221
0.4692727218, 0.5059596610
0.7346363609, 0.2529798305
0.8673181805, 0.1264899153
0.9336590902, 0.5632449576
0.4668295451, 0.7816224788
0.7334147726, 0.3908112394
0.8667073863, 0.6954056197
0.4333536931, 0.3477028099
0.2166768466, 0.1738514049
0.1083384233, 0.5869257025
0.0541692116, 0.2934628512
0.5270846058, 0.6467314256
0.7635423029, 0.8233657128
0.3817711515, 0.9116828564
0.6908855757, 0.4558414282
0.3454427879, 0.2279207141
0.6727213939, 0.1139603571
0.3363606970, 0.0569801785
0.1681803485, 0.0284900893
0.0840901742, 0.5142450446
0.0420450871, 0.7571225223
0.5210225436, 0.3785612612
0.2605112718, 0.6892806306
0.6302556359, 0.8446403153
0.8151278179, 0.9223201576
0.9075639090, 0.4611600788
0.9537819545, 0.7305800394
0.4768909772, 0.3652900197
0.2384454886, 0.6826450099
0.1192227443, 0.3413225049
0.5596113722, 0.1706612525
0.7798056861, 0.0853306262
0.3899028430, 0.0426653131
0.6949514215, 0.5213326566
0.3474757108, 0.7606663283
0.6737378554, 0.8803331641
0.8368689277, 0.9401665821
0.9184344638, 0.9700832910
0.4592172319, 0.9850416455
0.2296086160, 0.4925208228
0.1148043080, 0.2462604114
0.5574021540, 0.1231302057
0.7787010770, 0.0615651028
0.3893505385, 0.5307825514
0.1946752692, 0.2653912757
0.5973376346, 0.1326956379
0.2986688173, 0.5663478189
0.6493344087, 0.2831739095
0.3246672043, 0.6415869547
0.6623336022, 0.3207934774
0.8311668011, 0.1603967387
0.9155834005, 0.0801983693
0.9577917003, 0.5400991847
0.4788958501, 0.7700495923
0.2394479251, 0.8850247962
0.1197239625, 0.9425123981
0.5598619813, 0.4712561990
0.2799309906, 0.2356280995
0.6399654953, 0.1178140498
0.8199827477, 0.0589070249
0.4099913738, 0.0294535124
0.7049956869, 0.5147267562
0.8524978435, 0.2573633781
0.9262489217, 0.6286816891
0.9631244609, 0.8143408445
0.9815622304, 0.9071704223
0.9907811152, 0.4535852111
0.9953905576, 0.7267926056
0.9976952788, 0.8633963028
0.9988476394, 0.9316981514
0.4994238197, 0.9658490757
0.7497119099, 0.4829245378
0.3748559549, 0.2414622689
0.6874279775, 0.1207311345
0.3437139887, 0.0603655672
0.6718569944, 0.0301827836
0.3359284972, 0.0150913918
0.1679642486, 0.5075456959
0.0839821243, 0.2537728480
0.5419910621, 0.6268864240
0.7709955311, 0.3134432120
0.3854977655, 0.1567216060
0.1927488828, 0.0783608030
0.5963744414, 0.5391804015
0.7981872207, 0.7695902007
0.3990936103, 0.3847951004
0.6995468052, 0.1923975502
0.3497734026, 0.0961987751
0.1748867013, 0.0480993875
0.0874433506, 0.5240496938
0.5437216753, 0.7620248469
0.7718608377, 0.8810124234
0.8859304188, 0.4405062117
0.4429652094, 0.2202531059
0.7214826047, 0.1101265529
0.3607413024, 0.0550632765
0.1803706512, 0.0275316382
0.5901853256, 0.5137658191
0.2950926628, 0.2568829096
0.1475463314, 0.1284414548
0.5737731657, 0.0642207274
0.7868865828, 0.0321103637
0.8934432914, 0.5160551818
0.9467216457, 0.7580275909
0.9733608229, 0.3790137955
0.9866804114, 0.1895068977
0.4933402057, 0.5947534489
0.2466701029, 0.7973767244
0.1233350514, 0.3986883622
0.0616675257, 0.1993441811
0.5308337629, 0.5996720906
0.7654168814, 0.7998360453
0.8827084407, 0.8999180226
0.9413542204, 0.9499590113
0.9706771102, 0.9749795057
0.4853385551, 0.4874897528
0.7426692775, 0.2437448764
0.8713346388, 0.6218724382
0.9356673194, 0.3109362191
0.9678336597, 0.6554681096
0.9839168298, 0.3277340548
0.9919584149, 0.1638670274
0.9959792075, 0.0819335137
0.9979896037, 0.5409667568
0.9989948019, 0.2704833784
0.9994974009, 0.1352416892
0.4997487005, 0.0676208446
0.7498743502, 0.0338104223
0.3749371751, 0.0169052112
0.1874685876, 0.0084526056
0.5937342938, 0.5042263028
0.2968671469, 0.2521131514
0.6484335734, 0.6260565757
0.3242167867, 0.3130282878
0.6621083934, 0.6565141439
0.3310541967, 0.8282570720
0.1655270983, 0.9141285360
0.0827635492, 0.4570642680
0.5413817746, 0.2285321340
0.7706908873, 0.1142660670
0.3853454436, 0.5571330335
0.1926727218, 0.2785665167
0.5963363609, 0.1392832584
0.2981681805, 0.5696416292
0.6490840902, 0.2848208146
0.3245420451, 0.6424104073
0.1622710226, 0.3212052036
0.5811355113, 0.1606026018
0.7905677556, 0.5803013009
0.3952838778, 0.7901506505
0.6976419389, 0.3950753252
0.3488209695, 0.6975376626
0.1744104847, 0.8487688313
0.0872052424, 0.9243844157
0.0436026212, 0.4621922078
0.0218013106, 0.7310961039
0.5109006553, 0.3655480520
0.7554503276, 0.1827740260
0.8777251638, 0.5913870130
0.9388625819, 0.7956935065
0.4694312910, 0.3978467532
0.2347156455, 0.1989233766
0.6173578227, 0.0994616883
0.8086789114, 0.5497308442
0.4043394557, 0.7748654221
0.2021697278, 0.3874327110
0.6010848639, 0.6937163555
0.3005424320, 0.3468581778
0.1502712160, 0.1734290889
0.0751356080, 0.5867145444
0.0375678040, 0.7933572722
0.5187839020, 0.3966786361
0.7593919510, 0.1983393181
0.3796959755, 0.5991696590
0.6898479877, 0.2995848295
0.8449239939, 0.1497924148
0.9224619969, 0.0748962074
0.9612309985, 0.0374481037
0.9806154992, 0.0187240518
0.9903077496, 0.5093620259
0.4951538748, 0.2546810130
0.2475769374, 0.6273405065
0.6237884687, 0.3136702532
0.3118942344, 0.6568351266
0.1559471172, 0.3284175633
0.5779735586, 0.6642087817
0.7889867793, 0.8321043908
0.8944933896, 0.9160521954
0.4472466948, 0.4580260977
0.7236233474, 0.7290130489
0.3618116737, 0.8645065244
0.6809058369, 0.4322532622
0.3404529184, 0.7161266311
0.6702264592, 0.3580633156
0.8351132296, 0.6790316578
0.9175566148, 0.3395158289
0.9587783074, 0.1697579144
0.9793891537, 0.5848789572
0.4896945769, 0.2924394786
0.2448472884, 0.1462197393
0.6224236442, 0.0731098697
0.8112118221, 0.5365549348
0.4056059111, 0.2682774674
0.2028029555, 0.6341387337
0.1014014778, 0.3170693669
0.0507007389, 0.1585346834
0.5253503694, 0.5792673417
0.2626751847, 0.7896336709
0.1313375924, 0.3948168354
0.5656687962, 0.1974084177
0.7828343981, 0.0987042089
0.3914171990, 0.5493521044
0.6957085995, 0.2746760522
0.3478542998, 0.1373380261
0.1739271499, 0.0686690131
0.5869635749, 0.0343345065
0.7934817875, 0.5171672533
0.8967408937, 0.7585836266
0.9483704469, 0.8792918133
0.4741852234, 0.4396459067
0.2370926117, 0.7198229533
0.1185463059, 0.8599114767
0.5592731529, 0.9299557383
0.7796365765, 0.4649778692
0.3898182882, 0.7324889346
0.1949091441, 0.3662444673
0.0974545721, 0.1831222336
0.0487272860, 0.0915611168
0.5243636430, 0.5457805584
0.2621818215, 0.2728902792
0.6310909108, 0.1364451396
0.3155454554, 0.0682225698
0.6577727277, 0.5341112849
0.3288863638, 0.2670556425
0.1644431819, 0.1335278212
0.5822215910, 0.5667639106
0.2911107955, 0.7833819553
0.1455553977, 0.8916909777
0.0727776989, 0.9458454888
0.5363888494, 0.4729227444
0.7681944247, 0.2364613722
0.3840972124, 0.1182306861
0.1920486062, 0.5591153431
0.0960243031, 0.2795576715
0.5480121515, 0.6397788358
0.2740060758, 0.3198894179
0.1370030379, 0.1599447089
0.0685015189, 0.5799723545
0.5342507595, 0.2899861772
0.7671253797, 0.1449930886
0.8835626899, 0.0724965443
0.9417813449, 0.5362482722
0.4708906725, 0.2681241361
0.7354453362, 0.1340620680
0.8677226681, 0.5670310340
0.4338613341, 0.2835155170
0.7169306670, 0.6417577585
0.8584653335, 0.3208788793
0.9292326668, 0.1604394396
0.9646163334, 0.5802197198
0.9823081667, 0.2901098599
0.4911540833, 0.6450549300
0.2455770417, 0.8225274650
0.1227885208, 0.9112637325
0.5613942604, 0.9556318662
0.7806971302, 0.4778159331
0.8903485651, 0.7389079666
0.9451742826, 0.8694539833
0.9725871413, 0.9347269916
0.9862935706, 0.4673634958
0.9931467853, 0.7336817479
0.4965733927, 0.3668408740
0.2482866963, 0.1834204370
0.6241433482, 0.5917102185
0.3120716741, 0.7958551092
0.6560358370, 0.3979275546
0.3280179185, 0.6989637773
0.1640089593, 0.8494818887
0.5820044796, 0.4247409443
0.7910022398, 0.2123704722
0.3955011199, 0.6061852361
0.1977505600, 0.8030926180
0.0988752800, 0.9015463090
0.0494376400, 0.9507731545
0.0247188200, 0.4753865773
0.5123594100, 0.2376932886
0.2561797050, 0.1188466443
0.1280898525, 0.5594233222
0.0640449262, 0.2797116611
0.0320224631, 0.1398558305
0.5160112316, 0.0699279153
0.7580056158, 0.0349639576
0.3790028079, 0.5174819788
0.1895014039, 0.2587409894
0.0947507020, 0.1293704947
0.5473753510, 0.5646852474
0.2736876755, 0.2823426237
0.6368438377, 0.1411713118
0.8184219189, 0.0705856559
0.9092109594, 0.0352928280
0.9546054797, 0.5176464140
0.4773027399, 0.2588232070
0.7386513699, 0.6294116035
0.8693256850, 0.3147058017
0.4346628425, 0.6573529009
0.7173314212, 0.3286764504
0.8586657106, 0.6643382252
0.9293328553, 0.3321691126
0.9646664277, 0.1660845563
0.9823332138, 0.5830422782
0.4911666069, 0.7915211391
0.7455833035, 0.3957605695
0.8727916517, 0.1978802848
0.9363958259, 0.5989401424
0.9681979129, 0.7994700712
0.9840989565, 0.3997350356
0.4920494782, 0.6998675178
0.7460247391, 0.8499337589
0.8730123696, 0.9249668794
0.4365061848, 0.9624834397
0.2182530924, 0.4812417199
0.1091265462, 0.2406208599
0.5545632731, 0.6203104300
0.7772816365, 0.3101552150
0.8886408183, 0.6550776075
0.4443204091, 0.8275388037
0.7221602046, 0.4137694019
0.8610801023, 0.2068847009
0.9305400511, 0.6034423505
0.9652700256, 0.3017211752
0.4826350128, 0.6508605876
0.2413175064, 0.3254302938
0.6206587532, 0.1627151469
0.8103293766, 0.5813575735
0.4051646883, 0.2906787867
0.7025823441, 0.1453393934
0.8512911721, 0.5726696967
0.9256455860, 0.7863348483
0.4628227930, 0.8931674242
0.2314113965, 0.4465837121
0.6157056983, 0.2232918560
0.3078528491, 0.6116459280
0.1539264246, 0.3058229640
0.5769632123, 0.6529114820
0.7884816061, 0.3264557410
0.8942408031, 0.1632278705
0.9471204015, 0.5816139353
0.9735602008, 0.7908069676
0.9867801004, 0.3954034838
0.9933900502, 0.1977017419
0.9966950251, 0.5988508710
0.4983475125, 0.2994254355
0.2491737563, 0.6497127177
0.1245868781, 0.3248563589
0.0622934391, 0.1624281794
0.5311467195, 0.0812140897
0.7655733598, 0.0406070449
0.8827866799, 0.5203035224
0.9413933399, 0.7601517612
0.4706966700, 0.3800758806
0.2353483350, 0.1900379403
0.6176741675, 0.0950189702
0.8088370837, 0.0475094851
0.9044185419, 0.0237547425
0.4522092709, 0.5118773713
0.7261046355, 0.2559386856
0.8630523177, 0.6279693428
0.9315261589, 0.8139846714
0.9657630794, 0.4069923357
0.4828815397, 0.7034961679
0.2414407699, 0.8517480839
0.1207203849, 0.4258740420
0.5603601925, 0.7129370210
0.2801800962, 0.3564685105
0.1400900481, 0.6782342552
0.0700450241, 0.3391171276
0.0350225120, 0.1695585638
0.5175112560, 0.0847792819
0.7587556280, 0.5423896410
0.8793778140, 0.7711948205
0.9396889070, 0.8855974102
0.9698444535, 0.9427987051
0.4849222268, 0.9713993526
0.7424611134, 0.4856996763
0.8712305567, 0.7428498381
0.9356152783, 0.3714249191
0.9678076392, 0.6857124595
0.9839038196, 0.8428562298
0.4919519098, 0.9214281149
0.7459759549, 0.4607140574
0.8729879774, 0.7303570287
0.9364939887, 0.3651785144
0.4682469944, 0.1825892572
0.7341234972, 0.0912946286
0.8670617486, 0.0456473143
0.9335308743, 0.5228236571
0.4667654371, 0.2614118286
0.2333827186, 0.1307059143
0.6166913593, 0.5653529571
0.8083456796, 0.2826764786
0.4041728398, 0.1413382393
0.2020864199, 0.5706691196
0.1010432100, 0.2853345598
0.0505216050, 0.1426672799
0.5252608025, 0.0713336400
0.7626304012, 0.5356668200
0.8813152006, 0.7678334100
0.4406576003, 0.8839167050
0.2203288002, 0.4419583525
0.6101644001, 0.2209791762
0.3050822000, 0.1104895881
0.1525411000, 0.0552447941
0.5762705500, 0.0276223970
0.2881352750, 0.0138111985
0.1440676375, 0.0069055993
0.0720338188, 0.5034527996
0.5360169094, 0.7517263998
0.7680084547, 0.8758631999
0.3840042273, 0.4379316000
0.1920021137, 0.7189658000
0.0960010568, 0.3594829000
0.0480005284, 0.6797414500
0.5240002642, 0.3398707250
0.2620001321, 0.1699353625
0.6310000661, 0.0849676812
0.3155000330, 0.5424838406
0.1577500165, 0.2712419203
0.0788750083, 0.1356209602
0.5394375041, 0.5678104801
0.2697187521, 0.2839052400
0.6348593760, 0.6419526200
0.8174296880, 0.3209763100
0.9087148440, 0.1604881550
0.9543574220, 0.5802440775
0.9771787110, 0.7901220388
0.4885893555, 0.3950610194
0.7442946778, 0.6975305097
0.3721473389, 0.3487652548
0.1860736694, 0.1743826274
0.0930368347, 0.0871913137
0.0465184174, 0.5435956569
0.0232592087, 0.2717978284
0.0116296043, 0.1358989142
0.0058148022, 0.5679494571
0.0029074011, 0.2839747286
0.5014537005, 0.1419873643
0.2507268503, 0.5709936821
0.1253634251, 0.7854968411
0.5626817126, 0.3927484205
0.7813408563, 0.6963742103
0.3906704281, 0.3481871051
0.6953352141, 0.6740935526
0.3476676070, 0.3370467763
0.1738338035, 0.1685233881
0.0869169018, 0.5842616941
0.5434584509, 0.2921308470
0.2717292254, 0.6460654235
0.1358646127, 0.3230327118
0.0679323064, 0.1615163559
0.5339661532, 0.5807581779
0.2669830766, 0.2903790890
0.1334915383, 0.1451895445
0.5667457691, 0.0725947722
0.2833728846, 0.5362973861
0.6416864423, 0.2681486931
0.8208432211, 0.6340743465
0.4104216106, 0.3170371733
0.2052108053, 0.1585185866
0.6026054026, 0.0792592933
0.8013027013, 0.5396296467
0.9006513507, 0.2698148233
0.9503256753, 0.6349074117
0.4751628377, 0.8174537058
0.2375814188, 0.4087268529
0.6187907094, 0.2043634265
0.8093953547, 0.6021817132
0.9046976774, 0.3010908566
0.9523488387, 0.6505454283
0.9761744193, 0.3252727142
0.4880872097, 0.1626363571
0.2440436048, 0.0813181785
0.1220218024, 0.0406590893
0.5610109012, 0.0203295446
0.7805054506, 0.5101647723
0.8902527253, 0.7550823862
0.4451263627, 0.8775411931
0.7225631813, 0.4387705965
0.3612815907, 0.7193852983
0.6806407953, 0.3596926491
0.8403203977, 0.1798463246
0.9201601988, 0.5899231623
0.4600800994, 0.7949615811
0.7300400497, 0.3974807906
0.8650200249, 0.1987403953
0.9325100124, 0.0993701976
0.4662550062, 0.0496850988
0.2331275031, 0.5248425494
0.6165637516, 0.2624212747
0.8082818758, 0.6312106374
0.9041409379, 0.3156053187
0.4520704689, 0.1578026593
0.2260352345, 0.0789013297
0.6130176172, 0.0394506648
0.8065088086, 0.5197253324
0.4032544043, 0.2598626662
0.2016272022, 0.6299313331
0.6008136011, 0.3149656666
0.8004068005, 0.6574828333
0.4002034003, 0.3287414166
0.7001017001, 0.1643707083
0.8500508501, 0.5821853542
0.9250254250, 0.7910926771
0.4625127125, 0.3955463385
0.2312563563, 0.6977731693
0.1156281781, 0.8488865846
0.0578140891, 0.4244432923
0.0289070445, 0.2122216462
0.5144535223, 0.6061108231
0.7572267611, 0.3030554115
0.3786133806, 0.1515277058
0.1893066903, 0.0757638529
0.0946533451, 0.5378819264
0.5473266726, 0.7689409632
0.7736633363, 0.8844704816
0.8868316681, 0.9422352408
0.4434158341, 0.9711176204
0.2217079170, 0.4855588102
0.6108539585, 0.7427794051
0.8054269793, 0.8713897026
0.4027134896, 0.9356948513
0.2013567448, 0.4678474256
0.6006783724, 0.2339237128
0.3003391862, 0.6169618564
0.1501695931, 0.3084809282
0.5750847966, 0.1542404641
0.2875423983, 0.0771202321
0.1437711991, 0.5385601160
0.0718855996, 0.2692800580
0.0359427998, 0.1346400290
0.0179713999, 0.0673200145
0.0089856999, 0.0336600073
0.5044928500, 0.0168300036
0.7522464250, 0.0084150018
0.8761232125, 0.0042075009
0.9380616062, 0.0021037505
0.4690308031, 0.5010518752
0.2345154016, 0.2505259376
0.1172577008, 0.1252629688
0.5586288504, 0.5626314844
0.2793144252, 0.2813157422
0.6396572126, 0.1406578711
0.3198286063, 0.0703289356
0.6599143031, 0.5351644678
0.3299571516, 0.2675822339
0.1649785758, 0.1337911169
0.0824892879, 0.0668955585
0.0412446439, 0.0334477792
0.0206223220, 0.0167238896
0.5103111610, 0.5083619448
0.7551555805, 0.7541809724
0.3775777902, 0.3770904862
0.1887888951, 0.1885452431
0.0943944476, 0.0942726216
0.0471972238, 0.0471363108
0.5235986119, 0.5235681554
0.7617993059, 0.2617840777
0.3808996530, 0.1308920388
0.6904498265, 0.5654460194
0.8452249132, 0.2827230097
0.9226124566, 0.1413615049
0.4613062283, 0.0706807524
0.2306531142, 0.0353403762
0.1153265571, 0.0176701881
0.5576632785, 0.0088350941
0.2788316393, 0.5044175470
0.1394158196, 0.2522087735
0.5697079098, 0.6261043868
0.7848539549, 0.3130521934
0.8924269775, 0.1565260967
0.9462134887, 0.5782630483
0.4731067444, 0.2891315242
0.2365533722, 0.1445657621
0.6182766861, 0.0722828810
0.8091383430, 0.0361414405
0.9045691715, 0.5180707203
0.4522845858, 0.2590353601
0.7261422929, 0.6295176801
0.8630711464, 0.3147588400
0.9315355732, 0.6573794200
0.4657677866, 0.8286897100
0.2328838933, 0.9143448550
0.1164419467, 0.9571724275
0.0582209733, 0.9785862138
0.5291104867, 0.4892931069
0.2645552433, 0.2446465534
0.1322776217, 0.1223232767
0.5661388108, 0.0611616384
0.7830694054, 0.0305808192
0.3915347027, 0.0152904096
0.1957673514, 0.5076452048
0.0978836757, 0.7538226024
0.0489418378, 0.3769113012
0.0244709189, 0.6884556506
0.5122354595, 0.3442278253
0.2561177297, 0.1721139126
0.1280588649, 0.5860569563
0.5640294324, 0.7930284782
0.2820147162, 0.3965142391
0.6410073581, 0.6982571195
0.8205036791, 0.8491285598
0.4102518395, 0.4245642799
0.7051259198, 0.7122821399
0.8525629599, 0.3561410700
0.9262814799, 0.6780705350
0.4631407400, 0.8390352675
0.7315703700, 0.4195176337
0.3657851850, 0.7097588169
0.1828925925, 0.8548794084
0.5914462962, 0.4274397042
0.7957231481, 0.7137198521
0.8978615741, 0.3568599261
0.9489307870, 0.1784299630
0.4744653935, 0.0892149815
0.7372326968, 0.0446074908
0.3686163484, 0.5223037454
0.1843081742, 0.7611518727
0.5921540871, 0.3805759363
0.7960770435, 0.6902879682
0.3980385218, 0.3451439841
0.6990192609, 0.1725719920
0.8495096304, 0.5862859960
0.4247548152, 0.7931429980
0.2123774076, 0.3965714990
0.6061887038, 0.6982857495
0.8030943519, 0.8491428748
0.4015471760, 0.9245714374
0.7007735880, 0.9622857187
0.3503867940, 0.4811428593
0.1751933970, 0.2405714297
0.0875966985, 0.1202857148
0.5437983492, 0.0601428574
0.2718991746, 0.5300714287
0.1359495873, 0.2650357144
0.5679747937, 0.1325178572
0.7839873968, 0.5662589286
0.8919936984, 0.2831294643
0.9459968492, 0.6415647321
0.9729984246, 0.3207823661
0.9864992123, 0.6603911830
0.9932496062, 0.3301955915
0.9966248031, 0.6650977958
0.9983124015, 0.3325488979
0.9991562008, 0.6662744489
0.4995781004, 0.8331372245
0.2497890502, 0.4165686122
0.6248945251, 0.7082843061
0.8124472625, 0.8541421531
0.9062236313, 0.9270710765
0.4531118156, 0.4635355383
0.7265559078, 0.2317677691
0.3632779539, 0.1158838846
0.1816389770, 0.0579419423
0.0908194885, 0.5289709711
0.5454097442, 0.2644854856
0.7727048721, 0.6322427428
0.8863524361, 0.8161213714
0.4431762180, 0.9080606857
0.2215881090, 0.4540303428
0.6107940545, 0.2270151714
0.8053970273, 0.6135075857
0.9026985136, 0.8067537929
0.4513492568, 0.9033768964
0.7256746284, 0.4516884482
0.3628373142, 0.7258442241
0.6814186571, 0.8629221121
0.3407093286, 0.4314610560
0.1703546643, 0.2157305280
0.5851773321, 0.1078652640
0.2925886661, 0.5539326320
0.6462943330, 0.7769663160
0.8231471665, 0.8884831580
0.4115735833, 0.9442415790
0.2057867916, 0.9721207895
0.6028933958, 0.9860603948
0.8014466979, 0.4930301974
0.9007233490, 0.7465150987
0.9503616745, 0.8732575493
0.9751808372, 0.9366287747
0.9875904186, 0.4683143873
0.4937952093, 0.2341571937
0.7468976047, 0.1170785968
0.3734488023, 0.5585392984
0.1867244012, 0.7792696492
0.5933622006, 0.3896348246
0.7966811003, 0.1948174123
0.3983405501, 0.5974087062
0.1991702751, 0.2987043531
0.0995851375, 0.1493521765
0.5497925688, 0.0746760883
0.2748962844, 0.5373380441
0.1374481422, 0.2686690221
0.0687240711, 0.1343345110
0.0343620355, 0.0671672555
0.0171810178, 0.0335836278
0.5085905089, 0.0167918139
0.2542952544, 0.5083959069
0.6271476272, 0.2541979535
0.8135738136, 0.6270989767
0.9067869068, 0.8135494884
0.4533934534, 0.4067747442
0.7266967267, 0.7033873721
0.8633483634, 0.3516936860
0.4316741817, 0.1758468430
0.7158370908, 0.0879234215
0.3579185454, 0.5439617108
0.1789592727, 0.2719808554
0.0894796364, 0.1359904277
0.0447398182, 0.0679952138
0.5223699091, 0.0339976069
0.2611849545, 0.0169988035
0.6305924773, 0.5084994017
0.8152962386, 0.7542497009
0.4076481193, 0.3771248504
0.7038240597, 0.1885624252
0.3519120298, 0.0942812126
0.6759560149, 0.0471406063
0.3379780075, 0.0235703032
0.6689890037, 0.0117851516
0.3344945019, 0.0058925758
0.6672472509, 0.0029462879
0.8336236255, 0.5014731439
0.4168118127, 0.7507365720
0.2084059064, 0.3753682860
0.6042029532, 0.6876841430
0.8021014766, 0.3438420715
0.9010507383, 0.6719210357
0.9505253691, 0.8359605179
0.4752626846, 0.4179802589
0.7376313423, 0.7089901295
0.8688156711, 0.3544950647
0.9344078356, 0.1772475324
0.9672039178, 0.0886237662
0.9836019589, 0.0443118831
0.4918009794, 0.5221559415
0.7459004897, 0.7610779708
0.8729502449, 0.8805389854
0.9364751224, 0.9402694927
0.9682375612, 0.9701347463
0.4841187806, 0.4850673732
0.2420593903, 0.7425336866
0.1210296952, 0.3712668433
0.0605148476, 0.1856334216
0.5302574238, 0.0928167108
0.2651287119, 0.5464083554
0.1325643559, 0.7732041777
0.0662821780, 0.3866020889
0.0331410890, 0.6933010444
0.5165705445, 0.8466505222
0.2582852722, 0.9233252611
0.1291426361, 0.9616626306
0.0645713181, 0.9808313153
0.0322856590, 0.9904156576
0.0161428295, 0.4952078288
0.0080714148, 0.2476039144
0.5040357074, 0.1238019572
0.7520178537, 0.5619009786
0.3760089268, 0.2809504893
0.6880044634, 0.1404752447
0.8440022317, 0.5702376223
0.9220011159, 0.7851188112
0.4610005579, 0.3925594056
0.2305002790, 0.1962797028
0.1152501395, 0.5981398514
0.0576250697, 0.2990699257
0.5288125349, 0.6495349628
0.7644062674, 0.8247674814
0.3822031337, 0.9123837407
0.1911015669, 0.4561918704
0.5955507834, 0.7280959352
0.7977753917, 0.3640479676
0.8988876959, 0.1820239838
0.9494438479, 0.5910119919
0.4747219240, 0.7955059959
0.7373609620, 0.8977529980
0.8686804810, 0.9488764990
0.9343402405, 0.4744382495
0.4671701202, 0.7372191247
0.2335850601, 0.8686095624
0.6167925301, 0.9343047812
0.3083962650, 0.4671523906
0.6541981325, 0.2335761953
0.8270990663, 0.6167880976
0.9135495331, 0.3083940488
0.4567747666, 0.6541970244
0.2283873833, 0.8270985122
0.1141936916, 0.9135492561
0.0570968458, 0.9567746281
0.5285484229, 0.4783873140
0.2642742115, 0.2391936570
0.1321371057, 0.1195968285
0.0660685529, 0.5597984143
0.5330342764, 0.7798992071
0.7665171382, 0.8899496036
0.8832585691, 0.9449748018
0.9416292846, 0.9724874009
0.4708146423, 0.9862437004
0.2354073211, 0.4931218502
0.6177036606, 0.2465609251
0.3088518303, 0.1232804626
0.6544259151, 0.0616402313
0.8272129576, 0.5308201156
0.9136064788, 0.7654100578
0.4568032394, 0.3827050289
0.7284016197, 0.6913525145
0.8642008098, 0.3456762572
0.4321004049, 0.1728381286
0.2160502025, 0.0864190643
0.1080251012, 0.0432095322
0.0540125506, 0.0216047661
0.5270062753, 0.5108023830
0.7635031377, 0.7554011915
0.8817515688, 0.8777005958
0.9408757844, 0.4388502979
0.9704378922, 0.2194251489
0.9852189461, 0.1097125745
0.9926094731, 0.0548562872
0.4963047365, 0.5274281436
0.2481523683, 0.2637140718
0.6240761841, 0.1318570359
0.8120380921, 0.0659285180
0.9060190460, 0.0329642590
0.4530095230, 0.0164821295
0.2265047615, 0.0082410647
0.1132523808, 0.0041205324
0.5566261904, 0.0020602662
0.2783130952, 0.0010301331
0.1391565476, 0.5005150665
0.5695782738, 0.7502575333
0.7847891369, 0.8751287666
0.3923945684, 0.9375643833
0.1961972842, 0.4687821917
0.0980986421, 0.2343910958
0.5490493211, 0.1171955479
0.7745246605, 0.5585977740
0.8872623303, 0.7792988870
0.9436311651, 0.3896494435
0.9718155826, 0.6948247217
0.9859077913, 0.3474123609
0.9929538956, 0.1737061804
0.9964769478, 0.0868530902
0.9982384739, 0.5434265451
0.9991192370, 0.7717132726
0.4995596185, 0.3858566363
0.7497798092, 0.1929283181
0.3748899046, 0.5964641591
0.6874449523, 0.7982320795
0.8437224762, 0.8991160398
0.4218612381, 0.4495580199
0.2109306190, 0.2247790099
0.6054653095, 0.6123895050
0.3027326548, 0.3061947525
0.1513663274, 0.1530973762
0.0756831637, 0.5765486881
0.0378415818, 0.2882743441
0.0189207909, 0.1441371720
0.0094603955, 0.0720685860
0.0047301977, 0.0360342930
0.0023650989, 0.0180171465
0.5011825494, 0.5090085733
0.7505912747, 0.2545042866
0.3752956374, 0.1272521433
0.1876478187, 0.5636260717
0.5938239093, 0.2818130358
0.2969119547, 0.1409065179
0.6484559773, 0.5704532590
0.8242279887, 0.2852266295
0.9121139943, 0.1426133147
0.4560569972, 0.5713066574
0.2280284986, 0.7856533287
0.1140142493, 0.3928266643
0.5570071246, 0.6964133322
0.2785035623, 0.3482066661
0.1392517812, 0.1741033330
0.5696258906, 0.5870516665
0.2848129453, 0.7935258333
0.6424064726, 0.8967629166
0.8212032363, 0.9483814583
0.4106016182, 0.9741907292
0.7053008091, 0.4870953646
0.8526504045, 0.2435476823
0.9263252023, 0.1217738411
0.9631626011, 0.5608869206
0.4815813006, 0.2804434603
0.7407906503, 0.6402217301
0.3703953251, 0.3201108651
0.6851976626, 0.1600554325
0.8425988313, 0.5800277163
0.4212994156, 0.2900138581
0.7106497078, 0.1450069291
0.8553248539, 0.0725034645
0.9276624270, 0.0362517323
0.9638312135, 0.5181258661
0.9819156067, 0.7590629331
0.9909578034, 0.8795314665
0.4954789017, 0.4397657333
0.7477394508, 0.2198828666
0.3738697254, 0.6099414333
0.1869348627, 0.8049707167
0.5934674314, 0.9024853583
0.2967337157, 0.4512426792
0.1483668578, 0.2256213396
0.5741834289, 0.1128106698
0.7870917145, 0.5564053349
0.8935458572, 0.7782026674
0.9467729286, 0.8891013337
0.9733864643, 0.4445506669
0.9866932322, 0.7222753334
0.9933466161, 0.8611376667
0.4966733080, 0.4305688334
0.2483366540, 0.7152844167
0.6241683270, 0.3576422083
0.8120841635, 0.6788211042
0.4060420818, 0.3394105521
0.7030210409, 0.6697052760
0.3515105204, 0.3348526380
0.1757552602, 0.6674263190
0.0878776301, 0.3337131595
0.5439388151, 0.6668565798
0.2719694075, 0.3334282899
0.1359847038, 0.6667141449
0.0679923519, 0.3333570725
0.5339961759, 0.6666785362
0.7669980880, 0.3333392681
0.3834990440, 0.1666696341
0.6917495220, 0.5833348170
0.8458747610, 0.2916674085
0.9229373805, 0.1458337043
0.9614686902, 0.0729168521
0.4807343451, 0.5364584261
0.7403671726, 0.2682292130
0.3701835863, 0.6341146065
0.1850917931, 0.3170573033
0.5925458966, 0.6585286516
0.7962729483, 0.3292643258
0.8981364741, 0.6646321629
0.4490682371, 0.3323160815
0.2245341185, 0.1661580407
0.6122670593, 0.5830790204
0.3061335296, 0.7915395102
0.1530667648, 0.3957697551
0.0765333824, 0.1978848775
0.5382666912, 0.5989424388
0.2691333456, 0.2994712194
0.1345666728, 0.6497356097
0.0672833364, 0.3248678048
0.5336416682, 0.1624339024
0.2668208341, 0.5812169512
0.6334104171, 0.7906084756
0.8167052085, 0.3953042378
0.4083526043, 0.1976521189
0.7041763021, 0.0988260595
0.3520881511, 0.5494130297
0.1760440755, 0.2747065149
0.0880220378, 0.1373532574
0.5440110189, 0.0686766287
0.2720055094, 0.0343383144
0.1360027547, 0.0171691572
0.0680013774, 0.5085845786
0.5340006887, 0.2542922893
0.7670003443, 0.6271461446
0.3835001722, 0.3135730723
0.1917500861, 0.6567865362
0.5958750430, 0.3283932681
0.7979375215, 0.6641966340
0.8989687608, 0.8320983170
0.9494843804, 0.4160491585
0.4747421902, 0.7080245793
0.2373710951, 0.3540122896
0.6186855475, 0.6770061448
0.8093427738, 0.8385030724
0.4046713869, 0.4192515362
0.7023356934, 0.2096257681
0.3511678467, 0.1048128841
0.6755839234, 0.0524064420
0.3377919617, 0.0262032210
0.6688959808, 0.5131016105
0.3344479904, 0.7565508053
0.6672239952, 0.8782754026
0.8336119976, 0.9391377013
0.9168059988, 0.9695688507
0.4584029994, 0.4847844253
0.7292014997, 0.7423922127
0.8646007499, 0.3711961063
0.9323003749, 0.1855980532
0.9661501875, 0.0927990266
0.9830750937, 0.0463995133
0.9915375469, 0.5231997566
0.9957687734, 0.2615998783
0.4978843867, 0.6307999392
0.2489421934, 0.8153999696
0.1244710967, 0.4076999848
0.5622355483, 0.7038499924
0.2811177742, 0.8519249962
0.1405588871, 0.4259624981
0.5702794435, 0.2129812490
0.2851397218, 0.6064906245
0.1425698609, 0.8032453123
0.0712849304, 0.4016226561
0.5356424652, 0.7008113281
0.2678212326, 0.3504056640
0.1339106163, 0.1752028320
0.0669553082, 0.5876014160
0.5334776541, 0.2938007080
0.7667388270, 0.6469003540
0.3833694135, 0.3234501770
0.1916847068, 0.6617250885
0.0958423534, 0.3308625443
0.5479211767, 0.6654312721
0.7739605883, 0.8327156361
0.3869802942, 0.4163578180
0.6934901471, 0.2081789090
0.8467450735, 0.1040894545
0.4233725368, 0.0520447273
0.7116862684, 0.5260223636
0.3558431342, 0.2630111818
0.6779215671, 0.1315055909
0.8389607835, 0.0657527955
0.9194803918, 0.5328763977
0.4597401959, 0.7664381989
0.2298700979, 0.3832190994
0.6149350490, 0.1916095497
0.8074675245, 0.5958047749
0.4037337622, 0.2979023874
0.7018668811, 0.6489511937
0.3509334406, 0.3244755969
0.1754667203, 0.6622377984
0.0877333601, 0.8311188992
0.5438666801, 0.4155594496
0.7719333400, 0.2077797248
0.8859666700, 0.6038898624
0.9429833350, 0.3019449312
0.9714916675, 0.1509724656
0.9857458338, 0.0754862328
0.4928729169, 0.5377431164
0.7464364584, 0.2688715582
0.8732182292, 0.6344357791
0.9366091146, 0.8172178896
0.9683045573, 0.9086089448
0.9841522787, 0.4543044724
0.9920761393, 0.2271522362
0.9960380697, 0.6135761181
0.4980190348, 0.3067880590
0.7490095174, 0.6533940295
0.3745047587, 0.8266970148
0.6872523794, 0.4133485074
0.3436261897, 0.2066742537
0.1718130948, 0.1033371268
0.5859065474, 0.0516685634
0.2929532737, 0.5258342817
0.1464766369, 0.2629171409
0.5732383184, 0.6314585704
0.2866191592, 0.3157292852
0.6433095796, 0.6578646426
0.8216547898, 0.8289323213
0.9108273949, 0.9144661607
0.4554136975, 0.9572330803
0.7277068487, 0.9786165402
0.8638534244, 0.9893082701
0.4319267122, 0.9946541350
0.2159633561, 0.9973270675
0.1079816780, 0.9986635338
0.0539908390, 0.4993317669
0.0269954195, 0.2496658834
0.0134977098, 0.1248329417
0.5067488549, 0.5624164709
0.2533744274, 0.2812082354
0.6266872137, 0.6406041177
0.3133436069, 0.3203020589
0.1566718034, 0.1601510294
0.0783359017, 0.5800755147
0.0391679509, 0.2900377574
0.0195839754, 0.6450188787
0.0097919877, 0.3225094393
0.0048959939, 0.1612547197
0.5024479969, 0.0806273598
0.7512239985, 0.0403136799
0.8756119992, 0.0201568400
0.9378059996, 0.5100784200
0.9689029998, 0.7550392100
0.4844514999, 0.3775196050
0.2422257500, 0.6887598025
0.6211128750, 0.3443799012
0.3105564375, 0.1721899506
0.6552782187, 0.5860949753
0.8276391094, 0.2930474877
0.9138195547, 0.6465237438
0.9569097773, 0.8232618719
0.9784548887, 0.9116309360
0.4892274443, 0.4558154680
0.7446137222, 0.7279077340
0.3723068611, 0.8639538670
0.1861534305, 0.4319769335
0.5930767153, 0.7159884667
0.2965383576, 0.8579942334
0.1482691788, 0.4289971167
0.5741345894, 0.2144985583
0.2870672947, 0.1072492792
0.6435336474, 0.0536246396
0.3217668237, 0.5268123198
0.1608834118, 0.7634061599
0.5804417059, 0.3817030799
0.7902208530, 0.1908515400
0.8951104265, 0.0954257700
0.9475552132, 0.0477128850
0.9737776066, 0.5238564425
0.9868888033, 0.2619282212
0.9934444017, 0.6309641106
0.9967222008, 0.8154820553
0.9983611004, 0.4077410277
0.9991805502, 0.7038705138
0.9995902751, 0.3519352569
0.4997951376, 0.1759676285
0.2498975688, 0.0879838142
0.1249487844, 0.0439919071
0.5624743922, 0.0219959536
0.2812371961, 0.0109979768
0.6406185980, 0.5054989884
0.8203092990, 0.2527494942
0.9101546495, 0.6263747471
0.4550773248, 0.3131873735
0.2275386624, 0.6565936868
0.1137693312, 0.3282968434
0.0568846656, 0.6641484217
0.5284423328, 0.3320742108
0.7642211664, 0.6660371054
0.8821105832, 0.3330185527
0.9410552916, 0.6665092764
0.9705276458, 0.8332546382
0.9852638229, 0.9166273191
0.9926319114, 0.4583136595
0.9963159557, 0.2291568298
0.9981579779, 0.6145784149
0.9990789889, 0.8072892074
0.9995394945, 0.4036446037
0.4997697472, 0.7018223019
0.7498848736, 0.3509111509
0.8749424368, 0.1754555755
0.9374712184, 0.5877277877
0.9687356092, 0.7938638939
0.4843678046, 0.8969319469
0.2421839023, 0.9484659735
0.1210919512, 0.4742329867
0.5605459756, 0.7371164934
0.2802729878, 0.3685582467
0.1401364939, 0.6842791233
0.5700682469, 0.8421395617
0.7850341235, 0.9210697808
0.8925170617, 0.4605348904
0.9462585309, 0.7302674452
0.4731292654, 0.8651337226
0.7365646327, 0.4325668613
0.8682823164, 0.7162834307
0.4341411582, 0.3581417153
0.7170705791, 0.6790708577
0.8585352895, 0.3395354288
0.9292676448, 0.1697677144
0.9646338224, 0.5848838572
0.4823169112, 0.7924419286
0.2411584556, 0.8962209643
0.1205792278, 0.4481104822
0.5602896139, 0.2240552411
0.7801448069, 0.1120276205
0.3900724035, 0.5560138103
0.1950362017, 0.2780069051
0.0975181009, 0.6390034526
0.0487590504, 0.8195017263
0.0243795252, 0.4097508631
0.5121897626, 0.2048754316
0.7560948813, 0.1024377158
0.8780474407, 0.5512188579
0.4390237203, 0.2756094289
0.2195118602, 0.6378047145
0.1097559301, 0.3189023572
0.0548779650, 0.1594511786
0.5274389825, 0.5797255893
0.7637194913, 0.2898627947
0.3818597456, 0.1449313973
0.6909298728, 0.5724656987
