0.2500000000, 0.2500000000
0.6250000000, 0.1250000000
0.8125000000, 0.5625000000
0.4062500000, 0.2812500000
0.2031250000, 0.1406250000
0.6015625000, 0.0703125000
0.3007812500, 0.5351562500
0.1503906250, 0.7675781250
0.0751953125, 0.3837890625
0.0375976562, 0.1918945312
0.0187988281, 0.0959472656
0.5093994141, 0.0479736328
0.2546997070, 0.5239868164
0.1273498535, 0.2619934082
0.5636749268, 0.6309967041
0.2818374634, 0.3154983521
0.1409187317, 0.1577491760
0.5704593658, 0.5788745880
0.2852296829, 0.2894372940
0.6426148415, 0.1447186470
0.3213074207, 0.0723593235
0.1606537104, 0.0361796618
0.5803268552, 0.0180898309
0.2901634276, 0.0090449154
0.1450817138, 0.0045224577
0.0725408569, 0.5022612289
0.0362704284, 0.7511306144
0.0181352142, 0.3755653072
0.5090676071, 0.1877826536
0.7545338036, 0.0938913268
0.8772669018, 0.5469456634
0.9386334509, 0.7734728317
0.9693167254, 0.8867364159
0.9846583627, 0.4433682079
0.4923291814, 0.7216841040
0.2461645907, 0.3608420520
0.1230822953, 0.1804210260
0.5615411477, 0.0902105130
0.2807705738, 0.5451052565
0.6403852869, 0.2725526282
0.8201926435, 0.6362763141
0.9100963217, 0.3181381571
0.4550481609, 0.1590690785
0.7275240804, 0.0795345393
0.8637620402, 0.5397672696
0.9318810201, 0.7698836348
0.9659405101, 0.3849418174
0.9829702550, 0.6924709087
0.4914851275, 0.3462354544
0.7457425638, 0.1731177272
0.8728712819, 0.0865588636
0.9364356409, 0.5432794318
0.9682178205, 0.7716397159
0.4841089102, 0.3858198579
0.2420544551, 0.1929099290
0.6210272276, 0.0964549645
0.3105136138, 0.0482274822
0.6552568069, 0.5241137411
0.3276284034, 0.7620568706
0.1638142017, 0.8810284353
0.0819071009, 0.4405142176
0.5409535504, 0.7202571088
0.7704767752, 0.3601285544
0.8852383876, 0.1800642772
0.9426191938, 0.0900321386
0.9713095969, 0.5450160693
0.4856547985, 0.2725080347
0.7428273992, 0.1362540173
0.8714136996, 0.5681270087
0.9357068498, 0.2840635043
0.9678534249, 0.1420317522
0.4839267125, 0.0710158761
0.2419633562, 0.5355079380
0.1209816781, 0.2677539690
0.0604908391, 0.1338769845
0.0302454195, 0.0669384923
0.5151227098, 0.0334692461
0.7575613549, 0.0167346231
0.8787806774, 0.5083673115
0.9393903387, 0.7541836558
0.9696951694, 0.8770918279
0.4848475847, 0.4385459139
0.2424237923, 0.2192729570
0.6212118962, 0.1096364785
0.3106059481, 0.0548182392
0.6553029740, 0.0274091196
0.8276514870, 0.5137045598
0.4138257435, 0.2568522799
0.7069128718, 0.1284261400
0.3534564359, 0.5642130700
0.6767282179, 0.2821065350
0.3383641090, 0.6410532675
0.1691820545, 0.3205266337
0.0845910272, 0.1602633169
0.5422955136, 0.0801316584
0.2711477568, 0.0400658292
0.6355738784, 0.0200329146
0.8177869392, 0.5100164573
0.9088934696, 0.7550082287
0.9544467348, 0.8775041143
0.9772233674, 0.4387520572
0.9886116837, 0.2193760286
0.4943058419, 0.1096880143
0.7471529209, 0.5548440071
0.8735764605, 0.2774220036
0.4367882302, 0.6387110018
0.2183941151, 0.3193555009
0.6091970576, 0.1596777504
0.8045985288, 0.0798388752
0.4022992644, 0.5399194376
0.2011496322, 0.2699597188
0.1005748161, 0.1349798594
0.5502874080, 0.0674899297
0.7751437040, 0.0337449649
0.3875718520, 0.5168724824
0.1937859260, 0.2584362412
0.5968929630, 0.6292181206
0.2984464815, 0.3146090603
0.1492232408, 0.6573045302
0.0746116204, 0.3286522651
0.5373058102, 0.6643261325
0.7686529051, 0.8321630663
0.8843264525, 0.9160815331
0.4421632263, 0.4580407666
0.2210816131, 0.2290203833
0.6105408066, 0.1145101916
0.3052704033, 0.5572550958
0.6526352016, 0.7786275479
0.3263176008, 0.3893137740
0.6631588004, 0.1946568870
0.3315794002, 0.0973284435
0.1657897001, 0.5486642217
0.0828948501, 0.7743321109
0.0414474250, 0.3871660554
0.5207237125, 0.6935830277
0.2603618563, 0.8467915139
0.1301809281, 0.9233957569
0.5650904641, 0.4616978785
0.7825452320, 0.7308489392
0.3912726160, 0.3654244696
0.1956363080, 0.1827122348
0.0978181540, 0.5913561174
0.0489090770, 0.7956780587
0.0244545385, 0.3978390294
0.5122272693, 0.1989195147
0.7561136346, 0.5994597573
0.3780568173, 0.7997298787
0.1890284087, 0.3998649393
0.0945142043, 0.1999324697
0.0472571022, 0.5999662348
0.0236285511, 0.7999831174
0.0118142755, 0.3999915587
0.0059071378, 0.1999957794
0.0029535689, 0.0999978897
0.5014767844, 0.5499989448
0.7507383922, 0.2749994724
0.3753691961, 0.1374997362
0.6876845981, 0.0687498681
0.3438422990, 0.5343749341
0.1719211495, 0.2671874670
0.5859605748, 0.1335937335
0.2929802874, 0.5667968668
0.1464901437, 0.2833984334
0.0732450718, 0.6416992167
0.0366225359, 0.8208496083
0.5183112680, 0.4104248042
0.2591556340, 0.2052124021
0.6295778170, 0.1026062010
0.8147889085, 0.5513031005
0.4073944542, 0.2756515503
0.2036972271, 0.1378257751
0.1018486136, 0.0689128876
0.0509243068, 0.0344564438
0.0254621534, 0.5172282219
0.0127310767, 0.2586141109
0.0063655383, 0.1293070555
0.0031827692, 0.5646535277
0.0015913846, 0.2823267639
0.0007956923, 0.6411633819
0.0003978461, 0.8205816910
0.5001989231, 0.4102908455
0.7500994615, 0.7051454227
0.8750497308, 0.8525727114
0.9375248654, 0.9262863557
0.9687624327, 0.4631431778
0.4843812163, 0.2315715889
0.2421906082, 0.1157857945
0.1210953041, 0.0578928972
0.5605476520, 0.0289464486
0.2802738260, 0.5144732243
0.1401369130, 0.2572366122
0.5700684565, 0.6286183061
0.2850342283, 0.3143091530
0.1425171141, 0.6571545765
0.5712585571, 0.8285772883
0.7856292785, 0.4142886441
0.3928146393, 0.2071443221
0.6964073196, 0.1035721610
0.8482036598, 0.5517860805
0.9241018299, 0.2758930403
0.4620509150, 0.6379465201
0.2310254575, 0.3189732601
0.1155127287, 0.1594866300
0.0577563644, 0.5797433150
0.0288781822, 0.2898716575
0.5144390911, 0.1449358288
0.7572195455, 0.0724679144
0.3786097728, 0.0362339572
0.6893048864, 0.5181169786
0.3446524432, 0.7590584893
0.1723262216, 0.3795292446
0.0861631108, 0.1897646223
0.5430815554, 0.0948823112
0.2715407777, 0.0474411556
0.1357703888, 0.5237205778
0.0678851944, 0.2618602889
0.0339425972, 0.1309301444
0.0169712986, 0.0654650722
0.5084856493, 0.0327325361
0.7542428247, 0.0163662681
0.8771214123, 0.0081831340
0.9385607062, 0.0040915670
0.4692803531, 0.5020457835
0.7346401765, 0.2510228918
0.8673200883, 0.1255114459
0.4336600441, 0.0627557229
0.2168300221, 0.5313778615
0.6084150110, 0.2656889307
0.8042075055, 0.6328444654
0.4021037528, 0.3164222327
0.7010518764, 0.6582111163
0.3505259382, 0.8291055582
0.1752629691, 0.4145527791
0.5876314845, 0.7072763895
0.7938157423, 0.8536381948
0.3969078711, 0.9268190974
0.6984539356, 0.4634095487
0.8492269678, 0.7317047743
0.9246134839, 0.3658523872
0.9623067419, 0.6829261936
0.4811533710, 0.3414630968
0.2405766855, 0.6707315484
0.6202883427, 0.3353657742
0.8101441714, 0.1676828871
0.4050720857, 0.5838414435
0.7025360428, 0.7919207218
0.8512680214, 0.8959603609
0.9256340107, 0.4479801804
0.9628170054, 0.7239900902
0.9814085027, 0.8619950451
0.4907042513, 0.9309975226
0.2453521257, 0.4654987613
0.6226760628, 0.2327493806
0.8113380314, 0.1163746903
0.4056690157, 0.0581873452
0.7028345079, 0.5290936726
0.3514172539, 0.7645468363
0.6757086270, 0.8822734181
0.8378543135, 0.9411367091
0.9189271567, 0.9705683545
0.4594635784, 0.9852841773
0.2297317892, 0.4926420886
0.1148658946, 0.2463210443
0.5574329473, 0.1231605222
0.7787164736, 0.0615802611
0.3893582368, 0.5307901305
0.1946791184, 0.2653950653
0.5973395592, 0.1326975326
0.2986697796, 0.5663487663
0.6493348898, 0.2831743832
0.3246674449, 0.6415871916
0.6623337225, 0.3207935958
0.8311668612, 0.1603967979
0.9155834306, 0.0801983989
0.9577917153, 0.5400991995
0.4788958577, 0.7700495997
0.2394479288, 0.8850247999
0.1197239644, 0.9425123999
0.5598619822, 0.4712562000
0.2799309911, 0.2356281000
0.6399654956, 0.1178140500
0.8199827478, 0.0589070250
0.4099913739, 0.0294535125
0.7049956869, 0.5147267562
0.8524978435, 0.2573633781
0.9262489217, 0.6286816891
0.9631244609, 0.8143408445
0.9815622304, 0.9071704223
0.9907811152, 0.4535852111
0.9953905576, 0.7267926056
0.9976952788, 0.8633963028
0.9988476394, 0.9316981514
0.4994238197, 0.9658490757
0.7497119099, 0.4829245378
0.3748559549, 0.2414622689
0.6874279775, 0.1207311345
0.3437139887, 0.0603655672
0.6718569944, 0.0301827836
0.3359284972, 0.0150913918
0.1679642486, 0.5075456959
0.0839821243, 0.2537728480
0.5419910621, 0.6268864240
0.7709955311, 0.3134432120
0.3854977655, 0.1567216060
0.1927488828, 0.0783608030
0.5963744414, 0.5391804015
0.7981872207, 0.7695902007
0.3990936103, 0.3847951004
0.6995468052, 0.1923975502
0.3497734026, 0.0961987751
0.1748867013, 0.0480993875
0.0874433506, 0.5240496938
0.5437216753, 0.7620248469
0.7718608377, 0.8810124234
0.8859304188, 0.4405062117
0.4429652094, 0.2202531059
0.7214826047, 0.1101265529
0.3607413024, 0.0550632765
0.1803706512, 0.0275316382
0.5901853256, 0.5137658191
0.2950926628, 0.2568829096
0.1475463314, 0.1284414548
0.5737731657, 0.0642207274
0.7868865828, 0.0321103637
0.8934432914, 0.5160551818
0.9467216457, 0.7580275909
0.4733608229, 0.3790137955
0.7366804114, 0.1895068977
0.3683402057, 0.5947534489
0.1841701029, 0.7973767244
0.0920850514, 0.3986883622
0.0460425257, 0.1993441811
0.5230212629, 0.5996720906
0.7615106314, 0.7998360453
0.8807553157, 0.8999180226
0.9403776579, 0.9499590113
0.9701888289, 0.9749795057
0.4850944145, 0.4874897528
0.7425472072, 0.2437448764
0.8712736036, 0.6218724382
0.9356368018, 0.3109362191
0.4678184009, 0.1554681096
0.7339092005, 0.0777340548
0.8669546002, 0.0388670274
0.9334773001, 0.0194335137
0.9667386501, 0.5097167568
0.9833693250, 0.2548583784
0.9916846625, 0.1274291892
0.4958423313, 0.0637145946
0.7479211656, 0.0318572973
0.3739605828, 0.0159286487
0.1869802914, 0.0079643243
0.5934901457, 0.5039821622
0.2967450729, 0.2519910811
0.6483725364, 0.6259955405
0.3241862682, 0.3129977703
0.6620931341, 0.6564988851
0.3310465671, 0.8282494426
0.1655232835, 0.9141247213
0.0827616418, 0.4570623606
0.5413808209, 0.2285311803
0.7706904104, 0.1142655902
0.3853452052, 0.5571327951
0.1926726026, 0.2785663975
0.5963363013, 0.1392831988
0.2981681507, 0.5696415994
0.6490840753, 0.2848207997
0.3245420377, 0.6424103998
0.1622710188, 0.3212051999
0.5811355094, 0.1606026000
0.7905677547, 0.5803013000
0.3952838774, 0.7901506500
0.6976419387, 0.3950753250
0.3488209693, 0.6975376625
0.1744104847, 0.8487688312
0.0872052423, 0.9243844156
0.0436026212, 0.4621922078
0.0218013106, 0.7310961039
0.5109006553, 0.3655480520
0.7554503276, 0.1827740260
0.8777251638, 0.5913870130
0.9388625819, 0.7956935065
0.4694312910, 0.3978467532
0.2347156455, 0.1989233766
0.6173578227, 0.0994616883
0.8086789114, 0.5497308442
0.4043394557, 0.7748654221
0.2021697278, 0.3874327110
0.6010848639, 0.6937163555
0.3005424320, 0.3468581778
0.1502712160, 0.1734290889
0.0751356080, 0.5867145444
0.0375678040, 0.7933572722
0.5187839020, 0.3966786361
0.7593919510, 0.1983393181
0.3796959755, 0.5991696590
0.6898479877, 0.2995848295
0.8449239939, 0.1497924148
0.9224619969, 0.0748962074
0.9612309985, 0.0374481037
0.9806154992, 0.0187240518
0.4903077496, 0.0093620259
0.2451538748, 0.0046810130
0.1225769374, 0.5023405065
0.5612884687, 0.2511702532
0.2806442344, 0.6255851266
0.1403221172, 0.3127925633
0.5701610586, 0.6563962817
0.7850805293, 0.8281981408
0.8925402646, 0.9140990704
0.4462701323, 0.4570495352
0.7231350662, 0.7285247676
0.3615675331, 0.8642623838
0.6807837665, 0.4321311919
0.3403918833, 0.7160655960
0.6701959416, 0.3580327980
0.8350979708, 0.6790163990
0.9175489854, 0.3395081995
0.9587744927, 0.1697540997
0.9793872464, 0.5848770499
0.4896936232, 0.2924385249
0.2448468116, 0.1462192625
0.6224234058, 0.0731096312
0.8112117029, 0.5365548156
0.4056058514, 0.2682774078
0.2028029257, 0.6341387039
0.1014014629, 0.3170693520
0.0507007314, 0.1585346760
0.5253503657, 0.5792673380
0.2626751829, 0.7896336690
0.1313375914, 0.3948168345
0.5656687957, 0.1974084172
0.7828343979, 0.0987042086
0.3914171989, 0.5493521043
0.6957085995, 0.2746760522
0.3478542997, 0.1373380261
0.1739271499, 0.0686690130
0.5869635749, 0.0343345065
0.7934817875, 0.5171672533
0.8967408937, 0.7585836266
0.4483704469, 0.3792918133
0.2241852234, 0.1896459067
0.1120926117, 0.5948229533
0.0560463059, 0.7974114767
0.5280231529, 0.8987057383
0.7640115765, 0.4493528692
0.3820057882, 0.7246764346
0.1910028941, 0.3623382173
0.0955014471, 0.1811691086
0.0477507235, 0.0905845543
0.5238753618, 0.5452922772
0.2619376809, 0.2726461386
0.6309688404, 0.1363230693
0.3154844202, 0.0681615346
0.6577422101, 0.5340807673
0.3288711051, 0.2670403837
0.1644355525, 0.1335201918
0.5822177763, 0.5667600959
0.2911088881, 0.7833800480
0.1455544441, 0.8916900240
0.0727772220, 0.9458450120
0.5363886110, 0.4729225060
0.7681943055, 0.2364612530
0.3840971528, 0.1182306265
0.1920485764, 0.5591153132
0.0960242882, 0.2795576566
0.5480121441, 0.6397788283
0.2740060720, 0.3198894142
0.1370030360, 0.1599447071
0.0685015180, 0.5799723535
0.0342507590, 0.7899861768
0.5171253795, 0.3949930884
0.7585626898, 0.1974965442
0.3792813449, 0.0987482721
0.1896406724, 0.0493741360
0.5948203362, 0.0246870680
0.7974101681, 0.5123435340
0.3987050841, 0.2561717670
0.6993525420, 0.6280858835
0.8496762710, 0.3140429418
0.9248381355, 0.1570214709
0.9624190678, 0.5785107354
0.9812095339, 0.2892553677
0.4906047669, 0.6446276839
0.2453023835, 0.8223138419
0.1226511917, 0.9111569210
0.5613255959, 0.9555784605
0.7806627979, 0.4777892302
0.8903313990, 0.7388946151
0.9451656995, 0.8694473076
0.9725828497, 0.9347236538
0.9862914249, 0.4673618269
0.9931457124, 0.7336809134
0.4965728562, 0.3668404567
0.7482864281, 0.6834202284
0.8741432141, 0.8417101142
0.4370716070, 0.9208550571
0.7185358035, 0.4604275285
0.3592679018, 0.7302137643
0.1796339509, 0.8651068821
0.5898169754, 0.4325534411
0.7949084877, 0.2162767205
0.3974542439, 0.6081383603
0.6987271219, 0.3040691801
0.3493635610, 0.6520345901
0.1746817805, 0.8260172950
0.0873408902, 0.4130086475
0.5436704451, 0.2065043238
0.2718352226, 0.1032521619
0.6359176113, 0.0516260809
0.3179588056, 0.0258130405
0.1589794028, 0.0129065202
0.0794897014, 0.5064532601
0.5397448507, 0.2532266301
0.2698724254, 0.6266133150
0.1349362127, 0.3133066575
0.0674681063, 0.1566533288
0.5337340532, 0.5783266644
0.7668670266, 0.7891633322
0.8834335133, 0.3945816661
0.9417167566, 0.1972908330
0.9708583783, 0.0986454165
0.9854291892, 0.5493227083
0.4927145946, 0.2746613541
0.7463572973, 0.6373306771
0.8731786486, 0.3186653385
0.4365893243, 0.6593326693
0.2182946622, 0.3296663346
0.6091473311, 0.6648331673
0.8045736655, 0.3324165837
0.9022868328, 0.1662082918
0.9511434164, 0.5831041459
0.4755717082, 0.7915520730
0.7377858541, 0.3957760365
0.8688929270, 0.1978880182
0.9344464635, 0.5989440091
0.9672232318, 0.7994720046
0.9836116159, 0.3997360023
0.4918058079, 0.6998680011
0.7459029040, 0.8499340006
0.8729514520, 0.9249670003
0.4364757260, 0.9624835001
0.2182378630, 0.4812417501
0.1091189315, 0.2406208750
0.5545594657, 0.6203104375
0.7772797329, 0.3101552188
0.8886398664, 0.6550776094
0.4443199332, 0.8275388047
0.7221599666, 0.4137694023
0.8610799833, 0.2068847012
0.9305399917, 0.6034423506
0.9652699958, 0.3017211753
0.4826349979, 0.6508605876
0.2413174990, 0.3254302938
0.6206587495, 0.1627151469
0.8103293747, 0.5813575735
0.4051646874, 0.2906787867
0.7025823437, 0.1453393934
0.8512911718, 0.5726696967
0.9256455859, 0.7863348483
0.4628227930, 0.8931674242
0.2314113965, 0.4465837121
0.6157056982, 0.2232918560
0.3078528491, 0.6116459280
0.1539264246, 0.3058229640
0.5769632123, 0.6529114820
0.7884816061, 0.3264557410
0.8942408031, 0.1632278705
0.9471204015, 0.5816139353
0.9735602008, 0.7908069676
0.9867801004, 0.3954034838
0.9933900502, 0.1977017419
0.9966950251, 0.5988508710
0.4983475125, 0.2994254355
0.2491737563, 0.6497127177
0.1245868781, 0.3248563589
0.0622934391, 0.1624281794
0.5311467195, 0.0812140897
0.7655733598, 0.0406070449
0.8827866799, 0.5203035224
0.9413933399, 0.7601517612
0.4706966700, 0.3800758806
0.2353483350, 0.1900379403
0.6176741675, 0.0950189702
0.8088370837, 0.0475094851
0.9044185419, 0.0237547425
0.4522092709, 0.5118773713
0.7261046355, 0.2559386856
0.8630523177, 0.6279693428
0.9315261589, 0.8139846714
0.9657630794, 0.4069923357
0.4828815397, 0.7034961679
0.2414407699, 0.8517480839
0.1207203849, 0.4258740420
0.5603601925, 0.7129370210
0.2801800962, 0.3564685105
0.1400900481, 0.6782342552
0.0700450241, 0.3391171276
0.0350225120, 0.1695585638
0.5175112560, 0.0847792819
0.7587556280, 0.5423896410
0.8793778140, 0.7711948205
0.9396889070, 0.8855974102
0.9698444535, 0.9427987051
0.4849222268, 0.9713993526
0.7424611134, 0.4856996763
0.8712305567, 0.7428498381
0.9356152783, 0.3714249191
0.9678076392, 0.6857124595
0.9839038196, 0.8428562298
0.4919519098, 0.9214281149
0.7459759549, 0.4607140574
0.8729879774, 0.7303570287
0.9364939887, 0.3651785144
0.9682469944, 0.6825892572
0.9841234972, 0.3412946286
0.9920617486, 0.1706473143
0.9960308743, 0.5853236571
0.4980154371, 0.2926618286
0.2490077186, 0.1463309143
0.1245038593, 0.0731654571
0.5622519296, 0.0365827286
0.2811259648, 0.0182913643
0.1405629824, 0.5091456821
0.0702814912, 0.2545728411
0.0351407456, 0.1272864205
0.5175703728, 0.0636432103
0.7587851864, 0.5318216051
0.8793925932, 0.7659108026
0.4396962966, 0.8829554013
0.2198481483, 0.4414777006
0.6099240742, 0.2207388503
0.3049620371, 0.1103694252
0.1524810185, 0.0551847126
0.5762405093, 0.0275923563
0.2881202546, 0.0137961781
0.1440601273, 0.0068980891
0.0720300637, 0.5034490445
0.0360150318, 0.2517245223
0.5180075159, 0.6258622611
0.2590037580, 0.3129311306
0.1295018790, 0.6564655653
0.0647509395, 0.3282327826
0.0323754697, 0.6641163913
0.5161877349, 0.3320581957
0.2580938674, 0.1660290978
0.6290469337, 0.0830145489
0.3145234669, 0.5415072745
0.1572617334, 0.2707536372
0.0786308667, 0.1353768186
0.5393154334, 0.5676884093
0.2696577167, 0.2838442047
0.6348288583, 0.6419221023
0.8174144292, 0.3209610512
0.9087072146, 0.1604805256
0.9543536073, 0.5802402628
0.9771768036, 0.7901201314
0.4885884018, 0.3950600657
0.7442942009, 0.6975300328
0.8721471005, 0.8487650164
0.4360735502, 0.4243825082
0.2180367751, 0.2121912541
0.1090183876, 0.6060956271
0.0545091938, 0.3030478135
0.0272545969, 0.1515239068
0.0136272984, 0.5757619534
0.0068136492, 0.2878809767
0.5034068246, 0.1439404883
0.7517034123, 0.0719702442
0.8758517062, 0.0359851221
0.9379258531, 0.0179925610
0.9689629265, 0.5089962805
0.4844814633, 0.2544981403
0.7422407316, 0.6272490701
0.3711203658, 0.3136245351
0.1855601829, 0.1568122675
0.0927800915, 0.5784061338
0.0463900457, 0.7892030669
0.0231950229, 0.8946015334
0.0115975114, 0.4473007667
0.0057987557, 0.2236503834
0.5028993779, 0.6118251917
0.2514496889, 0.3059125958
0.1257248445, 0.1529562979
0.5628624222, 0.0764781490
0.2814312111, 0.5382390745
0.6407156056, 0.2691195372
0.8203578028, 0.6345597686
0.4101789014, 0.3172798843
0.2050894507, 0.1586399422
0.6025447253, 0.0793199711
0.8012723627, 0.5396599855
0.9006361813, 0.2698299928
0.9503180907, 0.6349149964
0.4751590453, 0.8174574982
0.2375795227, 0.4087287491
0.6187897613, 0.2043643745
0.8093948807, 0.6021821873
0.9046974403, 0.3010910936
0.9523487202, 0.6505455468
0.9761743601, 0.3252727734
0.4880871800, 0.1626363867
0.2440435900, 0.0813181934
0.1220217950, 0.0406590967
0.5610108975, 0.0203295483
0.7805054488, 0.5101647742
0.8902527244, 0.7550823871
0.9451263622, 0.3775411935
0.9725631811, 0.1887705968
0.4862815905, 0.5943852984
0.7431407953, 0.2971926492
0.8715703976, 0.1485963246
0.9357851988, 0.5742981623
0.4678925994, 0.7871490811
0.7339462997, 0.3935745406
0.8669731499, 0.1967872703
0.9334865749, 0.0983936351
0.4667432875, 0.0491968176
0.2333716437, 0.5245984088
0.6166858219, 0.2622992044
0.8083429109, 0.6311496022
0.9041714555, 0.3155748011
0.4520857277, 0.1577874005
0.2260428639, 0.0788937003
0.6130214319, 0.0394468501
0.8065107160, 0.5197234251
0.4032553580, 0.2598617125
0.2016276790, 0.6299308563
0.6008138395, 0.3149654281
0.8004069197, 0.6574827141
0.4002034599, 0.3287413570
0.7001017299, 0.1643706785
0.8500508650, 0.5821853393
0.9250254325, 0.7910926696
0.4625127162, 0.3955463348
0.2312563581, 0.6977731674
0.1156281791, 0.8488865837
0.0578140895, 0.4244432919
0.0289070448, 0.2122216459
0.5144535224, 0.6061108230
0.7572267612, 0.3030554115
0.3786133806, 0.1515277057
0.1893066903, 0.0757638529
0.5946533451, 0.0378819264
0.7973266726, 0.5189409632
0.8986633363, 0.7594704816
0.9493316681, 0.8797352408
0.4746658341, 0.9398676204
0.2373329170, 0.4699338102
0.6186664585, 0.7349669051
0.8093332293, 0.8674834526
0.4046666146, 0.9337417263
0.7023333073, 0.4668708631
0.8511666537, 0.2334354316
0.4255833268, 0.6167177158
0.2127916634, 0.3083588579
0.6063958317, 0.1541794289
0.3031979159, 0.0770897145
0.6515989579, 0.0385448572
0.3257994790, 0.0192724286
0.1628997395, 0.0096362143
0.0814498697, 0.0048181072
0.0407249349, 0.0024090536
0.5203624674, 0.0012045268
0.2601812337, 0.5006022634
0.6300906169, 0.2503011317
0.8150453084, 0.1251505658
0.4075226542, 0.5625752829
0.2037613271, 0.2812876415
0.1018806636, 0.1406438207
0.5509403318, 0.5703219104
0.2754701659, 0.2851609552
0.6377350829, 0.1425804776
0.3188675415, 0.0712902388
0.6594337707, 0.5356451194
0.3297168854, 0.2678225597
0.1648584427, 0.1339112798
0.0824292213, 0.0669556399
0.0412146107, 0.0334778200
0.0206073053, 0.0167389100
0.5103036527, 0.5083694550
0.7551518263, 0.7541847275
0.3775759132, 0.3770923637
0.1887879566, 0.1885461819
0.0943939783, 0.0942730909
0.0471969891, 0.0471365455
0.5235984946, 0.5235682727
0.7617992473, 0.2617841364
0.3808996236, 0.1308920682
0.6904498118, 0.5654460341
0.8452249059, 0.2827230170
0.9226124530, 0.1413615085
0.4613062265, 0.0706807543
0.2306531132, 0.0353403771
0.1153265566, 0.0176701886
0.5576632783, 0.0088350943
0.2788316392, 0.5044175471
0.1394158196, 0.2522087736
0.5697079098, 0.6261043868
0.7848539549, 0.3130521934
0.8924269774, 0.1565260967
0.9462134887, 0.5782630483
0.4731067444, 0.2891315242
0.2365533722, 0.1445657621
0.6182766861, 0.0722828810
0.8091383430, 0.0361414405
0.9045691715, 0.5180707203
0.4522845858, 0.2590353601
0.2261422929, 0.1295176801
0.6130711464, 0.0647588400
0.8065355732, 0.5323794200
0.4032677866, 0.7661897100
0.7016338933, 0.3830948550
0.3508169467, 0.6915474275
0.1754084733, 0.8457737138
0.5877042367, 0.4228868569
0.2938521183, 0.2114434284
0.1469260592, 0.1057217142
0.5734630296, 0.0528608571
0.7867315148, 0.0264304286
0.3933657574, 0.0132152143
0.6966828787, 0.0066076071
0.3483414393, 0.5033038036
0.1741707197, 0.2516519018
0.0870853598, 0.6258259509
0.5435426799, 0.3129129754
0.2717713400, 0.1564564877
0.1358856700, 0.5782282439
0.5679428350, 0.7891141219
0.2839714175, 0.3945570610
0.6419857087, 0.6972785305
0.8209928544, 0.8486392652
0.4104964272, 0.4243196326
0.2052482136, 0.2121598163
0.6026241068, 0.1060799082
0.8013120534, 0.5530399541
0.4006560267, 0.7765199770
0.7003280133, 0.3882599885
0.3501640067, 0.6941299943
0.1750820033, 0.8470649971
0.5875410017, 0.4235324986
0.7937705008, 0.7117662493
0.8968852504, 0.3558831246
0.9484426252, 0.1779415623
0.4742213126, 0.0889707812
0.7371106563, 0.0444853906
0.3685553282, 0.5222426953
0.1842776641, 0.7611213476
0.5921388320, 0.3805606738
0.7960694160, 0.6902803369
0.3980347080, 0.3451401685
0.6990173540, 0.1725700842
0.8495086770, 0.5862850421
0.4247543385, 0.7931425211
0.2123771693, 0.3965712605
0.6061885846, 0.6982856303
0.8030942923, 0.8491428151
0.4015471462, 0.9245714076
0.2007735731, 0.4622857038
0.1003867865, 0.2311428519
0.0501933933, 0.1155714259
0.0250966966, 0.0577857130
0.5125483483, 0.0288928565
0.2562741742, 0.5144464282
0.1281370871, 0.2572232141
0.5640685435, 0.1286116071
0.7820342718, 0.5643058035
0.8910171359, 0.2821529018
0.9455085679, 0.6410764509
0.9727542840, 0.3205382254
0.9863771420, 0.6602691127
0.9931885710, 0.3301345564
0.4965942855, 0.1650672782
0.7482971427, 0.0825336391
0.8741485714, 0.5412668195
0.4370742857, 0.7706334098
0.2185371428, 0.3853167049
0.6092685714, 0.6926583524
0.8046342857, 0.8463291762
0.9023171429, 0.9231645881
0.4511585714, 0.4615822941
0.7255792857, 0.2307911470
0.3627896429, 0.1153955735
0.1813948214, 0.0576977868
0.0906974107, 0.5288488934
0.5453487054, 0.2644244467
0.7726743527, 0.6322122233
0.8863371763, 0.8161061117
0.4431685882, 0.9080530558
0.2215842941, 0.4540265279
0.6107921470, 0.2270132640
0.8053960735, 0.6135066320
0.9026980368, 0.8067533160
0.4513490184, 0.9033766580
0.7256745092, 0.4516883290
0.3628372546, 0.7258441645
0.1814186273, 0.3629220822
0.0907093136, 0.1814610411
0.0453546568, 0.0907305206
0.5226773284, 0.0453652603
0.2613386642, 0.5226826301
0.6306693321, 0.7613413151
0.8153346661, 0.8806706575
0.4076673330, 0.9403353288
0.2038336665, 0.9701676644
0.6019168333, 0.9850838322
0.8009584166, 0.4925419161
0.9004792083, 0.7462709580
0.9502396042, 0.8731354790
0.9751198021, 0.9365677395
0.9875599010, 0.4682838698
0.9937799505, 0.7341419349
0.9968899753, 0.3670709674
0.4984449876, 0.6835354837
0.7492224938, 0.3417677419
0.8746112469, 0.1708838709
0.9373056235, 0.0854419355
0.4686528117, 0.5427209677
0.2343264059, 0.2713604839
0.1171632029, 0.1356802419
0.0585816015, 0.5678401210
0.0292908007, 0.7839200605
0.0146454004, 0.3919600302
0.0073227002, 0.1959800151
0.0036613501, 0.0979900076
0.0018306750, 0.0489950038
0.5009153375, 0.0244975019
0.2504576688, 0.5122487509
0.6252288344, 0.2561243755
0.8126144172, 0.6280621877
0.9063072086, 0.8140310939
0.4531536043, 0.4070155469
0.2265768021, 0.2035077735
0.6132884011, 0.1017538867
0.3066442005, 0.0508769434
0.6533221003, 0.0254384717
0.3266610501, 0.5127192358
0.1633305251, 0.2563596179
0.0816652625, 0.1281798090
0.0408326313, 0.0640899045
0.5204163156, 0.0320449522
0.2602081578, 0.0160224761
0.6301040789, 0.5080112381
0.8150520395, 0.7540056190
0.4075260197, 0.3770028095
0.7037630099, 0.1885014048
0.3518815049, 0.0942507024
0.6759407525, 0.0471253512
0.3379703762, 0.0235626756
0.6689851881, 0.0117813378
0.3344925941, 0.0058906689
0.6672462970, 0.0029453344
0.8336231485, 0.5014726672
0.4168115743, 0.7507363336
0.2084057871, 0.3753681668
0.6042028936, 0.6876840834
0.8021014468, 0.3438420417
0.9010507234, 0.6719210209
0.9505253617, 0.8359605104
0.4752626808, 0.4179802552
0.7376313404, 0.7089901276
0.8688156702, 0.3544950638
0.9344078351, 0.1772475319
0.9672039176, 0.0886237660
0.9836019588, 0.0443118830
0.4918009794, 0.5221559415
0.7459004897, 0.7610779707
0.8729502448, 0.8805389854
0.9364751224, 0.9402694927
0.9682375612, 0.9701347463
0.4841187806, 0.4850673732
0.2420593903, 0.7425336866
0.1210296952, 0.3712668433
0.0605148476, 0.1856334216
0.5302574238, 0.0928167108
0.2651287119, 0.5464083554
0.1325643559, 0.7732041777
0.0662821780, 0.3866020889
0.0331410890, 0.6933010444
0.5165705445, 0.8466505222
0.2582852722, 0.9233252611
0.1291426361, 0.9616626306
0.0645713181, 0.9808313153
0.0322856590, 0.9904156576
0.0161428295, 0.4952078288
0.0080714148, 0.2476039144
0.5040357074, 0.1238019572
0.7520178537, 0.5619009786
0.3760089268, 0.2809504893
0.6880044634, 0.1404752447
0.8440022317, 0.5702376223
0.9220011159, 0.7851188112
0.4610005579, 0.3925594056
0.2305002790, 0.1962797028
0.1152501395, 0.5981398514
0.0576250697, 0.2990699257
0.5288125349, 0.6495349628
0.7644062674, 0.8247674814
0.3822031337, 0.9123837407
0.1911015669, 0.4561918704
0.5955507834, 0.7280959352
0.7977753917, 0.3640479676
0.8988876959, 0.1820239838
0.9494438479, 0.5910119919
0.4747219240, 0.7955059959
0.7373609620, 0.8977529980
0.8686804810, 0.9488764990
0.9343402405, 0.4744382495
0.4671701202, 0.7372191247
0.2335850601, 0.8686095624
0.6167925301, 0.9343047812
0.8083962650, 0.9671523906
0.9041981325, 0.4835761953
0.9520990663, 0.7417880976
0.9760495331, 0.3708940488
0.4880247666, 0.6854470244
0.2440123833, 0.8427235122
0.6220061916, 0.4213617561
0.3110030958, 0.7106808781
0.6555015479, 0.3553404390
0.3277507740, 0.1776702195
0.1638753870, 0.0888351098
0.5819376935, 0.0444175549
0.7909688467, 0.5222087774
0.8954844234, 0.7611043887
0.9477422117, 0.8805521944
0.9738711058, 0.9402760972
0.4869355529, 0.9701380486
0.2434677765, 0.4850690243
0.6217338882, 0.2425345121
0.3108669441, 0.1212672561
0.6554334721, 0.0606336280
0.8277167360, 0.5303168140
0.9138583680, 0.7651584070
0.4569291840, 0.3825792035
0.7284645920, 0.6912896018
0.8642322960, 0.3456448009
0.4321161480, 0.1728224004
0.2160580740, 0.0864112002
0.1080290370, 0.0432056001
0.0540145185, 0.0216028001
0.5270072593, 0.5108014000
0.7635036296, 0.7554007000
0.8817518148, 0.8777003500
0.9408759074, 0.4388501750
0.9704379537, 0.2194250875
0.9852189769, 0.1097125438
0.9926094884, 0.0548562719
0.4963047442, 0.5274281359
0.2481523721, 0.2637140680
0.6240761861, 0.1318570340
0.8120380930, 0.0659285170
0.4060190465, 0.5329642585
0.2030095233, 0.2664821292
0.1015047616, 0.1332410646
0.0507523808, 0.0666205323
0.5253761904, 0.0333102662
0.2626880952, 0.0166551331
0.1313440476, 0.5083275665
0.5656720238, 0.7541637833
0.7828360119, 0.8770818916
0.8914180060, 0.4385409458
0.4457090030, 0.2192704729
0.2228545015, 0.1096352365
0.6114272507, 0.0548176182
0.8057136254, 0.5274088091
0.9028568127, 0.7637044046
0.9514284063, 0.3818522023
0.9757142032, 0.6909261011
0.9878571016, 0.3454630506
0.9939285508, 0.1727315253
0.9969642754, 0.0863657626
0.9984821377, 0.5431828813
0.9992410688, 0.7715914407
0.4996205344, 0.3857957203
0.7498102672, 0.1928978602
0.3749051336, 0.5964489301
0.6874525668, 0.7982244650
0.8437262834, 0.8991122325
0.4218631417, 0.4495561163
0.2109315709, 0.2247780581
0.6054657854, 0.6123890291
0.3027328927, 0.3061945145
0.1513664464, 0.1530972573
0.0756832232, 0.5765486286
0.0378416116, 0.2882743143
0.0189208058, 0.1441371572
0.0094604029, 0.0720685786
0.0047302014, 0.0360342893
0.0023651007, 0.0180171446
0.5011825504, 0.5090085723
0.2505912752, 0.7545042862
0.1252956376, 0.3772521431
0.0626478188, 0.6886260715
0.5313239094, 0.3443130358
0.2656619547, 0.1721565179
0.6328309773, 0.5860782589
0.8164154887, 0.2930391295
0.9082077443, 0.1465195647
0.4541038722, 0.5732597824
0.7270519361, 0.2866298912
0.3635259680, 0.1433149456
0.6817629840, 0.5716574728
0.3408814920, 0.2858287364
0.1704407460, 0.1429143682
0.5852203730, 0.5714571841
0.7926101865, 0.2857285920
0.8963050933, 0.6428642960
0.9481525466, 0.8214321480
0.9740762733, 0.4107160740
0.9870381367, 0.2053580370
0.9935190683, 0.1026790185
0.9967595342, 0.0513395093
0.9983797671, 0.5256697546
0.4991898835, 0.2628348773
0.7495949418, 0.6314174387
0.3747974709, 0.3157087193
0.6873987354, 0.1578543597
0.8436993677, 0.5789271798
0.4218496839, 0.2894635899
0.7109248419, 0.1447317950
0.8554624210, 0.0723658975
0.9277312105, 0.0361829487
0.9638656052, 0.5180914744
0.9819328026, 0.7590457372
0.9909664013, 0.8795228686
0.4954832007, 0.4397614343
0.7477416003, 0.2198807171
0.3738708002, 0.6099403586
0.1869354001, 0.8049701793
0.5934677000, 0.9024850896
0.2967338500, 0.4512425448
0.1483669250, 0.2256212724
0.5741834625, 0.1128106362
0.7870917313, 0.5564053181
0.8935458656, 0.7782026591
0.9467729328, 0.8891013295
0.9733864664, 0.4445506648
0.9866932332, 0.7222753324
0.9933466166, 0.8611376662
0.4966733083, 0.4305688331
0.2483366542, 0.7152844165
0.6241683271, 0.3576422083
0.8120841635, 0.6788211041
0.4060420818, 0.3394105521
0.2030210409, 0.1697052760
0.1015105204, 0.0848526380
0.0507552602, 0.5424263190
0.5253776301, 0.7712131595
0.7626888151, 0.8856065798
0.3813444075, 0.4428032899
0.1906722038, 0.7214016449
0.0953361019, 0.3607008225
0.5476680509, 0.6803504112
0.7738340255, 0.3401752056
0.3869170127, 0.1700876028
0.6934585064, 0.5850438014
0.3467292532, 0.7925219007
0.6733646266, 0.3962609504
0.8366823133, 0.1981304752
0.4183411566, 0.5990652376
0.7091705783, 0.2995326188
0.3545852892, 0.6497663094
0.1772926446, 0.3248831547
0.5886463223, 0.6624415773
0.7943231611, 0.3312207887
0.3971615806, 0.1656103943
0.1985807903, 0.0828051972
0.0992903951, 0.0414025986
0.5496451976, 0.5207012993
0.2748225988, 0.7603506496
0.1374112994, 0.3801753248
0.0687056497, 0.1900876624
0.5343528248, 0.5950438312
0.2671764124, 0.2975219156
0.1335882062, 0.6487609578
0.0667941031, 0.3243804789
0.5333970516, 0.1621902395
0.2666985258, 0.5810951197
0.6333492629, 0.7905475599
0.8166746314, 0.3952737799
0.4083373157, 0.1976368900
0.7041686579, 0.5988184450
0.3520843289, 0.7994092225
0.1760421645, 0.3997046112
0.0880210822, 0.1998523056
0.5440105411, 0.0999261528
0.2720052706, 0.0499630764
0.1360026353, 0.0249815382
0.0680013176, 0.5124907691
0.5340006588, 0.2562453846
0.7670003294, 0.6281226923
0.3835001647, 0.3140613461
0.1917500824, 0.6570306731
0.5958750412, 0.3285153365
0.7979375206, 0.6642576683
0.8989687603, 0.8321288341
0.9494843801, 0.4160644171
0.4747421901, 0.7080322085
0.2373710950, 0.3540161043
0.6186855475, 0.6770080521
0.8093427738, 0.8385040261
0.4046713869, 0.4192520130
0.7023356934, 0.2096260065
0.3511678467, 0.1048130033
0.6755839234, 0.0524065016
0.3377919617, 0.0262032508
0.6688959808, 0.5131016254
0.8344479904, 0.2565508127
0.9172239952, 0.6282754064
0.9586119976, 0.8141377032
0.9793059988, 0.9070688516
0.4896529994, 0.4535344258
0.7448264997, 0.7267672129
0.8724132499, 0.3633836064
0.9362066249, 0.1816918032
0.9681033125, 0.0908459016
0.9840516562, 0.0454229508
0.9920258281, 0.5227114754
0.9960129141, 0.2613557377
0.4980064570, 0.6306778689
0.2490032285, 0.8153389344
0.1245016143, 0.4076694672
0.5622508071, 0.7038347336
0.2811254036, 0.8519173668
0.1405627018, 0.4259586834
0.5702813509, 0.2129793417
0.2851406754, 0.6064896709
0.1425703377, 0.8032448354
0.0712851689, 0.4016224177
0.5356425844, 0.7008112089
0.2678212922, 0.3504056044
0.1339106461, 0.1752028022
0.5669553231, 0.0876014011
0.7834776615, 0.0438007006
0.3917388308, 0.0219003503
0.1958694154, 0.0109501751
0.0979347077, 0.5054750876
0.0489673538, 0.2527375438
0.5244836769, 0.6263687719
0.7622418385, 0.8131843859
0.3811209192, 0.4065921930
0.6905604596, 0.2032960965
0.8452802298, 0.1016480482
0.4226401149, 0.0508240241
0.7113200575, 0.5254120121
0.3556600287, 0.2627060060
0.6778300144, 0.1313530030
0.8389150072, 0.0656765015
0.9194575036, 0.5328382508
0.4597287518, 0.7664191254
0.2298643759, 0.3832095627
0.6149321879, 0.1916047813
0.8074660940, 0.5958023907
0.4037330470, 0.2979011953
0.7018665235, 0.6489505977
0.3509332617, 0.3244752988
0.1754666309, 0.6622376494
0.0877333154, 0.8311188247
0.5438666577, 0.4155594124
0.7719333289, 0.2077797062
0.8859666644, 0.6038898531
0.9429833322, 0.3019449265
0.9714916661, 0.1509724633
0.9857458331, 0.0754862316
0.4928729165, 0.5377431158
0.7464364583, 0.2688715579
0.8732182291, 0.6344357790
0.9366091146, 0.8172178895
0.9683045573, 0.9086089447
0.9841522786, 0.4543044724
0.9920761393, 0.2271522362
0.9960380697, 0.6135761181
0.4980190348, 0.3067880590
0.7490095174, 0.6533940295
0.3745047587, 0.8266970148
0.6872523794, 0.4133485074
0.3436261897, 0.2066742537
0.1718130948, 0.1033371268
0.5859065474, 0.0516685634
0.2929532737, 0.5258342817
0.1464766369, 0.2629171409
0.5732383184, 0.6314585704
0.2866191592, 0.3157292852
0.6433095796, 0.6578646426
0.8216547898, 0.8289323213
0.9108273949, 0.9144661607
0.4554136975, 0.9572330803
0.7277068487, 0.9786165402
0.8638534244, 0.9893082701
0.4319267122, 0.9946541350
0.2159633561, 0.9973270675
0.1079816780, 0.9986635338
0.0539908390, 0.4993317669
0.0269954195, 0.2496658834
0.0134977098, 0.1248329417
0.5067488549, 0.5624164709
0.2533744274, 0.2812082354
0.1266872137, 0.1406041177
0.0633436069, 0.0703020589
0.0316718034, 0.0351510294
0.5158359017, 0.0175755147
0.2579179509, 0.0087877574
0.1289589754, 0.5043938787
0.0644794877, 0.2521969393
0.0322397439, 0.1260984697
0.5161198719, 0.0630492348
0.7580599360, 0.0315246174
0.8790299680, 0.0157623087
0.9395149840, 0.5078811544
0.9697574920, 0.7539405772
0.4848787460, 0.3769702886
0.2424393730, 0.6884851443
0.6212196865, 0.3442425721
0.3106098432, 0.1721212861
0.6553049216, 0.5860606430
0.8276524608, 0.2930303215
0.9138262304, 0.6465151608
0.9569131152, 0.8232575804
0.9784565576, 0.9116287902
0.4892282788, 0.4558143951
0.7446141394, 0.7279071975
0.3723070697, 0.8639535988
0.1861535349, 0.4319767994
0.5930767674, 0.7159883997
0.2965383837, 0.8579941998
0.1482691919, 0.4289970999
0.5741345959, 0.2144985500
0.2870672980, 0.1072492750
0.6435336490, 0.0536246375
0.3217668245, 0.5268123187
0.1608834122, 0.7634061594
0.5804417061, 0.3817030797
0.7902208531, 0.1908515398
0.8951104265, 0.0954257699
0.9475552133, 0.0477128850
0.9737776066, 0.5238564425
0.9868888033, 0.2619282212
0.9934444017, 0.6309641106
0.9967222008, 0.8154820553
0.9983611004, 0.4077410277
0.9991805502, 0.7038705138
0.9995902751, 0.3519352569
0.4997951376, 0.1759676285
0.7498975688, 0.5879838142
0.3749487844, 0.2939919071
0.6874743922, 0.1469959536
0.3437371961, 0.0734979768
0.6718685980, 0.5367489884
0.8359342990, 0.2683744942
0.9179671495, 0.6341872471
0.4589835748, 0.3170936235
0.2294917874, 0.6585468118
0.1147458937, 0.3292734059
0.0573729468, 0.6646367029
0.5286864734, 0.3323183515
0.7643432367, 0.6661591757
0.8821716184, 0.3330795879
0.9410858092, 0.6665397939
0.9705429046, 0.8332698970
0.9852714523, 0.9166349485
0.9926357261, 0.4583174742
0.9963178631, 0.2291587371
0.9981589315, 0.6145793686
0.9990794658, 0.8072896843
0.9995397329, 0.4036448421
0.4997698664, 0.7018224211
0.7498849332, 0.3509112105
0.8749424666, 0.1754556053
0.9374712333, 0.5877278026
0.9687356167, 0.7938639013
0.4843678083, 0.8969319507
0.2421839042, 0.9484659753
0.1210919521, 0.4742329877
0.5605459760, 0.7371164938
0.2802729880, 0.3685582469
0.1401364940, 0.6842791235
0.5700682470, 0.8421395617
0.7850341235, 0.9210697809
0.8925170618, 0.4605348904
0.9462585309, 0.7302674452
0.4731292654, 0.8651337226
0.7365646327, 0.4325668613
0.8682823164, 0.7162834307
0.4341411582, 0.3581417153
0.7170705791, 0.6790708577
0.8585352895, 0.3395354288
0.9292676448, 0.1697677144
0.9646338224, 0.5848838572
0.4823169112, 0.7924419286
0.2411584556, 0.8962209643
0.1205792278, 0.4481104822
0.5602896139, 0.2240552411
0.7801448069, 0.1120276205
0.3900724035, 0.5560138103
0.1950362017, 0.2780069051
0.0975181009, 0.6390034526
0.0487590504, 0.8195017263
0.0243795252, 0.4097508631
0.5121897626, 0.2048754316
0.7560948813, 0.1024377158
0.8780474407, 0.5512188579
0.4390237203, 0.2756094289
0.2195118602, 0.6378047145
0.1097559301, 0.3189023572
0.0548779650, 0.1594511786
0.5274389825, 0.5797255893
0.7637194913, 0.2898627947
0.3818597456, 0.1449313973
0.6909298728, 0.5724656987
