0.2500000000, 0.2500000000
0.6250000000, 0.6250000000
0.8125000000, 0.3125000000
0.9062500000, 0.1562500000
0.4531250000, 0.5781250000
0.2265625000, 0.2890625000
0.1132812500, 0.1445312500
0.0566406250, 0.0722656250
0.0283203125, 0.0361328125
0.5141601562, 0.0180664062
0.7570800781, 0.5090332031
0.3785400391, 0.2545166016
0.1892700195, 0.1272583008
0.5946350098, 0.0636291504
0.2973175049, 0.5318145752
0.1486587524, 0.7659072876
0.0743293762, 0.3829536438
0.0371646881, 0.1914768219
0.0185823441, 0.0957384109
0.5092911720, 0.0478692055
0.2546455860, 0.5239346027
0.1273227930, 0.2619673014
0.0636613965, 0.1309836507
0.0318306983, 0.0654918253
0.0159153491, 0.0327459127
0.5079576746, 0.5163729563
0.2539788373, 0.2581864782
0.6269894186, 0.1290932391
0.3134947093, 0.0645466195
0.1567473547, 0.0322733098
0.5783736773, 0.0161366549
0.2891868387, 0.0080683274
0.1445934193, 0.0040341637
0.0722967097, 0.5020170819
0.5361483548, 0.2510085409
0.2680741774, 0.1255042705
0.6340370887, 0.0627521352
0.8170185444, 0.0313760676
0.9085092722, 0.5156880338
0.9542546361, 0.7578440169
0.9771273180, 0.8789220085
0.9885636590, 0.4394610042
0.4942818295, 0.7197305021
0.2471409148, 0.3598652511
0.1235704574, 0.1799326255
0.5617852287, 0.0899663128
0.2808926143, 0.5449831564
0.6404463072, 0.2724915782
0.8202231536, 0.6362457891
0.4101115768, 0.8181228945
0.2050557884, 0.4090614473
0.6025278942, 0.2045307236
0.8012639471, 0.6022653618
0.9006319735, 0.8011326809
0.4503159868, 0.9005663405
0.2251579934, 0.4502831702
0.1125789967, 0.2251415851
0.5562894983, 0.1125707926
0.7781447492, 0.0562853963
0.8890723746, 0.5281426981
0.9445361873, 0.7640713491
0.4722680936, 0.3820356745
0.7361340468, 0.6910178373
0.8680670234, 0.3455089186
0.4340335117, 0.6727544593
0.2170167559, 0.3363772297
0.6085083779, 0.1681886148
0.3042541890, 0.0840943074
0.1521270945, 0.0420471537
0.5760635472, 0.5210235769
0.2880317736, 0.7605117884
0.1440158868, 0.8802558942
0.5720079434, 0.4401279471
0.7860039717, 0.7200639736
0.8930019859, 0.8600319868
0.9465009929, 0.4300159934
0.9732504965, 0.7150079967
0.9866252482, 0.3575039983
0.9933126241, 0.1787519992
0.4966563121, 0.0893759996
0.2483281560, 0.5446879998
0.1241640780, 0.2723439999
0.0620820390, 0.1361719999
0.0310410195, 0.0680860000
0.5155205098, 0.0340430000
0.7577602549, 0.0170215000
0.8788801274, 0.5085107500
0.9394400637, 0.7542553750
0.4697200319, 0.3771276875
0.2348600159, 0.1885638437
0.1174300080, 0.0942819219
0.5587150040, 0.0471409609
0.2793575020, 0.0235704805
0.6396787510, 0.0117852402
0.3198393755, 0.0058926201
0.1599196877, 0.0029463101
0.5799598439, 0.0014731550
0.2899799219, 0.5007365775
0.6449899610, 0.2503682888
0.3224949805, 0.6251841444
0.1612474902, 0.3125920722
0.0806237451, 0.1562960361
0.5403118726, 0.0781480180
0.2701559363, 0.0390740090
0.6350779681, 0.0195370045
0.8175389841, 0.5097685023
0.9087694920, 0.7548842511
0.9543847460, 0.8774421256
0.9771923730, 0.4387210628
0.9885961865, 0.2193605314
0.4942980933, 0.1096802657
0.7471490466, 0.5548401328
0.3735745233, 0.7774200664
0.1867872617, 0.8887100332
0.0933936308, 0.4443550166
0.5466968154, 0.2221775083
0.7733484077, 0.1110887542
0.3866742039, 0.5555443771
0.1933371019, 0.2777721885
0.0966685510, 0.1388860943
0.5483342755, 0.0694430471
0.7741671377, 0.0347215236
0.3870835689, 0.5173607618
0.1935417844, 0.2586803809
0.0967708922, 0.1293401904
0.0483854461, 0.0646700952
0.0241927231, 0.5323350476
0.5120963615, 0.2661675238
0.7560481808, 0.6330837619
0.8780240904, 0.8165418810
0.4390120452, 0.4082709405
0.2195060226, 0.2041354702
0.1097530113, 0.1020677351
0.5548765056, 0.0510338676
0.2774382528, 0.5255169338
0.1387191264, 0.2627584669
0.5693595632, 0.6313792334
0.2846797816, 0.3156896167
0.1423398908, 0.1578448084
0.0711699454, 0.5789224042
0.0355849727, 0.7894612021
0.0177924864, 0.3947306010
0.0088962432, 0.6973653005
0.0044481216, 0.8486826503
0.0022240608, 0.9243413251
0.0011120304, 0.9621706626
0.5005560152, 0.9810853313
0.2502780076, 0.4905426656
0.1251390038, 0.2452713328
0.0625695019, 0.1226356664
0.5312847509, 0.0613178332
0.2656423755, 0.0306589166
0.6328211877, 0.0153294583
0.8164105939, 0.5076647292
0.4082052969, 0.7538323646
0.2041026485, 0.3769161823
0.1020513242, 0.1884580911
0.5510256621, 0.0942290456
0.2755128311, 0.5471145228
0.1377564155, 0.2735572614
0.0688782078, 0.1367786307
0.0344391039, 0.0683893153
0.5172195519, 0.5341946577
0.7586097760, 0.2670973288
0.8793048880, 0.6335486644
0.9396524440, 0.3167743322
0.4698262220, 0.6583871661
0.2349131110, 0.3291935831
0.6174565555, 0.1645967915
0.8087282777, 0.0822983958
0.4043641389, 0.0411491979
0.2021820694, 0.5205745989
0.1010910347, 0.7602872995
0.5505455174, 0.3801436497
0.2752727587, 0.1900718249
0.6376363793, 0.0950359124
0.8188181897, 0.5475179562
0.4094090948, 0.2737589781
0.2047045474, 0.1368794891
0.1023522737, 0.0684397445
0.0511761369, 0.0342198723
0.0255880684, 0.5171099361
0.0127940342, 0.2585549681
0.0063970171, 0.1292774840
0.5031985086, 0.0646387420
0.2515992543, 0.0323193710
0.1257996271, 0.5161596855
0.5628998136, 0.2580798428
0.7814499068, 0.1290399214
0.8907249534, 0.5645199607
0.9453624767, 0.7822599803
0.9726812383, 0.8911299902
0.9863406192, 0.4455649951
0.9931703096, 0.7227824975
0.4965851548, 0.3613912488
0.2482925774, 0.1806956244
0.6241462887, 0.0903478122
0.3120731443, 0.5451739061
0.1560365722, 0.2725869530
0.0780182861, 0.1362934765
0.0390091430, 0.0681467383
0.0195045715, 0.5340733691
0.0097522858, 0.2670366846
0.5048761429, 0.1335183423
0.2524380714, 0.0667591711
0.1262190357, 0.5333795856
0.0631095179, 0.2666897928
0.5315547589, 0.1333448964
0.2657773795, 0.5666724482
0.1328886897, 0.2833362241
0.0664443449, 0.1416681120
0.0332221724, 0.5708340560
0.0166110862, 0.2854170280
0.5083055431, 0.1427085140
0.2541527716, 0.0713542570
0.1270763858, 0.0356771285
0.5635381929, 0.5178385643
0.2817690964, 0.7589192821
0.1408845482, 0.3794596411
0.0704422741, 0.1897298205
0.5352211371, 0.0948649103
0.2676105685, 0.0474324551
0.1338052843, 0.5237162276
0.0669026421, 0.7618581138
0.0334513211, 0.3809290569
0.0167256605, 0.1904645284
0.5083628303, 0.0952322642
0.7541814151, 0.0476161321
0.8770907076, 0.0238080661
0.4385453538, 0.0119040330
0.2192726769, 0.0059520165
0.6096363384, 0.0029760083
0.8048181692, 0.0014880041
0.9024090846, 0.5007440021
0.4512045423, 0.7503720010
0.2256022712, 0.3751860005
0.6128011356, 0.6875930003
0.3064005678, 0.3437965001
0.1532002839, 0.1718982501
0.0766001419, 0.5859491250
0.0383000710, 0.2929745625
0.5191500355, 0.6464872813
0.7595750177, 0.8232436406
0.3797875089, 0.9116218203
0.6898937544, 0.4558109102
0.8449468772, 0.7279054551
0.9224734386, 0.3639527275
0.4612367193, 0.1819763638
0.7306183597, 0.5909881819
0.3653091798, 0.7954940909
0.6826545899, 0.3977470455
0.3413272950, 0.6988735227
0.1706636475, 0.8494367614
0.0853318237, 0.4247183807
0.5426659119, 0.7123591903
0.7713329559, 0.3561795952
0.3856664780, 0.1780897976
0.1928332390, 0.0890448988
0.0964166195, 0.5445224494
0.0482083097, 0.2722612247
0.0241041549, 0.6361306123
0.5120520774, 0.3180653062
0.2560260387, 0.1590326531
0.6280130194, 0.5795163265
0.3140065097, 0.7897581633
0.1570032548, 0.3948790816
0.5785016274, 0.6974395408
0.7892508137, 0.8487197704
0.3946254069, 0.9243598852
0.1973127034, 0.4621799426
0.0986563517, 0.2310899713
0.5493281759, 0.1155449857
0.7746640879, 0.0577724928
0.3873320440, 0.5288862464
0.1936660220, 0.7644431232
0.5968330110, 0.3822215616
0.2984165055, 0.6911107808
0.6492082527, 0.3455553904
0.3246041264, 0.6727776952
0.6623020632, 0.3363888476
0.3311510316, 0.6681944238
0.6655755158, 0.3340972119
0.8327877579, 0.6670486060
0.9163938789, 0.3335243030
0.4581969395, 0.6667621515
0.2290984697, 0.8333810757
0.1145492349, 0.9166905379
0.0572746174, 0.4583452689
0.5286373087, 0.2291726345
0.2643186544, 0.6145863172
0.1321593272, 0.3072931586
0.5660796636, 0.6536465793
0.7830398318, 0.3268232897
0.8915199159, 0.6634116448
0.9457599579, 0.8317058224
0.9728799790, 0.9158529112
0.9864399895, 0.4579264556
0.9932199947, 0.7289632278
0.9966099974, 0.8644816139
0.9983049987, 0.9322408070
0.4991524993, 0.9661204035
0.7495762497, 0.4830602017
0.3747881248, 0.2415301009
0.6873940624, 0.1207650504
0.3436970312, 0.0603825252
0.6718485156, 0.0301912626
0.3359242578, 0.0150956313
0.1679621289, 0.5075478157
0.0839810645, 0.2537739078
0.5419905322, 0.6268869539
0.2709952661, 0.8134434770
0.1354976331, 0.4067217385
0.0677488165, 0.2033608692
0.5338744083, 0.6016804346
0.7669372041, 0.8008402173
0.3834686021, 0.4004201087
0.6917343010, 0.2002100543
0.3458671505, 0.1001050272
0.1729335753, 0.0500525136
0.5864667876, 0.0250262568
0.7932333938, 0.5125131284
0.8966166969, 0.7562565642
0.9483083485, 0.3781282821
0.4741541742, 0.1890641410
0.7370770871, 0.0945320705
0.3685385436, 0.0472660353
0.1842692718, 0.0236330176
0.5921346359, 0.5118165088
0.7960673179, 0.7559082544
0.3980336590, 0.3779541272
0.6990168295, 0.1889770636
0.3495084147, 0.0944885318
0.6747542074, 0.5472442659
0.8373771037, 0.7736221330
0.9186885518, 0.3868110665
0.9593442759, 0.1934055332
0.4796721380, 0.5967027666
0.2398360690, 0.7983513833
0.1199180345, 0.3991756917
0.0599590172, 0.1995878458
0.5299795086, 0.5997939229
0.7649897543, 0.7998969615
0.8824948772, 0.8999484807
0.4412474386, 0.4499742404
0.7206237193, 0.7249871202
0.3603118596, 0.3624935601
0.6801559298, 0.1812467800
0.8400779649, 0.5906233900
0.9200389825, 0.2953116950
0.4600194912, 0.1476558475
0.7300097456, 0.0738279238
0.8650048728, 0.0369139619
0.9325024364, 0.0184569809
0.9662512182, 0.5092284905
0.9831256091, 0.2546142452
0.4915628046, 0.6273071226
0.2457814023, 0.3136535613
0.6228907011, 0.1568267807
0.3114453506, 0.5784133903
0.1557226753, 0.2892066952
0.5778613376, 0.6446033476
0.2889306688, 0.3223016738
0.6444653344, 0.6611508369
0.3222326672, 0.3305754184
0.6611163336, 0.6652877092
0.3305581668, 0.8326438546
0.1652790834, 0.9163219273
0.5826395417, 0.4581609637
0.7913197709, 0.2290804818
0.8956598854, 0.1145402409
0.9478299427, 0.0572701205
0.4739149714, 0.0286350602
0.7369574857, 0.0143175301
0.8684787428, 0.0071587651
0.9342393714, 0.0035793825
0.4671196857, 0.5017896913
0.2335598429, 0.2508948456
0.6167799214, 0.1254474228
0.8083899607, 0.5627237114
0.4041949804, 0.7813618557
0.7020974902, 0.3906809279
0.3510487451, 0.6953404639
0.6755243725, 0.3476702320
0.3377621863, 0.6738351160
0.1688810931, 0.3369175580
0.0844405466, 0.6684587790
0.5422202733, 0.3342293895
0.7711101366, 0.1671146947
0.8855550683, 0.5835573474
0.9427775342, 0.7917786737
0.4713887671, 0.3958893368
0.2356943835, 0.1979446684
0.6178471918, 0.0989723342
0.8089235959, 0.5494861671
0.4044617979, 0.7747430836
0.2022308990, 0.3873715418
0.6011154495, 0.6936857709
0.8005577247, 0.8468428854
0.4002788624, 0.4234214427
0.2001394312, 0.7117107214
0.6000697156, 0.3558553607
0.8000348578, 0.1779276803
0.9000174289, 0.0889638402
0.4500087144, 0.5444819201
0.7250043572, 0.2722409600
0.8625021786, 0.1361204800
0.9312510893, 0.0680602400
0.4656255447, 0.5340301200
0.7328127723, 0.2670150600
0.3664063862, 0.1335075300
0.1832031931, 0.0667537650
0.0916015965, 0.5333768825
0.5458007983, 0.2666884413
0.2729003991, 0.6333442206
0.1364501996, 0.3166721103
0.0682250998, 0.1583360552
0.5341125499, 0.5791680276
0.7670562749, 0.7895840138
0.8835281375, 0.8947920069
0.9417640687, 0.9473960034
0.4708820344, 0.9736980017
0.2354410172, 0.9868490009
0.6177205086, 0.4934245004
0.8088602543, 0.2467122502
0.9044301271, 0.6233561251
0.9522150636, 0.3116780626
0.9761075318, 0.1558390313
0.9880537659, 0.5779195156
0.4940268829, 0.2889597578
0.2470134415, 0.1444798789
0.6235067207, 0.0722399395
0.8117533604, 0.5361199697
0.4058766802, 0.2680599849
0.2029383401, 0.6340299924
0.1014691700, 0.3170149962
0.0507345850, 0.1585074981
0.5253672925, 0.5792537491
0.2626836463, 0.7896268745
0.1313418231, 0.3948134373
0.5656709116, 0.1974067186
0.7828354558, 0.0987033593
0.3914177279, 0.5493516797
0.1957088639, 0.7746758398
0.0978544320, 0.3873379199
0.0489272160, 0.1936689600
0.5244636080, 0.0968344800
0.7622318040, 0.5484172400
0.8811159020, 0.7742086200
0.4405579510, 0.3871043100
0.2202789755, 0.1935521550
0.1101394877, 0.5967760775
0.0550697439, 0.7983880387
0.5275348719, 0.8991940194
0.7637674360, 0.4495970097
0.8818837180, 0.2247985048
0.4409418590, 0.1123992524
0.2204709295, 0.0561996262
0.1102354647, 0.0280998131
0.5551177324, 0.5140499066
0.2775588662, 0.2570249533
0.1387794331, 0.6285124766
0.0693897165, 0.3142562383
0.5346948583, 0.6571281192
0.2673474291, 0.3285640596
0.1336737146, 0.1642820298
0.5668368573, 0.5821410149
0.2834184286, 0.7910705074
0.1417092143, 0.8955352537
0.0708546072, 0.9477676269
0.5354273036, 0.4738838134
0.7677136518, 0.2369419067
0.3838568259, 0.1184709534
0.6919284129, 0.0592354767
0.3459642065, 0.0296177383
0.6729821032, 0.5148088692
0.3364910516, 0.2574044346
0.1682455258, 0.1287022173
0.0841227629, 0.5643511086
0.0420613815, 0.7821755543
0.0210306907, 0.8910877772
0.5105153454, 0.4455438886
0.2552576727, 0.2227719443
0.1276288363, 0.1113859721
0.5638144182, 0.0556929861
0.7819072091, 0.5278464930
0.3909536045, 0.2639232465
0.6954768023, 0.6319616233
0.3477384011, 0.8159808116
0.6738692006, 0.4079904058
0.8369346003, 0.7039952029
0.9184673001, 0.3519976015
0.4592336501, 0.6759988007
0.2296168250, 0.8379994004
0.6148084125, 0.4189997002
0.8074042063, 0.7094998501
0.9037021031, 0.3547499250
0.9518510516, 0.1773749625
0.9759255258, 0.5886874813
0.9879627629, 0.7943437406
0.9939813814, 0.3971718703
0.9969906907, 0.6985859352
0.4984953454, 0.3492929676
0.2492476727, 0.1746464838
0.6246238363, 0.5873232419
0.3123119182, 0.7936616209
0.6561559591, 0.3968308105
0.3280779795, 0.6984154052
0.1640389898, 0.8492077026
0.5820194949, 0.4246038513
0.7910097474, 0.2123019257
0.3955048737, 0.6061509628
0.6977524369, 0.3030754814
0.3488762184, 0.6515377407
0.1744381092, 0.8257688704
0.0872190546, 0.4128844352
0.5436095273, 0.2064422176
0.2718047637, 0.1032211088
0.1359023818, 0.5516105544
0.0679511909, 0.2758052772
0.0339755955, 0.1379026386
0.5169877977, 0.0689513193
0.7584938989, 0.0344756596
0.3792469494, 0.5172378298
0.1896234747, 0.2586189149
0.0948117374, 0.1293094575
0.5474058687, 0.5646547287
0.7737029343, 0.7823273644
0.8868514672, 0.3911636822
0.9434257336, 0.1955818411
0.9717128668, 0.0977909205
0.9858564334, 0.5488954603
0.4929282167, 0.2744477301
0.7464641083, 0.6372238651
0.8732320542, 0.3186119325
0.4366160271, 0.6593059663
0.7183080135, 0.3296529831
0.8591540068, 0.6648264916
0.9295770034, 0.3324132458
0.9647885017, 0.1662066229
0.9823942508, 0.5831033114
0.4911971254, 0.7915516557
0.7455985627, 0.3957758279
0.8727992814, 0.1978879139
0.9363996407, 0.5989439570
0.9681998203, 0.7994719785
0.9840999102, 0.3997359892
0.4920499551, 0.6998679946
0.2460249775, 0.3499339973
0.6230124888, 0.6749669987
0.3115062444, 0.8374834993
0.1557531222, 0.4187417497
0.0778765611, 0.2093708748
0.5389382805, 0.6046854374
0.7694691403, 0.3023427187
0.8847345701, 0.6511713594
0.4423672851, 0.8255856797
0.7211836425, 0.4127928398
0.8605918213, 0.2063964199
0.9302959106, 0.6031982100
0.9651479553, 0.3015991050
0.4825739777, 0.6507995525
0.2412869888, 0.3253997762
0.6206434944, 0.1626998881
0.8103217472, 0.5813499441
0.4051608736, 0.2906749720
0.7025804368, 0.1453374860
0.8512902184, 0.5726687430
0.9256451092, 0.7863343715
0.4628225546, 0.8931671858
0.2314112773, 0.4465835929
0.6157056387, 0.2232917964
0.8078528193, 0.1116458982
0.4039264097, 0.0558229491
0.7019632048, 0.5279114746
0.8509816024, 0.2639557373
0.9254908012, 0.1319778686
0.9627454006, 0.5659889343
0.9813727003, 0.7829944672
0.9906863502, 0.3914972336
0.9953431751, 0.1957486168
0.9976715875, 0.5978743084
0.4988357938, 0.2989371542
0.2494178969, 0.6494685771
0.1247089484, 0.3247342885
0.0623544742, 0.1623671443
0.5311772371, 0.0811835721
0.7655886186, 0.0405917861
0.8827943093, 0.5202958930
0.9413971546, 0.7601479465
0.9706985773, 0.3800739733
0.4853492887, 0.1900369866
0.7426746443, 0.0950184933
0.8713373222, 0.0475092467
0.9356686611, 0.0237546233
0.4678343305, 0.5118773117
0.2339171653, 0.7559386558
0.6169585826, 0.8779693279
0.8084792913, 0.9389846640
0.4042396457, 0.9694923320
0.2021198228, 0.9847461660
0.1010599114, 0.9923730830
0.0505299557, 0.4961865415
0.5252649779, 0.7480932707
0.2626324889, 0.3740466354
0.1313162445, 0.6870233177
0.0656581222, 0.3435116588
0.0328290611, 0.1717558294
0.5164145306, 0.0858779147
0.7582072653, 0.5429389574
0.8791036326, 0.7714694787
0.9395518163, 0.8857347393
0.9697759082, 0.9428673697
0.4848879541, 0.9714336848
0.7424439770, 0.9857168424
0.8712219885, 0.9928584212
0.9356109943, 0.4964292106
0.9678054971, 0.7482146053
0.9839027486, 0.8741073027
0.4919513743, 0.9370536513
0.7459756871, 0.4685268257
0.8729878436, 0.7342634128
0.9364939218, 0.3671317064
0.4682469609, 0.1835658532
0.7341234804, 0.0917829266
0.8670617402, 0.0458914633
0.9335308701, 0.5229457317
0.4667654351, 0.2614728658
0.2333827175, 0.1307364329
0.1166913588, 0.0653682165
0.5583456794, 0.0326841082
0.2791728397, 0.0163420541
0.1395864198, 0.5081710271
0.0697932099, 0.2540855135
0.0348966050, 0.1270427568
0.5174483025, 0.0635213784
0.7587241512, 0.5317606892
0.8793620756, 0.7658803446
0.4396810378, 0.8829401723
0.2198405189, 0.4414700861
0.6099202595, 0.2207350431
0.3049601297, 0.1103675215
0.1524800649, 0.0551837608
0.5762400324, 0.0275918804
0.2881200162, 0.0137959402
0.1440600081, 0.0068979701
0.0720300041, 0.5034489850
0.0360150020, 0.2517244925
0.5180075010, 0.6258622463
0.2590037505, 0.3129311231
0.6295018753, 0.1564655616
0.3147509376, 0.0782327808
0.1573754688, 0.5391163904
0.5786877344, 0.2695581952
0.2893438672, 0.1347790976
0.6446719336, 0.0673895488
0.8223359668, 0.0336947744
0.4111679834, 0.0168473872
0.2055839917, 0.0084236936
0.6027919959, 0.5042118468
0.3013959979, 0.2521059234
0.6506979990, 0.6260529617
0.8253489995, 0.3130264808
0.9126744997, 0.1565132404
0.9563372499, 0.5782566202
0.9781686249, 0.7891283101
0.4890843125, 0.3945641551
0.7445421562, 0.6972820775
0.3722710781, 0.3486410388
0.1861355391, 0.1743205194
0.0930677695, 0.0871602597
0.0465338848, 0.5435801298
0.0232669424, 0.2717900649
0.0116334712, 0.1358950325
0.5058167356, 0.0679475162
0.2529083678, 0.0339737581
0.6264541839, 0.0169868791
0.3132270919, 0.0084934395
0.6566135460, 0.0042467198
0.8283067730, 0.0021233599
0.9141533865, 0.5010616799
0.4570766932, 0.2505308400
0.7285383466, 0.6252654200
0.3642691733, 0.3126327100
0.1821345867, 0.1563163550
0.0910672933, 0.5781581775
0.0455336467, 0.2890790887
0.0227668233, 0.6445395444
0.0113834117, 0.3222697722
0.0056917058, 0.1611348861
0.5028458529, 0.5805674430
0.2514229265, 0.2902837215
0.6257114632, 0.6451418608
0.8128557316, 0.3225709304
0.4064278658, 0.6612854652
0.7032139329, 0.3306427326
0.8516069665, 0.6653213663
0.4258034832, 0.3326606831
0.2129017416, 0.1663303416
0.6064508708, 0.0831651708
0.8032254354, 0.5415825854
0.9016127177, 0.2707912927
0.9508063589, 0.6353956463
0.4754031794, 0.8176978232
0.2377015897, 0.9088489116
0.6188507949, 0.4544244558
0.8094253974, 0.7272122279
0.4047126987, 0.8636061139
0.2023563494, 0.4318030570
0.6011781747, 0.2159015285
0.8005890873, 0.1079507642
0.4002945437, 0.0539753821
0.2001472718, 0.0269876911
0.1000736359, 0.5134938455
0.5500368180, 0.7567469228
0.7750184090, 0.8783734614
0.8875092045, 0.4391867307
0.9437546022, 0.2195933653
0.4718773011, 0.6097966827
0.2359386506, 0.8048983413
0.6179693253, 0.4024491707
0.8089846626, 0.7012245853
0.4044923313, 0.8506122927
0.7022461657, 0.4253061463
0.8511230828, 0.2126530732
0.9255615414, 0.1063265366
0.4627807707, 0.0531632683
0.2313903854, 0.5265816341
0.1156951927, 0.7632908171
0.0578475963, 0.3816454085
0.5289237982, 0.1908227043
0.2644618991, 0.0954113521
0.1322309495, 0.0477056761
0.5661154748, 0.0238528380
0.7830577374, 0.5119264190
0.3915288687, 0.2559632095
0.1957644343, 0.6279816048
0.5978822172, 0.3139908024
0.7989411086, 0.6569954012
0.3994705543, 0.3284977006
0.6997352771, 0.1642488503
0.8498676386, 0.5821244251
0.9249338193, 0.7910622126
0.4624669096, 0.3955311063
0.2312334548, 0.6977655531
0.1156167274, 0.8488827766
0.0578083637, 0.4244413883
0.0289041819, 0.2122206941
0.5144520909, 0.6061103471
0.7572260455, 0.3030551735
0.3786130227, 0.1515275868
0.1893065114, 0.0757637934
0.5946532557, 0.0378818967
0.7973266278, 0.5189409483
0.8986633139, 0.7594704742
0.4493316570, 0.8797352371
0.2246658285, 0.9398676185
0.1123329142, 0.4699338093
0.5561664571, 0.7349669046
0.7780832286, 0.8674834523
0.3890416143, 0.9337417262
0.1945208071, 0.9668708631
0.5972604036, 0.4834354315
0.2986302018, 0.7417177158
0.1493151009, 0.3708588579
0.5746575504, 0.1854294289
0.2873287752, 0.0927147145
0.1436643876, 0.5463573572
0.0718321938, 0.2731786786
0.0359160969, 0.1365893393
0.5179580485, 0.5682946697
0.2589790242, 0.2841473348
0.6294895121, 0.1420736674
0.8147447561, 0.0710368337
0.9073723780, 0.0355184169
0.9536861890, 0.0177592084
0.4768430945, 0.5088796042
0.2384215473, 0.2544398021
0.1192107736, 0.1272199011
0.5596053868, 0.5636099505
0.7798026934, 0.7818049753
0.8899013467, 0.3909024876
0.4449506734, 0.1954512438
0.7224753367, 0.5977256219
0.3612376683, 0.2988628110
0.1806188342, 0.1494314055
0.0903094171, 0.0747157027
0.0451547085, 0.0373578514
0.5225773543, 0.5186789257
0.7612886771, 0.7593394628
0.8806443386, 0.8796697314
0.9403221693, 0.9398348657
0.4701610846, 0.4699174329
0.2350805423, 0.2349587164
0.6175402712, 0.6174793582
0.8087701356, 0.8087396791
0.9043850678, 0.4043698396
0.4521925339, 0.2021849198
0.7260962669, 0.6010924599
0.8630481335, 0.3005462299
0.4315240667, 0.6502731150
0.2157620334, 0.3251365575
0.1078810167, 0.1625682787
0.0539405083, 0.0812841394
0.5269702542, 0.0406420697
0.2634851271, 0.5203210348
0.1317425635, 0.2601605174
0.5658712818, 0.6300802587
0.7829356409, 0.3150401294
0.8914678204, 0.1575200647
0.9457339102, 0.5787600323
0.4728669551, 0.2893800162
0.7364334776, 0.6446900081
0.8682167388, 0.3223450040
0.9341083694, 0.1611725020
0.9670541847, 0.5805862510
0.4835270923, 0.2902931255
0.2417635462, 0.1451465628
0.6208817731, 0.0725732814
0.8104408865, 0.5362866407
0.4052204433, 0.7681433203
0.2026102216, 0.8840716602
0.1013051108, 0.9420358301
0.0506525554, 0.9710179150
0.5253262777, 0.4855089575
0.2626631389, 0.2427544788
0.1313315694, 0.1213772394
0.5656657847, 0.0606886197
0.7828328924, 0.0303443098
0.3914164462, 0.0151721549
0.1957082231, 0.5075860775
0.0978541115, 0.7537930387
0.0489270558, 0.3768965194
0.0244635279, 0.6884482597
0.5122317639, 0.3442241298
0.2561158820, 0.1721120649
0.1280579410, 0.5860560325
0.5640289705, 0.7930280162
0.2820144852, 0.3965140081
0.6410072426, 0.6982570041
0.8205036213, 0.8491285020
0.4102518107, 0.4245642510
0.7051259053, 0.7122821255
0.8525629527, 0.3561410628
0.9262814763, 0.6780705314
0.4631407382, 0.8390352657
0.7315703691, 0.4195176328
0.3657851845, 0.7097588164
0.1828925923, 0.8548794082
0.5914462961, 0.4274397041
0.7957231481, 0.7137198521
0.8978615740, 0.3568599260
0.9489307870, 0.1784299630
0.4744653935, 0.0892149815
0.7372326968, 0.0446074908
0.3686163484, 0.5223037454
0.1843081742, 0.7611518727
0.5921540871, 0.3805759363
0.7960770435, 0.6902879682
0.3980385218, 0.3451439841
0.6990192609, 0.1725719920
0.8495096304, 0.5862859960
0.4247548152, 0.7931429980
0.7123774076, 0.3965714990
0.3561887038, 0.1982857495
0.6780943519, 0.5991428748
0.8390471760, 0.2995714374
0.9195235880, 0.6497857187
0.4597617940, 0.3248928593
0.7298808970, 0.6624464297
0.8649404485, 0.8312232148
0.9324702242, 0.4156116074
0.4662351121, 0.2078058037
0.2331175561, 0.1039029019
0.6165587780, 0.0519514509
0.8082793890, 0.5259757255
0.9041396945, 0.2629878627
0.9520698473, 0.6314939314
0.9760349236, 0.3157469657
0.9880174618, 0.6578734828
0.9940087309, 0.3289367414
0.4970043655, 0.1644683707
0.7485021827, 0.0822341854
0.8742510914, 0.5411170927
0.4371255457, 0.7705585463
0.2185627728, 0.3852792732
0.6092813864, 0.6926396366
0.3046406932, 0.3463198183
0.6523203466, 0.6731599091
0.3261601733, 0.3365799546
0.1630800867, 0.6682899773
0.0815400433, 0.3341449886
0.0407700217, 0.1670724943
0.0203850108, 0.5835362472
0.5101925054, 0.2917681236
0.7550962527, 0.6458840618
0.8775481264, 0.8229420309
0.4387740632, 0.9114710154
0.2193870316, 0.4557355077
0.6096935158, 0.2278677539
0.8048467579, 0.6139338769
0.9024233789, 0.8069669385
0.9512116895, 0.4034834692
0.9756058447, 0.2017417346
0.4878029224, 0.6008708673
0.2439014612, 0.3004354337
0.1219507306, 0.1502177168
0.0609753653, 0.0751088584
0.5304876826, 0.0375544292
0.2652438413, 0.5187772146
0.6326219207, 0.7593886073
0.3163109603, 0.3796943037
0.1581554802, 0.6898471518
0.0790777401, 0.8449235759
0.0395388700, 0.4224617880
0.5197694350, 0.2112308940
0.7598847175, 0.6056154470
0.8799423588, 0.8028077235
0.9399711794, 0.9014038617
0.9699855897, 0.4507019309
0.9849927948, 0.7253509654
0.9924963974, 0.3626754827
0.4962481987, 0.6813377414
0.2481240994, 0.8406688707
0.6240620497, 0.4203344353
0.8120310248, 0.2101672177
0.4060155124, 0.6050836088
0.2030077562, 0.3025418044
0.1015038781, 0.1512709022
0.5507519391, 0.0756354511
0.2753759695, 0.5378177256
0.1376879848, 0.2689088628
0.5688439924, 0.6344544314
0.2844219962, 0.3172272157
0.1422109981, 0.1586136078
0.5711054990, 0.0793068039
0.2855527495, 0.5396534020
0.6427763748, 0.2698267010
0.3213881874, 0.1349133505
0.6606940937, 0.5674566752
0.3303470468, 0.2837283376
0.1651735234, 0.1418641688
0.5825867617, 0.0709320844
0.2912933809, 0.0354660422
0.1456466904, 0.5177330211
0.0728233452, 0.7588665106
0.0364116726, 0.3794332553
0.0182058363, 0.1897166276
0.0091029182, 0.0948583138
0.5045514591, 0.0474291569
0.2522757295, 0.0237145785
0.6261378648, 0.5118572892
0.8130689324, 0.7559286446
0.4065344662, 0.3779643223
0.7032672331, 0.1889821612
0.3516336165, 0.0944910806
0.1758168083, 0.5472455403
0.0879084041, 0.2736227701
0.5439542021, 0.1368113851
0.2719771010, 0.0684056925
0.6359885505, 0.0342028463
0.8179942753, 0.5171014231
0.4089971376, 0.7585507116
0.2044985688, 0.3792753558
0.6022492844, 0.6896376779
0.3011246422, 0.8448188389
0.6505623211, 0.9224094195
0.8252811606, 0.9612047097
0.4126405803, 0.4806023549
0.7063202901, 0.7403011774
0.8531601451, 0.3701505887
0.9265800725, 0.1850752944
0.9632900363, 0.0925376472
0.9816450181, 0.0462688236
0.9908225091, 0.0231344118
0.9954112545, 0.5115672059
0.9977056273, 0.7557836029
0.4988528136, 0.3778918015
0.7494264068, 0.6889459007
0.3747132034, 0.3444729504
0.1873566017, 0.6722364752
0.0936783009, 0.3361182376
0.0468391504, 0.1680591188
0.0234195752, 0.5840295594
0.0117097876, 0.7920147797
0.0058548938, 0.8960073898
0.0029274469, 0.4480036949
0.0014637235, 0.7240018475
0.5007318617, 0.8620009237
0.2503659309, 0.9310004619
0.1251829654, 0.9655002309
0.0625914827, 0.9827501155
0.0312957414, 0.9913750577
0.0156478707, 0.4956875289
0.0078239353, 0.2478437644
0.5039119677, 0.1239218822
0.7519559838, 0.5619609411
0.3759779919, 0.2809804706
0.6879889960, 0.1404902353
0.8439944980, 0.5702451176
0.9219972490, 0.7851225588
0.4609986245, 0.3925612794
0.2304993122, 0.1962806397
0.1152496561, 0.5981403199
0.0576248281, 0.2990701599
0.5288124140, 0.6495350800
0.7644062070, 0.8247675400
0.3822031035, 0.9123837700
0.1911015518, 0.4561918850
0.5955507759, 0.7280959425
0.7977753879, 0.3640479712
0.8988876940, 0.1820239856
0.9494438470, 0.5910119928
0.9747219235, 0.2955059964
0.9873609617, 0.6477529982
0.9936804809, 0.8238764991
0.9968402404, 0.4119382496
0.4984201202, 0.7059691248
0.2492100601, 0.8529845624
0.1246050301, 0.4264922812
0.5623025150, 0.7132461406
0.7811512575, 0.3566230703
0.8905756288, 0.6783115351
0.9452878144, 0.3391557676
0.4726439072, 0.6695778838
0.7363219536, 0.3347889419
0.8681609768, 0.1673944709
0.4340804884, 0.5836972355
0.7170402442, 0.2918486177
0.3585201221, 0.1459243089
0.1792600610, 0.0729621544
0.5896300305, 0.0364810772
0.7948150153, 0.5182405386
0.8974075076, 0.7591202693
0.9487037538, 0.8795601347
0.9743518769, 0.9397800673
0.4871759385, 0.9698900337
0.2435879692, 0.4849450168
0.6217939846, 0.2424725084
0.3108969923, 0.1212362542
0.6554484962, 0.0606181271
0.8277242481, 0.5303090636
0.9138621240, 0.7651545318
0.4569310620, 0.3825772659
0.7284655310, 0.6912886329
0.8642327655, 0.3456443165
0.4321163828, 0.1728221582
0.2160581914, 0.0864110791
0.1080290957, 0.0432055396
0.5540145478, 0.5216027698
0.7770072739, 0.7608013849
0.8885036370, 0.8804006924
0.9442518185, 0.9402003462
0.9721259092, 0.4701001731
0.9860629546, 0.2350500866
0.9930314773, 0.1175250433
0.9965157387, 0.0587625216
0.4982578693, 0.5293812608
0.2491289347, 0.2646906304
0.6245644673, 0.1323453152
0.8122822337, 0.0661726576
0.9061411168, 0.0330863288
0.4530705584, 0.0165431644
0.2265352792, 0.0082715822
0.1132676396, 0.0041357911
0.5566338198, 0.0020678956
0.2783169099, 0.0010339478
0.1391584550, 0.5005169739
0.5695792275, 0.7502584869
0.7847896137, 0.8751292435
0.8923948069, 0.4375646217
0.4461974034, 0.2187823109
0.2230987017, 0.1093911554
0.6115493509, 0.0546955777
0.8057746754, 0.5273477889
0.9028873377, 0.7636738944
0.9514436689, 0.3818369472
0.9757218344, 0.6909184736
0.9878609172, 0.3454592368
0.9939304586, 0.1727296184
0.9969652293, 0.0863648092
0.9984826147, 0.5431824046
0.9992413073, 0.7715912023
0.4996206537, 0.3857956012
0.7498103268, 0.1928978006
0.3749051634, 0.0964489003
0.6874525817, 0.5482244501
0.8437262909, 0.7741122251
0.4218631454, 0.3870561125
0.2109315727, 0.1935280563
0.6054657864, 0.5967640281
0.8027328932, 0.7983820141
0.4013664466, 0.3991910070
0.2006832233, 0.6995955035
0.6003416116, 0.3497977518
0.3001708058, 0.1748988759
0.1500854029, 0.0874494379
0.0750427015, 0.0437247190
0.0375213507, 0.0218623595
0.5187606754, 0.5109311797
0.7593803377, 0.2554655899
0.3796901688, 0.1277327949
0.1898450844, 0.5638663975
0.5949225422, 0.2819331987
0.2974612711, 0.1409665994
0.6487306356, 0.5704832997
0.3243653178, 0.7852416498
0.6621826589, 0.3926208249
0.3310913294, 0.6963104125
0.1655456647, 0.3481552062
0.0827728324, 0.1740776031
0.5413864162, 0.5870388016
0.7706932081, 0.7935194008
0.3853466040, 0.3967597004
0.6926733020, 0.6983798502
0.8463366510, 0.3491899251
0.9231683255, 0.6745949625
0.9615841628, 0.8372974813
0.9807920814, 0.9186487406
0.9903960407, 0.4593243703
0.9951980203, 0.2296621852
0.9975990102, 0.1148310926
0.9987995051, 0.5574155463
0.4993997525, 0.2787077731
0.7496998763, 0.6393538866
0.3748499381, 0.3196769433
0.6874249691, 0.1598384716
0.8437124845, 0.5799192358
0.4218562423, 0.2899596179
0.7109281211, 0.1449798090
0.8554640606, 0.0724899045
0.9277320303, 0.0362449522
0.9638660151, 0.5181224761
0.9819330076, 0.7590612381
0.9909665038, 0.8795306190
0.4954832519, 0.4397653095
0.7477416259, 0.2198826548
0.3738708130, 0.6099413274
0.1869354065, 0.8049706637
0.0934677032, 0.9024853318
0.0467338516, 0.4512426659
0.0233669258, 0.2256213330
0.5116834629, 0.1128106665
0.7558417315, 0.5564053332
0.8779208657, 0.7782026666
0.4389604329, 0.3891013333
0.7194802164, 0.1945506667
0.8597401082, 0.5972753333
0.9298700541, 0.7986376667
0.4649350271, 0.3993188333
0.2324675135, 0.6996594167
0.1162337568, 0.3498297083
0.5581168784, 0.6749148542
0.2790584392, 0.3374574271
0.6395292196, 0.6687287135
0.3197646098, 0.3343643568
0.1598823049, 0.6671821784
0.0799411524, 0.3335910892
0.5399705762, 0.6667955446
0.2699852881, 0.3333977723
0.1349926441, 0.6666988861
0.0674963220, 0.3333494431
0.0337481610, 0.1666747215
0.0168740805, 0.5833373608
0.0084370403, 0.2916686804
0.5042185201, 0.6458343402
0.7521092601, 0.3229171701
0.8760546300, 0.1614585850
0.9380273150, 0.0807292925
0.4690136575, 0.5403646463
0.7345068288, 0.2701823231
0.3672534144, 0.6350911616
0.6836267072, 0.3175455808
0.8418133536, 0.6587727904
0.4209066768, 0.8293863952
0.7104533384, 0.9146931976
0.3552266692, 0.4573465988
0.1776133346, 0.2286732994
0.0888066673, 0.1143366497
0.0444033336, 0.5571683248
0.0222016668, 0.2785841624
0.0111008334, 0.1392920812
0.5055504167, 0.5696460406
0.2527752084, 0.2848230203
0.6263876042, 0.1424115102
0.3131938021, 0.0712057551
0.6565969010, 0.0356028775
0.8282984505, 0.0178014388
0.9141492253, 0.5089007194
0.9570746126, 0.2544503597
0.4785373063, 0.1272251798
0.7392686532, 0.5636125899
0.3696343266, 0.7818062950
0.1848171633, 0.3909031475
0.0924085816, 0.1954515737
0.5462042908, 0.0977257869
0.2731021454, 0.0488628934
0.1365510727, 0.0244314467
0.0682755364, 0.5122157234
0.5341377682, 0.2561078617
0.7670688841, 0.6280539308
0.3835344420, 0.3140269654
0.1917672210, 0.6570134827
0.5958836105, 0.3285067414
0.7979418053, 0.6642533707
0.8989709026, 0.8321266853
0.9494854513, 0.4160633427
0.4747427257, 0.7080316713
0.2373713628, 0.3540158357
0.6186856814, 0.6770079178
0.8093428407, 0.8385039589
0.4046714204, 0.4192519795
0.7023357102, 0.2096259897
0.3511678551, 0.1048129949
0.6755839275, 0.0524064974
0.3377919638, 0.0262032487
0.6688959819, 0.5131016244
0.3344479909, 0.7565508122
0.6672239955, 0.8782754061
0.8336119977, 0.9391377030
0.4168059989, 0.4695688515
0.2084029994, 0.2347844258
0.6042014997, 0.6173922129
0.8021007499, 0.3086961064
0.9010503749, 0.1543480532
0.9505251875, 0.0771740266
0.9752625937, 0.0385870133
0.9876312969, 0.5192935067
0.9938156484, 0.2596467533
0.9969078242, 0.1298233767
0.4984539121, 0.5649116883
0.2492269561, 0.2824558442
0.1246134780, 0.1412279221
0.0623067390, 0.5706139610
0.0311533695, 0.2853069805
0.5155766848, 0.1426534903
0.2577883424, 0.5713267451
0.1288941712, 0.7856633726
0.0644470856, 0.3928316863
0.5322235428, 0.6964158431
0.2661117714, 0.3482079216
0.1330558857, 0.1741039608
0.5665279428, 0.0870519804
0.7832639714, 0.0435259902
0.8916319857, 0.5217629951
0.4458159929, 0.2608814975
0.2229079964, 0.6304407488
0.6114539982, 0.8152203744
0.8057269991, 0.9076101872
0.9028634996, 0.9538050936
0.9514317498, 0.9769025468
0.4757158749, 0.9884512734
0.7378579374, 0.4942256367
0.8689289687, 0.7471128183
0.9344644844, 0.8735564092
0.4672322422, 0.4367782046
0.2336161211, 0.7183891023
0.6168080605, 0.3591945511
0.8084040303, 0.6795972756
0.4042020151, 0.8397986378
0.2021010076, 0.4198993189
0.6010505038, 0.2099496594
0.8005252519, 0.6049748297
0.4002626259, 0.3024874149
0.7001313130, 0.6512437074
0.8500656565, 0.8256218537
0.4250328282, 0.9128109269
0.2125164141, 0.9564054634
0.6062582071, 0.4782027317
0.8031291035, 0.2391013659
0.9015645518, 0.6195506829
0.4507822759, 0.8097753415
0.7253911379, 0.4048876707
0.8626955690, 0.2024438354
0.4313477845, 0.6012219177
0.7156738922, 0.3006109588
0.8578369461, 0.6503054794
0.9289184731, 0.8251527397
0.9644592365, 0.9125763699
0.9822296183, 0.4562881849
0.9911148091, 0.2281440925
0.9955574046, 0.6140720462
0.4977787023, 0.3070360231
0.7488893511, 0.6535180116
0.3744446756, 0.8267590058
0.6872223378, 0.4133795029
0.8436111689, 0.7066897514
0.4218055844, 0.3533448757
0.7109027922, 0.1766724379
0.3554513961, 0.5883362189
0.1777256981, 0.2941681095
0.5888628490, 0.6470840547
0.2944314245, 0.3235420274
0.6472157123, 0.6617710137
0.8236078561, 0.8308855068
0.4118039281, 0.4154427534
0.2059019640, 0.2077213767
0.6029509820, 0.6038606884
0.3014754910, 0.3019303442
0.1507377455, 0.6509651721
0.0753688728, 0.8254825860
0.0376844364, 0.9127412930
0.0188422182, 0.4563706465
0.0094211091, 0.2281853233
0.5047105545, 0.6140926616
0.7523552773, 0.8070463308
0.3761776386, 0.4035231654
0.6880888193, 0.7017615827
0.3440444097, 0.3508807914
0.1720222048, 0.1754403957
0.5860111024, 0.0877201978
0.2930055512, 0.0438600989
0.1465027756, 0.5219300495
0.0732513878, 0.2609650247
0.0366256939, 0.1304825124
0.5183128470, 0.0652412562
0.2591564235, 0.5326206281
0.6295782117, 0.2663103140
0.8147891059, 0.6331551570
0.9073945529, 0.8165775785
0.4536972765, 0.4082887893
0.2268486382, 0.7041443946
0.1134243191, 0.8520721973
0.0567121596, 0.4260360987
0.5283560798, 0.7130180493
0.7641780399, 0.3565090247
0.8820890199, 0.6782545123
0.9410445100, 0.8391272562
0.9705222550, 0.9195636281
0.4852611275, 0.4597818140
0.7426305637, 0.7298909070
0.3713152819, 0.8649454535
0.1856576409, 0.4324727268
0.5928288205, 0.7162363634
0.2964144102, 0.8581181817
0.1482072051, 0.4290590908
0.5741036026, 0.2145295454
0.7870518013, 0.1072647727
0.8935259006, 0.0536323864
0.4467629503, 0.5268161932
0.2233814752, 0.7634080966
0.6116907376, 0.3817040483
0.8058453688, 0.1908520241
0.9029226844, 0.0954260121
0.9514613422, 0.0477130060
0.9757306711, 0.5238565030
0.9878653355, 0.2619282515
0.9939326678, 0.6309641258
0.9969663339, 0.8154820629
0.4984831669, 0.4077410314
0.7492415835, 0.7038705157
0.8746207917, 0.3519352579
0.4373103959, 0.1759676289
0.2186551979, 0.0879838145
0.1093275990, 0.0439919072
0.5546637995, 0.0219959536
0.2773318997, 0.0109979768
0.6386659499, 0.5054989884
0.3193329749, 0.7527494942
0.6596664875, 0.8763747471
0.3298332437, 0.4381873736
0.1649166219, 0.7190936868
0.0824583109, 0.3595468434
0.0412291555, 0.6797734217
0.5206145777, 0.3398867108
0.7603072889, 0.6699433554
0.8801536444, 0.3349716777
0.9400768222, 0.6674858389
0.9700384111, 0.8337429194
0.9850192056, 0.9168714597
0.9925096028, 0.4584357299
0.9962548014, 0.2292178649
0.9981274007, 0.6146089325
0.9990637003, 0.8073044662
0.9995318502, 0.4036522331
0.4997659251, 0.7018261166
0.7498829625, 0.3509130583
0.8749414813, 0.1754565291
0.9374707406, 0.5877282646
0.9687353703, 0.7938641323
0.4843676852, 0.8969320661
0.2421838426, 0.9484660331
0.1210919213, 0.4742330165
0.5605459606, 0.7371165083
0.2802729803, 0.3685582541
0.1401364902, 0.6842791271
0.5700682451, 0.8421395635
0.7850341225, 0.9210697818
0.8925170613, 0.4605348909
0.9462585306, 0.7302674454
0.4731292653, 0.8651337227
0.7365646327, 0.4325668614
0.8682823163, 0.7162834307
0.4341411582, 0.3581417153
0.7170705791, 0.6790708577
0.8585352895, 0.3395354288
0.9292676448, 0.1697677144
0.9646338224, 0.5848838572
0.4823169112, 0.7924419286
0.2411584556, 0.8962209643
0.1205792278, 0.4481104822
0.5602896139, 0.2240552411
0.7801448069, 0.1120276205
0.3900724035, 0.5560138103
0.1950362017, 0.2780069051
0.0975181009, 0.6390034526
0.0487590504, 0.8195017263
0.0243795252, 0.4097508631
0.5121897626, 0.2048754316
0.7560948813, 0.1024377158
0.8780474407, 0.5512188579
0.4390237203, 0.2756094289
0.2195118602, 0.6378047145
0.1097559301, 0.3189023572
0.0548779650, 0.1594511786
0.5274389825, 0.5797255893
0.7637194913, 0.2898627947
0.3818597456, 0.1449313973
0.6909298728, 0.5724656987
0.8454649364, 0.2862328493
0.9227324682, 0.1431164247
0.9613662341, 0.0715582123
0.9806831171, 0.5357791062
0.9903415585, 0.2678895531
0.9951707793, 0.1339447765
0.4975853896, 0.5669723883
0.2487926948, 0.2834861941
0.1243963474, 0.1417430971
0.0621981737, 0.0708715485
0.0310990869, 0.0354357743
0.0155495434, 0.0177178871
0.0077747717, 0.0088589436
0.0038873859, 0.5044294718
0.5019436929, 0.2522147359
