1,1,1
0,0,2
1,-1,1
2,0,2
3,1,3
2,0,4
1,1,3
0,2,2
1,3,3
2,4,4
3,5,5
2,4,6
1,5,5
2,6,6
3,5,5
4,6,6
5,7,7
6,6,6
7,7,7
6,6,8
7,7,9
8,6,8
7,5,9
8,6,10
9,7,11
8,8,10
7,9,9
8,10,10
7,9,11
6,8,12
7,7,11
8,6,10
9,7,11
8,6,12
7,7,11
8,8,12
9,9,13
8,8,14
7,9,13
6,8,14
7,7,13
6,6,14
7,7,15
6,6,16
7,5,15
8,4,14
7,3,15
8,4,16
9,5,17
8,4,18
7,3,19
8,2,18
9,1,17
10,2,18
11,3,19
10,4,18
11,5,19
12,6,20
11,5,21
10,4,22
11,5,23
12,4,22
11,5,21
10,4,22
9,3,23
10,2,22
11,3,23
10,2,24
11,1,23
10,0,24
9,-1,25
10,0,26
9,1,25
10,2,26
11,1,25
12,2,26
11,1,27
10,0,28
11,-1,27
12,-2,26
13,-3,25
14,-2,26
15,-1,27
14,0,26
15,1,27
14,0,28
15,1,29
16,2,30
15,1,31
14,2,30
13,1,31
12,2,30
13,3,31
14,4,32
13,3,33
14,4,34
13,3,35
14,2,34
15,1,33
16,0,32
15,-1,33
14,0,32
15,1,33
16,0,32
15,-1,33
14,0,32
15,1,33
14,0,34
13,-1,35
12,0,34
13,1,35
14,2,36
13,1,37
12,2,36
11,3,35
12,4,36
13,5,37
14,6,38
13,7,37
14,8,38
15,7,37
16,6,36
17,5,35
18,6,36
19,7,37
18,6,38
17,7,37
18,8,38
19,9,39
18,10,38
19,11,39
18,12,38
17,13,37
18,14,38
19,15,39
20,16,40
19,17,39
18,16,40
19,15,39
20,16,40
21,17,41
20,18,40
19,19,39
20,20,40
21,21,41
20,20,42
19,21,41
20,22,42
21,21,41
22,22,42
23,23,43
24,24,44
23,23,45
24,24,46
23,25,45
22,24,46
23,25,47
24,26,48
23,25,49
22,24,50
21,23,51
20,22,52
19,23,51
18,22,52
17,21,53
18,22,54
17,23,53
16,22,54
17,21,53
18,22,54
19,21,53
20,22,54
21,23,55
20,24,54
21,23,53
20,24,52
19,23,53
20,22,52
19,21,53
20,22,54
21,21,53
20,22,52
19,21,53
18,20,54
17,21,53
18,22,54
19,21,53
18,20,54
19,21,55
20,22,56
19,23,55
20,24,56
19,23,57
18,22,58
19,23,59
20,22,58
19,23,57
18,22,58
19,21,57
20,20,56
19,21,55
20,22,56
21,23,57
20,22,58
19,21,59
18,22,58
19,23,59
18,22,60
17,23,59
16,22,60
15,23,59
14,22,60
13,21,61
12,20,62
13,19,61
12,20,60
11,21,59
10,22,58
9,23,57
10,24,58
9,23,59
8,22,60
9,23,61
10,22,60
11,23,61
12,22,60
13,21,59
14,22,60
13,21,61
14,20,60
15,19,59
16,18,58
15,19,57
14,18,58
15,17,57
14,16,58
15,17,59
14,18,58
15,19,59
14,20,58
15,21,59
16,20,58
15,19,59
16,20,60
17,21,61
18,22,62
19,21,61
20,22,62
19,23,61
20,24,62
21,25,63
20,26,62
21,27,63
22,26,62
21,25,63
22,26,64
21,25,65
22,26,66
23,27,67
24,26,66
25,25,65
26,26,66
25,25,67
24,24,68
25,23,67
26,22,66
27,21,65
26,20,66
25,21,65
24,22,64
25,23,65
26,24,66
27,23,65
28,22,64
29,21,63
30,20,62
31,19,61
32,20,62
31,19,63
32,18,62
31,17,63
32,16,62
31,15,63
30,14,64
29,13,65
30,12,64
29,11,65
30,12,66
31,13,67
30,12,68
29,11,69
30,12,70
31,11,69
32,12,70
33,11,69
34,12,70
35,11,69
34,12,68
33,13,67
34,12,66
33,11,67
32,10,68
31,11,67
32,12,68
31,11,69
30,12,68
29,11,69
28,12,68
29,13,69
28,12,70
29,11,69
28,12,68
27,11,69
26,12,68
25,13,67
24,14,66
25,15,67
24,14,68
23,15,67
22,14,68
23,13,67
24,12,66
25,13,67
26,14,68
25,13,69
26,12,68
25,13,67
26,14,68
27,13,67
28,14,68
29,15,69
28,16,68
27,15,69
26,14,70
25,13,71
24,14,70
23,13,71
22,12,72
21,11,73
20,10,74
19,9,75
20,8,74
21,9,75
20,10,74
19,9,75
18,10,74
19,11,75
20,10,74
21,9,73
22,8,72
23,9,73
24,8,72
23,9,71
22,8,72
21,7,73
20,6,74
21,7,75
20,8,74
19,7,75
20,6,74
21,7,75
22,8,76
21,7,77
22,6,76
23,7,77
22,8,76
23,9,77
24,10,78
25,9,77
24,10,76
25,11,77
24,12,76
23,11,77
22,12,76
21,13,75
22,14,76
23,15,77
22,16,76
23,15,75
24,14,74
25,15,75
26,16,76
25,17,75
24,16,76
25,15,75
24,14,76
23,15,75
24,16,76
25,17,77
26,18,78
27,17,77
28,18,78
27,17,79
28,18,80
29,17,79
30,16,78
31,17,79
32,16,78
31,17,77
30,18,76
29,19,75
28,18,76
27,19,75
28,20,76
27,21,75
28,22,76
29,21,75
30,22,76
31,23,77
30,24,76
31,23,75
30,24,74
29,23,75
30,24,76
31,25,77
30,24,78
31,23,77
32,24,78
33,23,77
32,22,78
31,21,79
32,20,78
31,19,79
30,20,78
29,21,77
28,22,76
29,23,77
28,22,78
29,23,79
30,22,78
31,21,77
30,20,78
31,19,77
32,20,78
33,19,77
34,18,76
33,19,75
32,18,76
31,19,75
30,20,74
29,21,73
28,20,74
27,21,73
26,22,72
25,23,71
24,24,70
25,25,71
24,24,72
25,25,73
24,24,74
25,25,75
26,26,76
25,27,75
24,26,76
23,27,75
24,26,74
25,27,75
26,26,74
27,25,73
26,24,74
25,23,75
24,22,76
25,21,75
26,22,76
27,21,75
26,20,76
25,21,75
24,20,76
25,19,75
24,18,76
23,17,77
24,16,76
23,17,75
22,16,76
21,15,77
22,14,76
23,13,75
22,12,76
21,13,75
22,12,74
23,11,73
22,12,72
23,13,73
24,14,74
25,13,73
24,12,74
25,11,73
24,12,72
23,11,73
22,10,74
23,9,73
22,10,72
21,11,71
22,12,72
21,11,73
22,10,72
23,11,73
22,10,74
23,9,73
24,8,72
23,9,71
24,10,72
23,11,71
22,12,70
23,13,71
24,12,70
23,13,69
22,12,70
23,11,69
24,10,68
23,9,69
22,8,70
23,7,69
24,6,68
23,5,69
24,6,70
25,7,71
24,6,72
23,5,73
24,4,72
25,3,71
26,4,72
27,5,73
26,4,74
25,3,75
24,2,76
23,3,75
22,2,76
23,1,75
24,0,74
23,-1,75
22,0,74
21,1,73
22,2,74
23,1,73
24,2,74
23,3,73
24,4,74
25,5,75
24,4,76
25,3,75
26,2,74
27,1,73
28,0,72
27,1,71
26,0,72
27,-1,71
26,-2,72
27,-3,71
28,-4,70
27,-3,69
28,-4,68
29,-5,67
28,-6,68
29,-5,69
28,-6,70
27,-7,71
28,-8,70
29,-7,71
30,-6,72
31,-5,73
30,-6,74
31,-5,75
30,-4,74
31,-3,75
32,-2,76
31,-3,77
32,-4,76
33,-5,75
32,-4,74
33,-3,75
32,-4,76
33,-3,77
34,-2,78
33,-3,79
34,-2,80
35,-1,81
34,0,80
35,1,81
36,0,80
37,1,81
36,2,80
37,3,81
36,4,80
35,3,81
36,4,82
35,3,83
34,4,82
35,5,83
36,4,82
37,3,81
38,4,82
39,3,81
38,2,82
37,1,83
38,0,82
39,-1,81
40,0,82
41,-1,81
42,-2,80
43,-1,81
44,0,82
43,-1,83
44,0,84
45,1,85
44,2,84
45,3,85
44,2,86
45,3,87
44,4,86
43,3,87
44,2,86
45,3,87
46,2,86
47,1,85
48,2,86
47,3,85
46,4,84
45,5,83
46,6,84
47,7,85
48,6,84
49,7,85
50,6,84
49,5,85
48,6,84
47,5,85
48,4,84
49,5,85
50,6,86
49,5,87
50,4,86
49,3,87
50,2,86
49,3,85
50,4,86
49,3,87
50,2,86
49,1,87
50,0,86
49,-1,87
50,0,88
51,1,89
52,2,90
51,1,91
52,0,90
53,-1,89
52,0,88
51,-1,89
50,0,88
49,-1,89
48,-2,90
49,-3,89
48,-2,88
47,-3,89
46,-4,90
45,-5,91
46,-4,92
45,-3,91
44,-4,92
45,-5,91
44,-6,92
45,-7,91
46,-6,92
45,-7,93
46,-8,92
47,-7,93
46,-6,92
47,-5,93
48,-6,92
49,-5,93
48,-6,94
49,-7,93
50,-8,92
51,-7,93
50,-6,92
49,-5,91
50,-4,92
51,-3,93
52,-4,92
51,-5,93
52,-4,94
53,-3,95
52,-4,96
53,-5,95
54,-6,94
55,-7,93
54,-6,92
55,-5,93
56,-6,92
57,-7,91
56,-6,90
57,-5,91
56,-6,92
55,-5,91
56,-4,92
55,-5,93
56,-4,94
55,-5,95
56,-4,96
57,-3,97
58,-4,96
59,-3,97
58,-4,98
57,-5,99
56,-6,100
55,-7,101
54,-6,100
55,-5,101
56,-4,102
57,-3,103
58,-2,104
57,-3,105
58,-2,106
59,-3,105
60,-2,106
61,-1,107
62,0,108
63,1,109
64,2,110
65,1,109
66,0,108
67,-1,107
68,0,108
69,1,109
70,2,110
71,1,109
70,0,110
71,1,111
72,0,110
71,-1,111
70,-2,112
71,-1,113
72,0,114
73,-1,113
72,-2,114
71,-1,113
72,0,114
73,-1,113
72,-2,114
71,-1,113
72,-2,112
73,-1,113
74,0,114
73,-1,115
72,-2,116
73,-3,115
74,-2,116
75,-1,117
74,-2,118
75,-3,117
74,-2,116
73,-3,117
72,-2,116
71,-1,115
70,-2,116
71,-1,117
72,0,118
71,-1,119
70,-2,120
71,-1,121
70,-2,122
69,-1,121
70,0,122
69,1,121
68,0,122
69,1,123
68,0,124
69,-1,123
70,0,124
71,-1,123
72,-2,122
73,-1,123
74,0,124
73,-1,125
74,-2,124
73,-1,123
72,-2,124
71,-1,123
70,0,122
69,-1,123
70,-2,122
69,-3,123
68,-4,124
69,-3,125
68,-4,126
67,-3,125
66,-2,124
65,-3,125
66,-4,124
67,-3,125
66,-4,126
67,-5,125
66,-4,124
65,-5,125
66,-6,124
67,-7,123
66,-6,122
67,-7,121
68,-6,122
69,-5,123
70,-4,124
69,-5,125
68,-4,124
69,-3,125
68,-2,124
69,-1,125
68,-2,126
69,-3,125
68,-4,126
69,-5,125
68,-6,126
69,-7,125
68,-8,126
69,-9,125
68,-8,124
69,-7,125
70,-8,124
71,-9,123
72,-10,122
73,-9,123
72,-10,124
73,-9,125
74,-8,126
73,-9,127
72,-10,128
73,-11,127
74,-12,126
73,-11,125
74,-10,126
73,-11,127
74,-12,126
75,-13,125
74,-12,124
73,-13,125
72,-12,124
73,-11,125
74,-10,126
75,-9,127
74,-8,126
75,-7,127
76,-8,126
77,-9,125
76,-8,124
75,-7,123
76,-6,124
75,-7,125
76,-8,124
77,-9,123
78,-10,122
77,-11,123
78,-10,124
77,-11,125
76,-10,124
75,-11,125
74,-12,126
73,-13,127
72,-12,126
73,-11,127
74,-10,128
73,-11,129
72,-10,128
73,-9,129
74,-10,128
75,-9,129
76,-8,130
75,-9,131
74,-10,132
73,-11,133
74,-12,132
75,-13,131
76,-12,132
77,-13,131
76,-14,132
77,-13,133
76,-14,134
75,-13,133
76,-12,134
77,-11,135
78,-10,136
77,-11,137
78,-10,138
79,-11,137
80,-12,136
81,-11,137
80,-12,138
81,-11,139
80,-10,138
81,-9,139
80,-10,140
79,-11,141
78,-12,142
79,-13,141
78,-12,140
79,-11,141
80,-12,140
79,-13,141
80,-14,140
81,-15,139
82,-14,140
83,-15,139
82,-16,140
81,-17,141
80,-18,142
79,-19,143
78,-18,142
79,-19,141
80,-20,140
81,-19,141
82,-20,140
83,-19,141
82,-18,140
83,-17,141
84,-16,142
83,-17,143
82,-16,142
81,-15,141
82,-14,142
81,-13,141
82,-14,140
83,-13,141
82,-12,140
81,-11,139
82,-10,140
83,-9,141
84,-8,142
83,-9,143
84,-10,142
85,-9,143
84,-8,142
85,-9,141
86,-10,140
87,-9,141
88,-8,142
87,-7,141
88,-6,142
89,-7,141
90,-8,140
89,-9,141
90,-8,142
91,-9,141
90,-10,142
89,-11,143
90,-12,142
89,-13,143
90,-14,142
91,-15,141
90,-16,142
89,-15,141
88,-14,140
89,-13,141
90,-14,140
89,-15,141
90,-16,140
89,-17,141
88,-16,140
87,-15,139
86,-16,140
85,-15,139
84,-16,140
85,-15,141
86,-14,142
85,-13,141
86,-14,140
87,-15,139
88,-16,138
89,-17,137
88,-16,136
89,-15,137
88,-16,138
89,-15,139
88,-16,140
89,-17,139
90,-18,138
91,-19,137
92,-20,136
91,-21,137
92,-20,138
93,-19,139
94,-18,140
95,-17,141
96,-18,140
97,-19,139
98,-20,138
97,-21,139
96,-22,140
95,-21,139
94,-22,140
93,-21,139
94,-20,140
93,-21,141
92,-22,142
91,-23,143
92,-22,144
93,-21,145
94,-20,146
93,-21,147
94,-20,148
93,-19,147
94,-20,146
95,-21,145
94,-20,144
95,-19,145
96,-18,146
95,-19,147
96,-20,146
97,-21,145
96,-22,146
97,-23,145
96,-24,146
95,-23,145
94,-24,146
95,-25,145
96,-26,144
97,-25,145
96,-26,146
95,-25,145
96,-26,144
97,-27,143
98,-28,142
99,-27,143
100,-28,142
101,-29,141
102,-28,142
101,-27,141
100,-26,140
101,-25,141
102,-24,142
103,-23,143
104,-22,144
105,-23,143
104,-22,142
105,-21,143
104,-20,142
103,-21,143
102,-20,142
103,-19,143
102,-20,144
101,-21,145
100,-20,144
99,-19,143
100,-18,144
101,-19,143
102,-20,142
103,-19,143
104,-20,142
103,-19,141
104,-20,140
105,-21,139
104,-20,138
103,-21,139
102,-22,140
101,-23,141
102,-24,140
103,-23,141
104,-22,142
105,-21,143
104,-22,144
105,-23,143
106,-22,144
105,-23,145
104,-24,146
103,-25,147
104,-26,146
105,-27,145
106,-28,144
107,-27,145
106,-28,146
105,-27,145
104,-26,144
105,-25,145
106,-24,146
107,-23,147
106,-22,146
107,-23,145
108,-24,144
109,-25,143
108,-26,144
109,-27,143
110,-28,142
111,-27,143
110,-26,142
109,-27,143
110,-28,142
111,-29,141
112,-28,142
113,-27,143
112,-26,142
113,-27,141
114,-28,140
115,-27,141
114,-26,140
115,-25,141
116,-26,140
115,-27,141
116,-28,140
117,-27,141
118,-26,142
117,-27,143
116,-28,144
115,-29,145
114,-30,146
113,-29,145
114,-30,144
115,-29,145
114,-30,146
115,-31,145
116,-30,146
117,-29,147
118,-28,148
117,-27,147
118,-26,148
119,-25,149
120,-26,148
121,-25,149
120,-26,150
121,-25,151
120,-26,152
121,-25,153
122,-26,152
121,-27,153
122,-26,154
123,-27,153
122,-26,152
123,-25,153
124,-24,154
123,-25,155
124,-24,156
125,-23,157
124,-22,156
123,-23,157
124,-24,156
125,-23,157
124,-24,158
123,-25,159
124,-26,158
125,-27,157
124,-28,158
123,-27,157
124,-26,158
125,-27,157
126,-28,156
127,-27,157
126,-28,158
127,-27,159
126,-26,158
127,-25,159
128,-26,158
127,-25,157
128,-26,156
129,-27,155
130,-28,154
131,-27,155
132,-28,154
131,-29,155
130,-30,156
129,-31,157
128,-32,158
129,-33,157
128,-34,158
127,-33,157
126,-32,156
127,-31,157
128,-32,156
127,-31,155
128,-30,156
127,-29,155
126,-28,154
125,-27,153
126,-26,154
127,-27,153
128,-26,154
129,-25,155
128,-24,154
127,-25,155
128,-26,154
129,-25,155
128,-24,154
129,-23,155
130,-24,154
131,-25,153
132,-24,154
131,-25,155
130,-26,156
131,-25,157
132,-26,156
133,-25,157
132,-26,158
131,-27,159
132,-28,158
131,-27,157
132,-26,158
131,-27,159
132,-26,160
133,-25,161
134,-26,160
135,-25,161
134,-24,160
133,-23,159
132,-24,160
131,-25,161
132,-26,160
131,-25,159
130,-26,160
129,-27,161
128,-26,160
127,-27,161
128,-28,160
129,-29,159
130,-30,158
129,-31,159
128,-32,160
129,-33,159
130,-32,160
131,-33,159
130,-34,160
129,-35,161
130,-34,162
131,-33,163
130,-34,164
129,-33,163
130,-32,164
131,-33,163
132,-32,164
133,-33,163
134,-34,162
135,-35,161
134,-34,160
135,-35,159
136,-36,158
135,-35,157
134,-34,156
133,-33,155
134,-32,156
135,-31,157
136,-30,158
137,-31,157
138,-30,158
139,-31,157
140,-30,158
141,-31,157
140,-30,156
141,-29,157
140,-28,156
141,-27,157
142,-26,158
141,-27,159
140,-28,160
139,-29,161
140,-30,160
141,-31,159
142,-30,160
141,-29,159
140,-30,160
141,-29,161
142,-30,160
141,-31,161
142,-32,160
143,-33,159
144,-34,158
145,-33,159
146,-34,158
145,-33,157
146,-32,158
147,-33,157
146,-32,156
147,-31,157
146,-32,158
147,-31,159
146,-32,160
145,-31,159
144,-32,160
143,-33,161
142,-34,162
141,-35,163
140,-36,164
141,-37,163
140,-38,164
141,-39,163
142,-40,162
141,-41,163
142,-42,162
141,-43,163
142,-42,164
143,-41,165
144,-40,166
143,-41,167
144,-40,168
145,-41,167
144,-42,168
145,-43,167
146,-42,168
145,-41,167
146,-40,168
145,-39,167
144,-40,168
145,-41,167
144,-42,168
145,-43,167
146,-42,168
147,-43,167
146,-44,168
145,-45,169
146,-46,168
147,-47,167
146,-48,168
145,-47,167
144,-48,168
143,-49,169
144,-50,168
145,-51,167
144,-50,166
143,-49,165
144,-48,166
145,-49,165
146,-48,166
145,-47,165
146,-48,164
147,-49,163
146,-50,164
147,-51,163
146,-50,162
145,-51,163
146,-52,162
147,-51,163
148,-52,162
147,-53,163
146,-54,164
147,-55,163
146,-54,162
145,-53,161
146,-52,162
145,-53,163
144,-54,164
143,-53,163
144,-52,164
143,-51,163
142,-50,162
143,-49,163
142,-50,164
141,-51,165
142,-52,164
143,-51,165
142,-50,164
143,-49,165
144,-48,166
145,-49,165
144,-50,166
145,-49,167
146,-50,166
