-1,-1,1
0,-2,0
-1,-1,-1
0,-2,-2
1,-1,-1
2,-2,-2
3,-1,-1
2,-2,0
3,-3,-1
4,-2,0
5,-1,1
4,-2,2
3,-1,1
2,0,0
3,1,1
4,2,2
5,3,3
4,2,4
3,3,3
4,4,4
5,3,3
6,4,4
7,5,5
8,4,4
9,5,5
8,4,6
9,5,7
10,6,8
9,5,9
10,6,10
11,7,11
10,8,10
11,9,11
12,10,12
11,9,13
10,10,12
11,9,11
12,8,10
13,7,9
14,6,8
13,5,9
14,6,10
15,5,9
14,4,10
15,3,9
16,4,10
17,5,11
16,4,12
17,5,13
16,6,12
15,7,11
16,8,12
15,9,11
14,8,12
13,9,11
12,8,12
13,7,11
12,6,12
11,7,11
12,8,12
13,9,13
12,10,12
13,11,13
14,12,14
13,11,15
14,12,16
15,11,15
14,12,14
13,13,13
12,14,12
11,13,13
10,12,14
9,13,13
8,12,14
7,13,13
8,14,14
7,13,15
6,12,16
7,11,15
8,10,14
9,11,15
10,10,14
9,9,15
10,8,14
11,7,13
12,6,12
13,7,13
14,8,14
15,9,15
14,10,14
13,9,15
12,8,16
13,9,17
14,8,16
13,7,17
12,8,16
11,7,17
10,6,18
9,7,17
10,8,18
11,9,19
10,10,18
11,11,19
10,12,18
11,13,19
12,12,18
11,11,19
10,12,18
11,13,19
10,12,20
11,13,21
10,14,20
11,15,21
10,14,22
11,13,21
12,14,22
13,13,21
14,14,22
15,15,23
16,16,24
17,17,25
16,16,26
17,17,27
18,16,26
19,15,25
20,16,26
21,15,25
22,16,26
21,17,25
20,18,24
21,19,25
20,18,26
19,19,25
20,20,26
21,21,27
22,22,28
21,23,27
22,24,28
23,23,27
22,22,28
23,21,27
24,22,28
23,23,27
22,24,26
21,25,25
22,26,26
21,25,27
20,26,26
19,27,25
20,28,26
21,29,27
20,30,26
21,31,27
22,32,28
21,31,29
22,32,30
23,33,31
22,34,30
23,33,29
24,34,30
23,35,29
22,36,28
21,37,27
20,38,26
19,37,27
20,36,26
19,37,25
20,36,24
21,37,25
20,38,24
21,39,25
20,40,24
19,41,23
20,40,22
21,41,23
22,42,24
21,43,23
20,42,24
21,41,23
20,42,22
21,43,23
22,42,22
21,41,23
22,40,22
23,41,23
22,42,22
23,43,23
22,44,22
21,43,23
22,44,24
21,43,25
22,44,26
23,45,27
22,44,28
23,45,29
24,46,30
23,47,29
24,48,30
23,47,31
24,48,32
23,49,31
24,50,32
25,51,33
24,50,34
25,51,35
26,52,36
25,53,35
26,54,36
25,55,35
24,54,36
25,53,35
24,52,36
25,51,35
26,52,36
25,51,37
26,52,38
27,53,39
28,54,40
27,55,39
28,56,40
29,57,41
28,58,40
29,59,41
28,58,42
29,59,43
30,60,44
29,61,43
30,62,44
31,63,45
30,64,44
31,65,45
32,66,46
31,67,45
32,68,46
33,69,47
32,68,48
33,69,49
34,70,50
33,69,51
34,70,52
35,71,53
34,72,52
33,71,53
34,70,52
35,71,53
36,72,54
37,71,53
36,72,52
37,73,53
38,72,52
39,73,53
38,72,54
39,73,55
40,72,54
41,71,53
40,72,52
39,73,51
38,72,52
37,71,53
36,70,54
35,71,53
36,72,54
37,73,55
38,72,54
37,71,55
36,72,54
35,71,55
34,72,54
33,73,53
34,74,54
33,75,53
32,74,54
33,75,55
32,76,54
31,77,53
32,76,52
31,77,51
30,76,52
31,75,51
30,74,52
31,73,51
30,72,52
29,73,51
28,74,50
27,75,49
26,74,50
25,73,51
24,74,50
25,75,51
26,74,50
27,75,51
28,74,50
29,73,49
30,74,50
29,73,51
28,72,52
27,73,51
26,72,52
25,71,53
24,72,52
23,73,51
22,74,50
21,73,51
20,72,52
19,71,53
18,70,54
17,71,53
18,72,54
17,73,53
18,74,54
19,75,55
20,74,54
21,73,53
22,74,54
21,75,53
22,76,54
23,77,55
22,76,56
23,75,55
22,76,54
23,77,55
24,78,56
23,77,57
24,78,58
23,79,57
24,78,56
25,79,57
24,80,56
23,79,57
24,78,56
25,77,55
26,76,54
25,75,55
26,74,54
27,75,55
28,74,54
29,75,55
30,76,56
29,77,55
30,78,56
31,79,57
32,80,58
33,79,57
34,80,58
33,81,57
34,80,56
33,79,57
32,78,58
33,79,59
32,78,60
33,79,61
34,78,60
33,77,61
32,78,60
33,79,61
32,80,60
33,81,61
34,82,62
35,81,61
36,80,60
37,79,59
38,80,60
39,79,59
38,80,58
37,81,57
36,80,58
35,79,59
36,80,60
35,79,61
36,78,60
35,77,61
34,76,62
35,77,63
36,76,62
35,77,61
34,76,62
35,75,61
34,74,62
35,73,61
36,74,62
35,73,63
36,74,64
37,75,65
36,74,66
37,73,65
38,74,66
37,75,65
38,76,66
39,77,67
38,78,66
37,77,67
38,76,66
37,77,65
36,76,66
37,75,65
38,74,64
37,73,65
36,74,64
35,75,63
34,74,64
33,73,65
32,72,66
33,71,65
32,72,64
31,71,65
30,72,64
29,71,65
28,70,66
29,69,65
28,70,64
29,71,65
28,72,64
29,73,65
30,74,66
31,73,65
32,72,64
33,73,65
34,72,64
33,73,63
34,74,64
33,73,65
32,72,66
33,71,65
32,72,64
31,71,65
32,72,66
33,71,65
34,70,64
35,71,65
36,72,66
35,73,65
34,72,66
35,73,67
36,74,68
37,75,69
36,76,68
37,77,69
36,76,70
37,77,71
38,76,70
37,77,69
38,78,70
39,79,71
38,78,72
39,77,71
40,76,70
41,75,69
42,76,70
41,77,69
40,78,68
41,79,69
40,78,70
39,77,71
40,78,72
41,79,73
42,80,74
43,79,73
44,80,74
43,81,73
44,82,74
45,81,73
46,82,74
47,83,75
46,84,74
47,85,75
46,86,74
45,87,73
46,88,74
45,87,75
46,88,76
45,87,77
46,88,78
47,87,77
48,86,76
47,85,77
46,86,76
45,85,77
44,86,76
43,85,77
44,86,78
45,87,79
44,86,80
43,85,81
42,86,80
43,85,79
42,84,80
41,83,81
40,82,82
39,83,81
38,84,80
37,85,79
38,86,80
39,87,81
38,86,82
39,87,83
40,86,82
41,85,81
42,86,82
43,87,83
42,88,82
43,89,83
44,88,82
43,89,81
42,88,82
41,89,81
40,90,80
41,91,81
42,90,80
41,89,81
42,90,82
41,91,81
40,90,82
41,91,83
42,90,82
43,89,81
44,90,82
45,91,83
46,92,84
45,91,85
44,90,86
45,91,87
44,92,86
45,93,87
46,94,88
47,93,87
48,92,86
49,93,87
50,92,86
51,93,87
50,92,88
51,93,89
50,92,90
51,91,89
50,92,88
51,93,89
50,92,90
49,91,91
50,90,90
49,91,89
48,90,90
47,89,91
48,88,90
49,87,89
48,86,90
47,87,89
48,86,88
49,87,89
50,86,88
49,87,87
50,88,88
51,87,87
50,88,86
51,89,87
52,88,86
51,87,87
50,86,88
51,85,87
50,86,86
49,85,87
48,84,88
47,83,89
48,82,88
49,83,89
48,82,90
49,81,89
50,80,88
51,79,87
52,80,88
53,81,89
54,82,90
55,81,89
56,82,90
57,81,89
56,80,90
57,79,89
58,78,88
59,79,89
58,78,90
59,77,89
58,78,88
59,79,89
58,78,90
59,77,89
58,76,90
59,75,89
58,74,90
59,73,89
58,74,88
59,75,89
58,74,90
59,73,89
60,74,90
59,75,89
60,76,90
61,75,89
62,74,88
63,73,87
64,74,88
65,75,89
64,76,88
65,75,87
66,76,88
65,75,89
66,76,90
67,77,91
66,76,92
67,75,91
68,76,92
67,75,93
68,74,92
67,75,91
68,76,92
69,77,93
70,76,92
69,75,93
70,74,92
69,75,91
68,76,90
67,77,89
68,78,90
69,77,89
70,78,90
69,77,91
70,78,92
71,79,93
70,78,94
71,79,95
70,78,96
71,79,97
70,78,98
71,77,97
70,78,96
71,79,97
72,78,96
73,77,95
74,76,94
75,77,95
76,76,94
77,75,93
78,76,94
77,75,95
78,74,94
79,75,95
78,76,94
79,77,95
80,76,94
81,77,95
80,78,94
79,77,95
78,78,94
77,79,93
78,80,94
77,79,95
76,78,96
77,79,97
78,80,98
79,81,99
78,80,100
77,81,99
78,82,100
77,81,101
78,80,100
79,79,99
80,80,100
81,79,99
82,80,100
83,81,101
84,82,102
85,81,101
86,80,100
87,81,101
86,82,100
87,83,101
86,82,102
87,83,103
86,82,104
85,81,105
86,80,104
87,81,105
88,80,104
89,81,105
90,82,106
89,83,105
88,84,104
87,85,103
88,86,104
89,85,103
90,84,102
91,85,103
92,84,102
91,83,103
90,84,102
89,83,103
90,82,102
91,83,103
92,84,104
91,83,105
92,82,104
91,83,103
90,84,102
91,85,103
92,86,104
91,85,105
92,84,104
91,85,103
92,86,104
91,85,105
90,84,106
91,83,105
92,84,106
91,83,107
92,82,106
93,81,105
94,80,104
95,81,105
94,82,104
93,81,105
92,80,106
93,79,105
92,78,106
93,77,105
92,76,106
91,75,107
92,74,106
91,73,107
90,72,108
91,71,107
90,72,106
89,71,107
90,70,106
89,69,107
88,70,106
89,71,107
88,72,106
89,73,107
90,72,106
91,73,107
90,72,108
91,71,107
92,70,106
91,71,105
90,72,104
89,73,103
88,72,104
89,71,103
88,72,102
87,71,103
88,70,102
87,71,101
86,72,100
87,73,101
88,74,102
87,73,103
88,74,104
89,73,103
88,72,104
89,71,103
88,72,102
89,73,103
90,72,102
91,73,103
90,72,104
89,73,103
90,74,104
89,75,103
90,76,104
91,75,103
92,74,102
93,73,101
92,72,102
91,71,103
90,70,104
91,71,105
90,72,104
89,71,105
90,70,104
91,69,103
92,70,104
91,69,105
92,70,106
91,71,105
92,70,104
93,69,103
94,68,102
95,69,103
96,68,102
97,67,101
98,66,100
99,65,99
100,66,100
101,67,101
102,68,102
103,69,103
102,68,104
103,69,105
104,70,106
103,69,107
104,70,108
105,71,109
106,72,110
107,71,109
106,70,110
107,71,111
106,70,112
107,69,111
108,70,112
109,71,113
110,72,114
111,73,115
110,72,116
111,71,115
110,70,116
109,69,117
108,70,116
107,71,115
106,72,114
107,73,115
108,74,116
109,75,117
110,76,118
109,77,117
110,78,118
111,79,119
112,80,120
113,79,119
114,80,120
113,79,121
114,80,122
113,81,121
114,82,122
115,83,123
114,84,122
115,85,123
114,86,122
113,85,123
112,84,124
113,85,125
114,84,124
115,85,125
116,86,126
117,85,125
118,86,126
119,87,127
118,86,128
119,85,127
118,84,128
117,83,129
116,84,128
115,85,127
114,84,128
115,83,127
114,84,126
113,83,127
114,84,128
113,83,129
114,82,128
113,81,129
114,80,128
115,79,127
116,80,128
115,81,127
116,82,128
115,81,129
114,80,130
115,79,129
116,80,130
115,79,131
116,78,130
115,77,131
114,76,132
113,75,133
114,76,134
113,77,133
112,76,134
113,75,133
112,74,134
113,75,135
112,74,136
113,75,137
112,74,138
113,73,137
112,72,138
113,73,139
114,72,138
115,71,137
116,70,136
117,71,137
116,72,136
117,73,137
118,74,138
117,73,139
116,72,140
117,71,139
118,70,138
119,71,139
120,72,140
121,71,139
122,70,138
123,69,137
122,68,138
121,67,139
120,68,138
119,67,139
120,68,140
121,69,141
120,68,142
121,69,143
122,68,142
123,69,143
122,70,142
121,71,141
120,70,142
119,69,143
120,68,142
121,67,141
122,68,142
121,67,143
122,66,142
123,67,143
124,66,142
125,67,143
126,68,144
125,67,145
124,68,144
125,69,145
126,70,146
125,71,145
126,72,146
127,73,147
126,74,146
127,73,145
128,74,146
129,73,145
130,74,146
129,75,145
128,74,146
129,75,147
128,74,148
129,75,149
128,76,148
127,75,149
128,74,148
129,73,147
130,74,148
131,75,149
132,76,150
131,77,149
132,78,150
133,77,149
134,76,148
135,75,147
134,74,148
135,75,149
134,74,150
135,73,149
134,72,150
135,73,151
134,72,152
135,71,151
134,72,150
135,73,151
136,72,150
135,73,149
136,74,150
137,75,151
138,76,152
137,75,153
136,74,154
135,73,155
134,74,154
135,75,155
134,76,154
133,75,155
132,76,154
133,77,155
134,76,154
135,77,155
134,78,154
135,79,155
134,80,154
133,79,155
132,80,154
131,81,153
130,82,152
131,83,153
132,82,152
133,81,151
132,82,150
131,83,149
132,84,150
133,83,149
132,84,148
131,83,149
132,82,148
133,83,149
132,84,148
131,85,147
130,86,146
129,85,147
128,84,148
127,85,147
128,86,148
129,87,149
128,86,150
129,87,151
130,88,152
129,87,153
130,86,152
129,85,153
128,86,152
129,87,153
128,86,154
129,85,153
128,84,154
129,83,153
130,84,154
129,85,153
128,84,154
127,85,153
126,86,152
125,87,151
124,88,150
125,89,151
126,90,152
127,89,151
126,90,150
127,91,151
128,92,152
127,91,153
128,90,152
127,89,153
126,90,152
127,91,153
128,92,154
127,91,155
128,90,154
129,89,153
130,90,154
131,89,153
132,88,152
133,89,153
132,90,152
131,91,151
132,92,152
133,91,151
134,90,150
135,91,151
136,90,150
135,89,151
136,88,150
137,89,151
138,90,152
139,89,151
140,88,150
141,87,149
142,86,148
141,85,149
140,84,150
139,83,151
140,82,150
141,81,149
142,82,150
141,81,151
140,80,152
139,79,153
140,80,154
141,81,155
142,82,156
143,81,155
142,80,156
141,81,155
142,80,154
143,79,153
142,80,152
143,79,151
144,80,152
143,79,153
144,78,152
145,79,153
144,78,154
145,77,153
144,76,154
145,77,155
144,76,156
145,75,155
146,74,154
145,73,155
144,72,156
145,73,157
146,72,156
147,71,155
146,70,156
147,71,157
148,70,156
149,71,157
150,72,158
149,73,157
150,74,158
151,73,157
150,72,158
151,71,157
150,70,158
149,71,157
150,72,158
151,73,159
150,74,158
149,73,159
150,74,160
151,73,159
150,72,160
151,71,159
152,70,158
151,69,159
152,70,160
153,69,159
154,70,160
153,69,161
152,70,160
153,69,159
154,68,158
155,67,157
154,68,156
153,67,157
152,66,158
151,65,159
152,64,158
153,65,159
154,66,160
155,67,161
154,66,162
153,65,163
154,66,164
153,65,165
152,66,164
153,67,165
154,68,166
155,69,167
156,68,166
155,67,167
154,66,168
155,67,169
154,68,168
155,69,169
156,68,168
157,69,169
158,68,168
159,67,167
160,66,166
161,65,165
160,64,166
161,63,165
162,62,164
163,63,165
162,62,166
161,63,165
162,64,166
163,65,167
162,66,166
161,65,167
160,66,166
159,65,167
158,66,166
157,67,165
156,66,166
157,67,167
158,68,168
157,69,167
156,70,166
157,71,167
156,70,168
157,69,167
156,70,166
155,71,165
156,72,166
157,73,167
158,74,168
157,73,169
156,74,168
157,75,169
158,76,170
157,75,171
156,74,172
157,75,173
156,76,172
157,77,173
156,78,172
157,79,173
158,80,174
159,81,175
158,82,174
159,83,175
158,84,174
157,83,175
158,82,174
159,81,173
158,80,174
159,79,173
158,78,174
157,79,173
156,80,172
157,81,173
158,82,174
157,83,173
158,84,174
159,85,175
158,86,174
159,85,173
160,86,174
159,87,173
158,86,174
159,85,173
160,84,172
159,83,173
158,84,172
159,83,171
160,82,170
161,81,169
160,82,168
159,81,169
160,82,170
159,81,171
158,80,172
157,81,171
158,82,172
159,81,171
160,80,170
159,79,171
160,80,172
161,79,171
160,78,172
159,77,173
158,76,174
157,77,173
158,78,174
157,77,175
156,76,176
157,75,175
156,74,176
155,75,175
156,76,176
157,77,177
158,78,178
159,79,179
158,80,178
157,81,177
158,82,178
159,83,179
160,82,178
161,81,177
162,82,178
161,83,177
160,82,178
161,81,177
160,80,178
159,79,179
158,78,180
157,77,181
156,78,180
157,79,181
158,78,180
157,79,179
156,80,178
155,81,177
154,80,178
155,79,177
154,78,178
153,77,179
152,76,180
151,75,181
150,74,182
151,75,183
150,74,184
151,73,183
150,72,184
149,71,185
150,70,184
151,71,185
152,70,184
151,71,183
150,70,184
149,69,185
150,70,186
149,69,187
150,70,188
149,71,187
150,70,186
151,71,187
152,70,186
153,69,185
154,68,184
155,69,185
156,68,184
157,67,183
156,68,182
155,69,181
154,70,180
155,71,181
156,72,182
155,73,181
156,74,182
157,75,183
158,74,182
159,75,183
160,76,184
159,75,185
160,74,184
161,75,185
160,74,186
161,73,185
162,74,186
161,73,187
162,72,186
161,71,187
160,72,186
159,71,187
158,72,186
157,71,187
156,70,188
157,69,187
158,68,186
159,69,187
158,70,186
159,71,187
160,72,188
161,71,187
160,72,186
161,73,187
162,74,188
161,73,189
162,74,190
163,73,189
162,72,190
163,73,191
162,72,192
163,73,193
164,72,192
163,71,193
162,70,194
163,71,195
162,72,194
161,71,195
160,70,196
159,69,197
158,70,196
157,69,197
158,68,196
157,67,197
158,66,196
159,65,195
160,66,196
159,67,195
158,66,196
159,67,197
160,66,196
161,67,197
160,68,196
161,69,197
162,70,198
161,69,199
162,68,198
163,69,199
164,70,200
163,71,199
162,72,198
161,71,199
162,70,198
163,69,197
164,70,198
163,69,199
162,70,198
163,69,197
164,68,196
165,67,195
166,68,196
167,69,197
168,70,198
167,69,199
166,68,200
167,67,199
168,66,198
167,67,197
166,68,196
167,67,195
168,66,194
169,67,195
168,66,196
169,65,195
170,64,194
169,63,195
168,62,196
167,63,195
166,62,196
167,63,197
168,64,198
167,65,197
168,66,198
167,65,199
166,64,200
167,63,199
168,62,198
169,61,197
168,60,198
167,59,199
166,58,200
167,59,201
166,58,202
167,57,201
166,58,200
165,59,199
164,60,198
165,61,199
166,62,200
167,61,199
166,60,200
167,61,201
168,62,202
167,61,203
168,62,204
169,61,203
170,62,204
171,63,205
172,64,206
173,65,207
174,66,208
175,67,209
176,66,208
175,67,207
176,68,208
