-1,-1,1
0,-2,0
-1,-1,-1
0,-2,-2
1,-1,-1
2,-2,-2
3,-1,-1
2,-2,0
3,-3,-1
4,-2,0
5,-1,1
4,-2,2
3,-1,1
2,0,0
3,1,1
4,2,2
5,3,3
4,2,4
3,3,3
4,4,4
5,3,3
6,4,4
7,5,5
8,4,4
9,5,5
8,4,6
9,5,7
10,6,8
9,5,9
10,6,10
11,7,11
10,8,10
11,9,11
12,10,12
11,9,13
10,10,12
11,9,11
12,8,10
13,7,9
14,6,8
13,5,9
14,6,10
15,5,9
14,4,10
15,3,9
16,4,10
17,5,11
16,4,12
17,5,13
16,6,12
15,7,11
16,8,12
15,9,11
14,8,12
13,9,11
12,8,12
13,7,11
12,6,12
11,7,11
12,8,12
13,9,13
12,10,12
13,11,13
14,12,14
13,11,15
14,12,16
15,11,15
14,12,14
13,13,13
12,14,12
11,13,13
10,12,14
9,13,13
8,12,14
7,13,13
8,14,14
7,13,15
6,12,16
7,11,15
8,10,14
9,11,15
10,10,14
9,9,15
10,8,14
11,7,13
12,6,12
13,7,13
14,8,14
15,9,15
14,10,14
13,9,15
12,8,16
13,9,17
14,8,16
13,7,17
12,8,16
11,7,17
10,6,18
9,7,17
10,8,18
11,9,19
10,10,18
11,11,19
10,12,18
11,13,19
12,12,18
11,11,19
10,12,18
11,13,19
10,12,20
11,13,21
10,14,20
11,15,21
10,14,22
11,13,21
12,14,22
13,13,21
14,14,22
15,15,23
16,16,24
17,17,25
16,16,26
17,17,27
18,16,26
19,15,25
20,16,26
21,15,25
22,16,26
21,17,25
20,18,24
21,19,25
20,20,24
19,21,23
20,22,24
21,23,25
22,24,26
21,25,25
22,26,26
23,25,25
22,24,26
23,23,25
24,24,26
23,25,25
22,26,24
21,27,23
22,28,24
21,27,25
20,28,24
19,29,23
20,30,24
21,31,25
20,32,24
21,33,25
22,34,26
21,33,27
22,34,28
23,35,29
22,36,28
23,35,27
24,36,28
23,37,27
22,38,26
21,39,25
20,40,24
19,39,25
20,38,24
19,39,23
20,38,22
21,39,23
20,38,24
21,39,25
20,40,24
19,41,23
20,40,22
21,41,23
22,42,24
21,43,23
20,42,24
21,41,23
20,42,22
21,43,23
22,42,22
21,41,23
22,40,22
23,41,23
22,42,22
23,43,23
22,44,22
21,43,23
22,44,24
21,43,25
22,44,26
23,45,27
22,44,28
23,45,29
24,46,30
23,47,29
24,48,30
23,47,31
24,48,32
23,49,31
24,50,32
25,51,33
24,50,34
25,51,35
26,52,36
25,53,35
26,54,36
25,55,35
24,54,36
25,53,35
24,52,36
25,53,37
26,54,38
25,53,39
26,54,40
27,55,41
28,56,42
27,57,41
28,58,42
29,59,43
28,60,42
29,61,43
28,60,44
29,61,45
30,62,46
29,63,45
30,64,46
31,65,47
30,66,46
31,67,47
32,68,48
31,69,47
32,70,48
33,71,49
32,70,50
33,71,51
34,72,52
33,71,53
34,72,54
35,73,55
34,74,54
33,73,55
34,72,54
35,73,55
36,74,56
37,73,55
36,74,54
37,75,55
38,74,54
39,75,55
40,74,54
41,75,55
42,74,54
43,73,53
42,74,52
41,75,51
40,74,52
39,73,53
38,72,54
37,73,53
38,74,54
39,75,55
40,74,54
39,73,55
38,74,54
37,73,55
36,74,54
35,75,53
36,76,54
35,77,53
34,76,54
35,77,55
34,78,54
33,79,53
34,78,52
33,79,51
32,78,52
33,77,51
32,76,52
33,75,51
32,76,50
31,77,49
30,78,48
29,79,47
28,78,48
27,77,49
26,78,48
27,79,49
28,78,48
29,79,49
30,78,48
31,77,47
32,78,48
31,77,49
30,76,50
29,77,49
28,76,50
27,75,51
26,76,50
25,77,49
24,78,48
23,77,49
22,76,50
21,75,51
20,74,52
19,75,51
20,76,52
19,77,51
20,78,52
21,79,53
22,78,52
23,77,51
24,78,52
23,79,51
24,80,52
25,81,53
24,80,54
25,79,53
24,80,52
25,81,53
26,82,54
25,81,55
26,82,56
25,83,55
26,82,54
27,83,55
26,84,54
25,83,55
26,82,54
27,81,53
28,80,52
27,79,53
28,78,52
29,79,53
30,78,52
31,79,53
32,80,54
31,81,53
32,82,54
33,83,55
34,84,56
35,83,55
36,84,56
35,85,55
36,84,54
35,83,55
34,84,54
35,85,55
34,84,56
35,85,57
36,84,56
35,83,57
34,84,56
35,85,57
34,86,56
35,87,57
36,88,58
37,87,57
38,86,56
39,85,55
40,86,56
41,85,55
40,86,54
39,87,53
38,86,54
37,85,55
38,86,56
37,85,57
38,84,56
37,83,57
36,82,58
37,83,59
38,82,58
37,83,57
36,82,58
37,81,57
36,80,58
37,79,57
38,80,58
37,79,59
38,80,60
39,81,61
38,80,62
39,79,61
40,80,62
39,81,61
40,82,62
41,83,63
40,84,62
39,83,63
40,82,62
39,83,61
38,82,62
39,81,61
40,80,60
39,79,61
38,80,60
37,81,59
36,80,60
35,79,61
34,78,62
35,77,61
34,78,60
33,77,61
32,78,60
31,77,61
30,78,60
31,77,59
30,78,58
31,79,59
30,80,58
31,81,59
32,82,60
33,81,59
34,80,58
35,81,59
36,80,58
35,81,57
36,82,58
35,81,59
34,80,60
35,79,59
34,80,58
33,79,59
34,80,60
35,79,59
36,78,58
37,79,59
38,80,60
37,81,59
36,80,60
37,81,61
38,82,62
39,83,63
38,84,62
39,85,63
38,84,64
39,85,65
40,84,64
39,85,63
40,86,64
41,87,65
40,86,66
41,85,65
42,84,64
43,85,65
44,86,66
43,87,65
42,88,64
43,89,65
42,88,66
41,87,67
42,88,68
43,89,69
44,90,70
45,89,69
46,90,70
45,91,69
46,92,70
47,91,69
48,92,70
49,93,71
48,94,70
49,95,71
48,96,70
47,97,69
48,98,70
47,97,71
48,98,72
47,97,73
48,98,74
49,97,73
50,96,72
49,95,73
48,96,72
47,95,73
46,96,72
45,95,73
46,96,74
47,97,75
46,96,76
45,95,77
44,96,76
45,95,75
44,94,76
43,93,77
42,92,78
41,93,77
40,94,76
39,95,75
40,96,76
41,97,77
40,96,78
41,97,79
42,96,78
43,95,77
44,96,78
45,97,79
44,98,78
45,99,79
46,98,78
45,99,77
44,98,78
43,99,77
42,100,76
43,101,77
44,100,76
43,99,77
44,100,78
43,101,77
42,100,78
43,101,79
44,100,78
45,99,77
46,100,78
47,101,79
48,102,80
47,101,81
46,100,82
47,101,83
46,102,82
47,103,83
48,104,84
49,103,83
50,102,82
51,103,83
52,102,82
53,103,83
52,102,84
53,103,85
52,102,86
53,101,85
52,102,84
53,103,85
52,102,86
51,101,87
52,100,86
51,101,85
50,100,86
49,99,87
50,98,86
51,97,85
50,96,86
49,97,85
50,96,84
51,97,85
52,96,84
51,97,83
52,98,84
53,97,83
52,98,82
53,99,83
54,98,82
53,97,83
52,96,84
53,95,83
52,96,82
51,95,83
50,94,84
49,93,85
50,92,84
51,93,85
50,94,84
51,93,83
52,92,82
53,91,81
54,92,82
55,93,83
56,94,84
57,93,83
58,94,84
59,93,83
58,92,84
59,91,83
60,90,82
61,91,83
60,90,84
61,89,83
60,90,82
61,91,83
60,90,84
61,89,83
60,88,84
61,87,83
60,86,84
61,85,83
60,86,82
61,87,83
60,86,84
61,85,83
62,86,84
61,87,83
62,88,84
63,87,83
64,86,82
65,87,83
66,88,84
67,89,85
66,88,86
67,87,85
68,88,86
67,87,87
68,88,88
69,89,89
68,88,90
69,87,89
70,88,90
69,87,91
70,86,90
69,87,89
70,88,90
71,89,91
72,88,90
71,87,91
72,86,90
71,87,89
70,88,88
69,89,87
70,90,88
71,89,87
72,90,88
71,89,89
72,90,90
73,91,91
72,90,92
73,91,93
72,90,94
73,91,95
72,90,96
73,89,95
72,90,94
73,91,95
74,90,94
75,89,93
76,88,92
77,89,93
78,88,92
79,89,93
80,90,94
79,89,95
80,88,94
81,89,95
80,90,94
81,91,95
82,90,94
83,91,95
82,92,94
81,91,95
80,92,94
79,93,93
80,94,94
79,93,95
78,92,96
79,93,97
80,94,98
81,95,99
80,94,100
79,95,99
80,96,100
79,95,101
80,94,100
81,93,99
82,94,100
83,93,99
84,94,100
85,95,101
86,96,102
87,95,101
88,94,100
89,95,101
88,96,100
89,97,101
88,96,102
89,97,103
88,98,102
87,97,103
88,98,104
89,99,105
90,98,104
91,99,105
92,100,106
91,101,105
90,102,104
89,103,103
90,104,104
91,103,103
92,102,102
93,103,103
94,102,102
93,101,103
92,102,102
91,101,103
92,100,102
93,101,103
94,102,104
93,101,105
94,100,104
93,101,103
92,102,102
93,103,103
94,104,104
93,103,105
94,102,104
93,103,103
94,104,104
93,103,105
92,102,106
93,101,105
94,102,106
93,103,105
94,102,104
95,101,103
96,100,102
97,101,103
96,102,102
95,101,103
94,100,104
95,99,103
94,98,104
95,97,103
94,96,104
93,95,105
94,94,104
93,93,105
92,92,106
93,91,105
92,92,104
91,91,105
92,90,104
91,89,105
90,90,104
91,91,105
90,92,104
91,93,105
92,92,104
93,93,105
92,92,106
93,91,105
94,90,104
93,91,103
92,92,102
91,93,101
90,92,102
91,91,101
90,92,100
89,91,101
90,90,100
89,91,99
88,90,100
89,91,101
90,92,102
89,91,103
90,92,104
91,91,103
90,90,104
91,89,103
90,90,102
91,91,103
92,90,102
93,91,103
92,92,102
91,93,101
92,94,102
91,95,101
92,96,102
93,95,101
94,94,100
95,93,99
94,92,100
93,91,101
92,90,102
93,91,103
92,92,102
91,91,103
92,90,102
93,89,101
94,90,102
93,89,103
94,90,104
93,91,103
94,90,102
95,89,101
96,88,100
97,89,101
98,88,100
99,87,99
100,86,98
101,85,97
102,86,98
103,87,99
104,88,100
105,89,101
104,88,102
105,89,103
106,90,104
105,89,105
106,90,106
107,91,107
108,92,108
109,91,107
108,90,108
109,91,109
108,90,110
109,89,109
110,90,110
111,91,111
112,90,110
113,91,111
112,90,112
113,89,111
112,88,112
111,87,113
110,88,112
109,89,111
108,90,110
109,91,111
110,92,112
111,93,113
112,94,114
111,95,113
112,96,114
113,97,115
114,98,116
115,97,115
116,98,116
115,97,117
116,98,118
115,99,117
116,100,118
117,101,119
116,102,118
117,103,119
116,104,118
115,103,119
114,102,120
115,103,121
116,102,120
117,103,121
118,104,122
119,103,121
120,104,122
121,105,123
120,104,124
121,103,123
120,102,124
119,101,125
118,102,124
117,103,123
116,102,124
117,101,123
116,102,122
115,101,123
116,102,124
115,101,125
116,100,124
115,99,125
116,98,124
117,97,123
118,98,124
117,99,123
118,100,124
117,99,125
116,98,126
117,97,125
118,98,126
117,97,127
118,96,126
117,95,127
116,94,128
115,93,129
116,94,130
115,95,129
114,94,130
115,93,129
114,92,130
115,93,131
114,92,132
115,93,133
114,92,134
115,91,133
114,90,134
115,91,135
116,90,134
117,89,133
118,88,132
119,89,133
118,90,132
119,91,133
120,92,134
119,91,135
118,90,136
119,89,135
120,88,134
121,89,135
122,90,136
123,89,135
124,88,134
125,87,133
124,86,134
123,85,135
122,86,134
121,85,135
122,86,136
123,87,137
122,86,138
123,87,139
124,86,138
125,87,139
124,88,138
123,89,137
122,88,138
121,87,139
122,86,138
123,85,137
124,86,138
123,85,139
124,84,138
125,85,139
126,84,138
127,85,139
128,86,140
127,85,141
126,86,140
127,87,141
128,88,142
127,89,141
128,90,142
129,91,143
128,92,142
129,91,141
130,92,142
131,91,141
132,92,142
131,93,141
130,92,142
131,93,143
130,92,144
131,93,145
130,94,144
129,93,145
130,92,144
131,91,143
132,92,144
133,93,145
134,94,146
133,95,145
134,96,146
135,95,145
136,94,144
137,93,143
136,92,144
137,93,145
136,92,146
137,91,145
136,90,146
137,89,145
136,88,146
137,87,145
136,88,144
137,89,145
138,88,144
137,89,143
138,90,144
139,91,145
140,92,146
139,91,147
138,90,148
137,89,149
136,90,148
137,91,149
136,92,148
135,91,149
134,92,148
135,93,149
136,92,148
137,93,149
136,94,148
137,95,149
136,96,148
135,97,147
134,98,146
133,99,145
132,100,144
133,101,145
134,100,144
135,99,143
134,100,142
133,101,141
134,102,142
135,101,141
134,102,140
133,101,141
134,100,140
135,101,141
134,102,140
133,103,139
132,104,138
131,103,139
130,102,140
129,103,139
130,104,140
131,105,141
130,106,140
131,107,141
132,108,142
131,107,143
132,106,142
131,105,143
130,106,142
131,107,143
130,106,144
131,105,143
130,104,144
131,103,143
132,104,144
131,105,143
130,104,144
129,105,143
128,106,142
127,107,141
126,108,140
127,109,141
128,110,142
129,109,141
128,110,140
129,111,141
130,112,142
129,111,143
130,110,142
129,109,143
128,110,142
129,111,143
130,112,144
129,111,145
130,110,144
131,109,143
132,110,144
133,109,143
134,108,142
135,109,143
134,110,142
133,111,141
132,112,140
133,111,139
134,110,138
135,111,139
136,110,138
135,109,139
136,108,138
137,109,139
138,110,140
139,109,139
140,108,138
141,107,137
142,106,136
141,105,137
140,104,138
139,103,139
140,102,138
141,101,137
140,100,138
139,99,139
138,98,140
137,99,139
138,100,140
139,101,141
140,102,142
141,101,141
140,102,140
139,103,139
140,102,138
141,101,137
140,102,136
141,103,137
142,104,138
141,103,139
142,102,138
143,103,139
142,102,140
143,101,139
142,100,140
143,101,141
142,100,142
143,99,141
144,98,140
143,97,141
142,96,142
143,97,143
144,96,142
145,95,141
144,94,142
145,95,143
146,94,142
147,95,143
148,96,144
147,97,143
148,98,144
149,97,143
148,96,144
149,95,143
148,94,144
147,95,143
148,96,144
149,97,145
148,98,144
147,97,145
148,98,146
149,97,145
148,96,146
149,95,145
150,94,144
149,93,145
150,94,146
151,93,145
152,94,146
151,93,147
150,94,146
151,95,147
152,94,146
153,93,145
152,94,144
151,93,145
150,92,146
149,91,147
150,90,146
151,91,147
152,92,148
153,93,149
152,92,150
151,91,151
152,92,152
151,91,153
150,92,152
151,93,153
152,94,154
153,95,155
154,94,154
153,93,155
152,92,156
153,93,157
152,94,156
153,95,157
154,94,156
155,95,157
156,94,156
157,93,155
158,92,154
159,91,153
158,90,154
159,89,153
160,88,152
161,89,153
160,88,154
159,89,153
160,90,154
161,91,155
160,92,154
159,91,155
158,92,154
157,91,155
156,92,154
155,93,153
154,94,152
155,95,153
156,96,154
155,97,153
154,98,152
155,99,153
154,98,154
155,97,153
154,96,154
153,97,153
154,98,154
155,99,155
156,100,156
155,99,157
154,100,156
155,101,157
156,102,158
155,101,159
154,100,160
155,101,161
154,102,160
155,103,161
154,104,160
155,105,161
156,106,162
157,107,163
156,108,162
157,109,163
156,110,162
155,109,163
156,108,162
157,107,161
156,106,162
157,105,161
156,104,162
155,105,161
154,106,160
155,107,161
156,108,162
155,109,161
156,110,162
157,111,163
156,110,164
157,109,163
158,110,164
157,111,163
156,110,164
157,109,163
158,108,162
157,107,163
156,108,162
157,107,161
158,106,160
159,105,159
158,106,158
157,105,159
158,106,160
157,105,161
156,104,162
155,105,161
156,106,162
157,105,161
158,104,160
157,103,161
158,104,162
159,103,161
158,102,162
157,101,163
156,100,164
155,101,163
156,102,164
155,101,165
154,100,166
155,99,165
154,98,166
153,99,165
154,100,166
155,101,167
156,102,168
157,103,169
156,104,168
155,105,167
156,106,168
157,107,169
158,106,168
159,105,167
160,106,168
159,107,167
158,106,168
159,105,167
158,104,168
157,103,169
156,102,170
155,101,171
154,102,170
155,103,171
156,102,170
155,103,169
154,104,168
153,105,167
152,104,168
153,103,167
152,102,168
151,101,169
150,100,170
149,99,171
148,98,172
149,99,173
148,98,174
149,97,173
148,96,174
147,95,175
148,94,174
149,95,175
150,94,174
149,95,173
148,94,174
147,93,175
148,94,176
147,93,177
148,94,178
147,95,177
148,94,176
149,95,177
150,94,176
151,93,175
152,92,174
153,93,175
154,92,174
155,91,173
154,92,172
153,93,171
152,94,170
153,95,171
154,96,172
153,97,171
154,98,172
155,99,173
156,98,172
157,99,173
158,100,174
157,99,175
158,98,174
159,99,175
158,98,176
159,97,175
160,98,176
159,97,177
160,96,176
159,95,177
158,96,176
157,95,177
156,96,176
155,95,177
154,94,178
155,93,177
156,92,176
157,93,177
156,94,176
157,95,177
158,96,178
159,95,177
158,96,176
159,97,177
160,98,178
159,97,179
160,98,180
161,97,179
160,96,180
161,97,181
160,96,182
161,97,183
162,96,182
161,95,183
160,94,184
161,95,185
160,96,184
159,95,185
158,94,186
157,93,187
156,94,186
155,93,187
156,92,186
155,91,187
156,90,186
157,89,185
158,90,186
157,91,185
156,90,186
157,91,187
158,90,186
159,91,187
158,92,186
159,93,187
160,94,188
159,93,189
160,92,188
161,93,189
162,94,190
161,95,189
160,96,188
159,95,189
160,94,188
161,93,187
162,94,188
161,93,189
160,94,188
161,93,187
162,92,186
163,91,185
164,92,186
165,93,187
166,94,188
165,93,189
164,92,190
165,91,189
166,90,188
165,91,187
164,92,186
165,91,185
166,90,184
167,91,185
166,90,186
167,89,185
168,88,184
167,87,185
166,86,186
165,87,185
164,86,186
165,87,187
166,88,188
165,89,187
166,90,188
165,89,189
164,88,190
165,87,189
166,86,188
167,85,187
166,84,188
165,83,189
164,82,190
165,83,191
164,82,192
165,81,191
164,82,190
163,83,189
162,84,188
163,85,189
164,86,190
165,85,189
164,84,190
165,85,191
166,86,192
165,85,193
166,86,194
167,85,193
168,86,194
