1,1,1
0,0,2
1,-1,1
2,0,2
3,1,3
2,0,4
1,1,3
0,2,2
1,3,3
2,4,4
3,5,5
2,4,6
1,5,5
2,6,6
3,5,5
4,6,6
5,7,7
6,6,6
7,7,7
6,6,8
5,5,9
4,6,8
3,5,9
4,6,10
3,5,11
4,4,10
3,5,9
4,6,10
3,7,9
2,6,10
1,5,11
0,4,12
1,5,13
2,4,12
1,5,11
0,6,10
1,7,11
0,8,10
-1,7,11
0,6,10
-1,7,9
-2,6,10
-1,7,11
-2,6,12
-3,7,11
-2,8,12
-3,7,13
-2,8,14
-1,9,15
-2,8,16
-1,9,17
0,8,16
1,7,15
0,8,14
1,7,13
0,8,12
1,9,13
2,10,14
1,9,15
0,10,14
1,9,13
0,10,12
1,11,13
2,10,12
1,9,13
2,10,14
1,11,13
0,10,14
-1,11,13
0,12,14
-1,11,15
-2,10,16
-1,9,15
0,8,14
1,9,15
2,10,16
1,9,17
2,10,18
3,9,17
2,10,16
3,11,17
4,12,18
5,13,19
4,14,18
3,15,17
2,14,18
3,15,19
4,14,18
5,13,17
6,14,18
5,13,19
4,12,20
5,11,19
6,12,20
7,13,21
6,14,20
7,15,21
6,14,22
7,15,23
8,14,22
9,13,21
10,14,22
9,15,21
8,14,22
9,13,21
8,14,20
9,15,21
8,14,22
7,15,21
6,14,22
7,15,23
8,16,24
9,17,25
10,18,26
9,19,25
8,20,24
9,19,23
10,18,22
11,17,21
10,18,20
9,17,21
10,16,20
9,17,19
10,18,20
11,19,21
10,18,22
9,17,23
10,16,22
9,17,21
8,16,22
7,17,21
8,18,22
7,19,21
8,20,22
7,21,21
6,20,22
5,21,21
6,22,22
5,23,21
6,24,22
7,25,23
6,26,22
5,27,21
4,26,22
5,25,21
6,26,22
7,27,23
8,28,24
7,29,23
8,30,24
9,31,25
8,32,24
7,33,23
8,34,24
9,35,25
8,36,24
9,37,25
8,38,24
9,39,25
10,40,26
11,39,25
10,40,24
9,41,23
10,42,24
11,43,25
12,44,26
11,45,25
12,46,26
13,47,27
12,46,28
13,47,29
14,48,30
13,47,31
14,48,32
15,49,33
16,50,34
15,51,33
16,52,34
17,53,35
16,54,34
15,53,35
16,54,36
15,53,37
14,52,38
15,53,39
14,52,40
15,53,41
16,54,42
15,53,43
16,52,42
17,53,43
18,54,44
19,55,45
18,56,44
19,57,45
20,58,46
21,59,47
20,60,46
21,61,47
20,60,48
19,61,47
20,62,48
19,63,47
18,64,46
19,65,47
20,66,48
19,67,47
20,68,48
19,67,49
18,68,48
17,69,47
18,70,48
19,71,49
20,72,50
19,71,51
20,70,50
21,69,49
22,70,50
23,71,51
24,70,50
25,71,51
26,70,50
27,71,51
28,70,50
29,71,51
30,72,52
29,73,51
30,74,52
31,75,53
32,74,52
31,75,51
32,76,52
33,75,51
34,74,50
35,75,51
36,76,52
35,75,53
34,74,54
33,73,55
32,74,54
33,75,55
34,76,56
33,75,57
34,76,58
35,77,59
34,78,58
33,77,59
32,76,60
33,77,61
34,78,62
33,79,61
32,78,62
33,79,63
34,80,64
35,81,65
36,80,64
37,79,63
38,78,62
37,79,61
36,78,62
35,79,61
34,78,62
35,77,61
34,76,62
35,77,63
34,78,62
33,77,63
34,78,64
33,77,65
34,78,66
35,79,67
36,80,68
35,79,69
34,78,70
33,79,69
34,80,70
33,79,71
34,78,70
35,77,69
34,78,68
35,79,69
34,80,68
35,81,69
34,80,70
35,81,71
34,80,72
35,81,73
34,80,74
35,79,73
36,78,72
37,77,71
38,78,72
39,79,73
40,80,74
41,79,73
42,80,74
41,81,73
42,82,74
43,83,75
42,82,76
43,81,75
42,82,74
43,83,75
44,82,74
43,81,75
44,82,76
45,83,77
46,82,76
47,83,77
48,84,78
47,83,79
46,82,80
47,81,79
48,80,78
49,81,79
50,80,78
51,81,79
52,80,78
53,81,79
54,80,78
53,81,77
52,80,78
51,81,77
52,80,76
53,79,75
54,80,76
53,79,77
54,78,76
53,77,77
52,76,78
51,75,79
50,74,80
51,75,81
52,74,80
51,73,81
50,74,80
51,75,81
50,76,80
51,77,81
52,78,82
53,77,81
54,78,82
55,77,81
56,78,82
57,79,83
56,80,82
55,81,81
54,82,80
53,81,81
54,82,82
53,81,83
54,80,82
53,79,83
52,78,84
51,77,85
50,78,84
51,79,85
50,78,86
51,77,85
50,78,84
51,77,83
52,78,84
51,79,83
50,80,82
49,81,81
50,82,82
51,81,81
52,82,82
51,81,83
52,80,82
53,81,83
54,82,84
53,81,85
54,80,84
53,81,83
54,82,84
55,81,83
56,80,82
55,79,83
54,78,84
53,79,83
52,78,84
53,79,85
52,78,86
53,77,85
52,78,84
51,77,85
50,78,84
49,77,85
48,78,84
49,79,85
50,78,84
49,79,83
48,80,82
49,81,83
50,82,84
51,81,83
52,80,82
53,81,83
54,82,84
53,83,83
54,84,84
55,85,85
54,86,84
55,87,85
56,88,86
55,87,87
54,88,86
55,89,87
56,88,86
57,89,87
58,88,86
59,87,85
60,86,84
61,87,85
62,88,86
63,89,87
62,90,86
63,91,87
62,92,86
61,91,87
60,92,86
61,93,87
62,94,88
63,95,89
62,96,88
63,95,87
64,96,88
65,97,89
66,98,90
65,99,89
66,100,90
67,101,91
66,100,92
67,101,93
66,102,92
67,103,93
66,104,92
67,103,91
68,104,92
67,103,93
68,104,94
69,103,93
70,102,92
69,101,93
68,102,92
67,103,91
66,104,90
67,105,91
68,104,90
67,103,91
68,104,92
67,103,93
66,104,92
67,103,91
66,104,90
67,103,89
66,104,88
65,105,87
64,106,86
63,105,87
64,104,86
65,105,87
64,104,88
65,105,89
66,106,90
67,105,89
66,106,88
65,105,89
66,104,88
67,103,87
66,104,86
65,105,85
66,106,86
65,107,85
64,106,86
65,107,87
64,106,88
63,107,87
64,108,88
63,107,89
62,108,88
63,109,89
62,110,88
61,111,87
62,110,86
61,111,85
60,112,84
59,113,83
60,114,84
59,115,83
60,116,84
61,115,83
60,114,84
61,113,83
62,114,84
63,115,85
62,116,84
63,117,85
64,118,86
63,119,85
64,120,86
65,119,85
64,120,84
65,121,85
66,120,84
67,119,83
68,118,82
67,117,83
68,116,82
69,115,81
70,116,82
71,117,83
70,116,84
71,115,83
70,116,82
71,117,83
70,116,84
69,115,85
70,114,84
71,113,83
72,112,82
71,111,83
72,110,82
73,109,81
72,108,82
71,109,81
72,110,82
73,111,83
74,110,82
73,109,83
74,110,84
73,111,83
72,110,84
73,111,85
74,110,84
73,109,85
72,108,86
73,107,85
72,108,84
71,109,83
72,110,84
71,109,85
72,108,84
73,109,85
72,108,86
73,107,85
74,106,84
73,107,83
74,108,84
75,109,85
76,110,86
75,109,87
74,110,86
73,111,85
74,112,86
75,111,85
76,110,84
77,111,85
76,110,86
77,109,85
76,108,86
75,109,85
76,110,86
77,111,87
76,110,88
77,111,89
76,110,90
77,109,89
76,108,90
77,109,91
76,108,92
77,109,93
76,108,94
75,109,93
76,110,94
77,109,93
78,108,92
79,109,93
78,110,92
77,111,91
78,112,92
79,113,93
80,114,94
79,115,93
80,116,94
81,117,95
80,118,94
81,119,95
82,120,96
81,119,97
82,118,96
81,119,95
82,120,96
81,119,97
80,120,96
79,119,97
80,118,96
79,119,95
80,120,96
81,119,95
80,118,96
81,119,97
82,118,96
81,117,97
82,118,98
81,117,99
82,116,98
83,115,97
82,114,98
83,115,99
82,116,98
83,117,99
84,118,100
83,119,99
84,120,100
85,119,99
86,120,100
87,121,101
88,120,100
89,119,99
88,120,98
87,121,97
86,120,98
87,119,97
86,118,98
85,117,99
86,116,98
85,117,97
86,118,98
87,117,97
88,118,98
89,119,99
90,120,100
89,119,101
88,118,102
89,119,103
90,120,104
89,121,103
90,122,104
89,123,103
90,124,104
89,123,105
90,122,104
91,121,103
92,120,102
91,121,101
90,122,100
89,123,99
90,122,98
91,123,99
92,124,100
93,125,101
92,126,100
93,127,101
92,126,102
93,127,103
92,128,102
91,127,103
92,128,104
93,129,105
94,128,104
95,129,105
96,130,106
95,131,105
96,132,106
95,133,105
96,134,106
97,133,105
98,132,104
99,133,105
100,134,106
99,133,107
98,134,106
97,133,107
98,132,106
99,133,107
100,134,108
99,133,109
100,132,108
99,131,109
100,130,108
99,129,109
100,130,110
99,129,111
100,128,110
99,129,109
98,130,108
99,131,109
98,132,108
99,133,109
100,134,110
99,135,109
100,134,108
101,133,107
100,134,106
101,133,105
100,132,106
101,133,107
100,132,108
101,131,107
100,132,106
99,133,105
98,134,104
99,135,105
100,134,104
99,133,105
100,134,106
101,133,105
100,132,106
101,131,105
100,130,106
99,129,107
98,130,106
99,131,107
98,132,106
97,133,105
98,132,104
99,133,105
98,132,106
99,131,105
100,130,104
101,129,103
100,128,104
99,129,103
98,128,104
99,127,103
98,128,102
97,129,101
98,130,102
97,131,101
96,130,102
97,129,101
98,128,100
99,129,101
98,130,100
97,131,99
96,130,100
97,129,99
96,130,98
97,131,99
98,130,98
99,131,99
98,132,98
99,133,99
98,134,98
99,135,99
100,136,100
101,135,99
102,136,100
103,137,101
102,136,102
103,137,103
102,136,104
103,137,105
102,138,104
101,137,105
102,138,106
101,137,107
100,136,108
99,135,109
98,134,110
99,135,111
100,136,112
101,137,113
102,136,112
103,137,113
104,136,112
105,135,111
106,134,110
107,133,109
108,134,110
109,135,111
110,136,112
111,137,113
110,136,114
111,137,115
110,136,116
109,135,117
110,134,116
111,135,117
112,136,118
113,137,119
112,136,120
113,135,119
114,134,118
115,133,117
116,134,118
117,133,117
116,132,118
115,133,117
114,132,118
113,133,117
112,132,118
113,131,117
114,132,118
113,133,117
112,132,118
113,131,117
114,130,116
115,131,117
116,132,118
115,133,117
114,132,118
115,131,117
114,132,116
113,131,117
114,132,118
115,133,119
116,132,118
115,133,117
116,134,118
115,133,119
116,134,120
115,133,121
114,132,122
115,131,121
116,132,122
117,133,123
118,132,122
119,133,123
120,134,124
119,133,125
120,132,124
119,133,123
118,132,124
117,133,123
118,134,124
117,133,125
118,132,124
117,131,125
116,130,126
117,131,127
116,132,126
117,131,125
118,130,124
119,129,123
120,128,122
121,129,123
122,130,124
121,131,123
122,130,122
123,131,123
124,132,124
123,133,123
124,134,124
125,133,123
126,132,122
127,133,123
128,134,124
127,133,125
126,132,126
127,133,127
126,134,126
125,135,125
124,134,126
125,133,125
124,134,124
125,135,125
124,136,124
125,137,125
124,136,126
125,135,125
124,136,124
125,137,125
126,136,124
127,135,123
128,134,122
129,135,123
128,136,122
129,137,123
130,138,124
129,137,125
128,136,126
129,135,125
130,134,124
129,135,123
130,136,124
131,135,123
132,134,122
133,133,121
132,134,120
131,133,121
130,134,120
131,135,121
132,136,122
133,137,123
132,136,124
133,137,125
134,136,124
135,137,125
134,138,124
133,139,123
134,140,124
135,139,123
134,138,124
135,137,123
136,138,124
135,137,125
134,136,126
133,137,125
134,138,126
135,137,125
136,138,126
135,137,127
136,138,128
137,137,127
138,138,128
137,139,127
136,140,126
135,141,125
136,142,126
137,141,125
136,140,126
137,141,127
138,140,126
137,141,125
138,142,126
139,143,127
138,142,128
139,141,127
140,142,128
139,143,127
140,144,128
139,145,127
140,146,128
139,147,127
140,148,128
139,149,127
138,148,128
139,149,129
140,148,128
139,147,129
138,148,128
139,149,129
140,150,130
139,149,131
140,150,132
139,149,133
140,150,134
139,149,135
140,150,136
139,149,137
140,148,136
139,149,135
140,150,136
141,149,135
140,148,136
139,149,135
138,150,134
137,149,135
138,148,134
137,147,135
136,146,136
135,147,135
134,146,136
133,145,137
134,146,138
133,147,137
134,148,138
135,147,137
136,148,138
135,149,137
136,150,138
137,151,139
136,150,140
135,151,139
134,152,138
133,153,137
132,154,136
133,153,135
134,154,136
133,155,135
132,156,134
133,155,133
134,156,134
135,157,135
134,156,136
135,155,135
136,156,136
135,157,135
134,158,134
133,159,133
134,160,134
135,161,135
136,162,136
135,161,137
136,162,138
135,161,139
136,162,140
137,161,139
138,160,138
137,159,139
138,160,140
139,161,141
140,160,140
139,159,141
140,158,140
139,157,141
140,158,142
141,159,143
140,158,144
141,157,143
142,158,144
141,159,143
140,160,142
139,161,141
138,160,142
137,159,143
138,160,144
137,159,145
136,160,144
135,161,143
136,162,144
137,161,143
138,160,142
137,159,143
138,160,144
139,161,145
138,160,146
139,161,147
140,162,148
139,161,149
140,162,150
141,163,151
140,164,150
141,165,151
142,166,152
141,165,153
142,164,152
143,163,151
144,164,152
145,163,151
144,162,152
143,163,151
144,164,152
145,165,153
146,164,152
147,163,151
148,162,150
149,163,151
148,162,152
147,161,153
146,162,152
145,161,153
144,162,152
145,163,153
144,162,154
145,163,155
144,164,154
143,165,153
142,164,154
143,163,153
144,162,152
145,163,153
144,162,154
145,161,153
146,160,152
147,159,151
148,158,150
147,159,149
146,158,150
147,159,151
148,160,152
147,161,151
148,162,152
147,163,151
146,162,152
145,161,153
146,160,152
147,159,151
146,160,150
145,159,151
146,160,152
147,159,151
148,158,150
149,157,149
150,158,150
151,157,149
152,156,148
153,157,149
152,158,148
153,159,149
154,160,150
153,159,151
154,160,152
155,161,153
156,160,152
155,161,151
156,162,152
155,163,151
156,164,152
157,163,151
156,164,150
155,165,149
154,164,150
153,165,149
154,164,148
155,165,149
156,164,148
157,163,147
156,162,148
155,163,147
154,162,148
155,161,147
156,160,146
157,161,147
156,160,148
157,161,149
156,162,148
157,161,147
158,162,148
159,161,147
160,162,148
159,161,149
160,160,148
159,159,149
158,158,150
159,159,151
160,160,152
161,161,153
162,162,154
163,161,153
162,160,154
163,159,153
162,160,152
161,161,151
162,162,152
163,163,153
164,164,154
163,163,155
164,162,154
163,163,153
164,164,154
163,163,155
162,162,156
163,161,155
164,162,156
163,163,155
164,164,156
165,163,155
166,164,156
165,163,157
166,162,156
167,163,157
166,162,158
167,163,159
168,162,158
169,163,159
168,162,160
167,163,159
168,164,160
169,165,161
170,166,162
171,165,161
170,166,160
169,167,159
168,168,158
169,169,159
168,168,160
167,167,161
166,168,160
167,169,161
168,170,162
169,169,161
170,168,160
169,167,161
168,168,160
169,169,161
170,168,160
171,169,161
170,170,160
171,171,161
172,172,162
171,171,163
170,170,164
171,169,163
170,168,164
171,169,165
170,168,166
169,167,167
170,168,168
171,169,169
172,170,170
171,171,169
172,170,168
171,171,167
170,170,168
171,169,167
172,170,168
171,171,167
170,170,168
171,169,167
172,168,166
173,169,167
174,168,166
173,167,167
174,166,166
175,165,165
174,164,166
173,163,167
174,164,168
173,165,167
174,166,168
175,165,167
174,164,168
175,163,167
176,162,166
177,163,167
176,162,168
175,163,167
174,162,168
173,161,169
172,160,170
171,161,169
172,162,170
171,161,171
172,160,170
173,159,169
174,160,170
173,161,169
172,160,170
173,161,171
172,160,172
171,159,173
172,158,172
173,157,171
174,156,170
173,157,169
172,156,170
173,155,169
174,156,170
175,157,171
176,156,170
177,155,169
178,154,168
179,153,167
180,154,168
179,155,167
178,154,168
179,153,167
178,154,166
177,153,167
178,154,168
177,153,169
176,154,168
177,153,167
178,154,168
179,153,167
178,154,166
179,153,165
178,152,166
179,151,165
178,150,166
177,149,167
176,148,168
175,147,169
174,146,170
175,147,171
174,146,172
175,145,171
174,144,172
175,143,171
176,142,170
177,143,171
178,142,170
177,141,171
176,140,172
177,139,171
178,140,172
177,139,173
178,140,174
177,141,173
178,140,172
177,139,173
178,138,172
179,137,171
180,138,172
181,139,173
182,138,172
183,139,173
182,140,172
181,141,171
180,142,170
181,143,171
182,144,172
183,143,171
184,142,170
185,143,171
186,142,170
187,141,169
188,142,170
187,141,171
188,142,172
189,143,173
190,144,174
191,143,173
190,142,174
191,141,173
190,140,174
191,139,173
192,138,172
191,137,173
192,136,172
193,135,171
194,136,172
193,137,171
192,138,170
193,139,171
194,138,170
193,139,169
194,140,170
195,141,171
194,140,172
195,141,173
196,140,172
195,139,173
196,140,174
195,139,175
196,140,176
197,139,175
196,138,176
197,139,177
196,138,178
195,139,177
196,138,176
197,139,177
196,138,178
197,137,177
196,136,178
197,135,177
196,134,178
195,133,179
194,134,178
193,135,177
194,136,178
195,135,177
194,134,178
195,135,179
194,136,178
195,137,179
196,136,178
197,137,179
198,138,180
197,137,181
196,136,182
195,137,181
194,138,180
193,137,181
194,136,180
195,135,179
196,134,178
197,135,179
196,136,178
197,137,179
198,138,180
197,137,181
198,136,180
199,135,179
200,136,180
201,137,181
200,138,180
199,137,181
200,136,180
201,135,179
200,136,178
199,137,177
198,136,178
199,135,177
200,136,178
199,135,179
200,134,178
201,133,177
202,132,176
203,131,175
202,132,174
201,131,175
202,132,176
203,133,177
204,134,178
205,135,179
204,134,180
205,135,181
206,134,180
207,135,181
208,134,180
207,133,181
208,134,182
207,135,181
206,134,182
205,133,183
204,134,182
203,135,181
202,134,182
201,135,181
200,134,182
201,135,183
202,136,184
203,135,183
204,136,184
203,135,185
204,134,184
205,135,185
206,136,186
