1,1,1
2,0,0
1,-1,1
0,-2,2
-1,-1,1
0,0,2
1,1,3
2,2,4
3,3,5
2,2,6
3,1,5
4,2,6
5,3,7
4,2,8
3,3,7
2,4,6
3,5,7
4,6,8
5,7,9
4,6,10
3,7,9
4,8,10
5,9,11
6,10,12
7,11,13
8,10,12
9,11,13
8,10,14
9,11,15
10,12,16
9,11,17
10,12,18
11,13,19
10,14,18
9,15,17
10,16,18
9,15,19
8,14,20
9,13,19
10,12,18
11,11,17
10,10,18
9,11,17
10,12,18
11,13,19
10,12,20
9,13,19
8,12,20
9,11,19
8,12,18
9,13,19
8,12,20
9,11,19
10,10,18
9,11,17
10,12,18
11,13,19
10,12,20
9,11,21
10,10,20
11,9,19
12,10,20
13,11,21
12,10,22
13,11,23
14,12,24
13,11,25
14,12,26
15,13,27
16,12,26
15,11,27
14,12,26
13,11,27
14,10,26
15,9,25
14,8,26
15,7,25
14,6,26
13,5,27
14,6,28
13,7,27
14,8,28
15,9,29
16,10,30
15,9,31
14,8,32
15,7,31
16,6,30
17,7,31
18,8,32
19,9,33
18,10,32
19,11,33
18,10,34
19,11,35
20,12,36
19,11,37
18,12,36
17,11,37
16,12,36
17,13,37
18,14,38
17,13,39
18,14,40
17,13,41
18,12,40
19,11,39
20,10,38
19,9,39
18,8,40
19,9,41
20,8,40
19,7,41
18,8,40
19,9,41
18,8,42
17,7,43
16,8,42
17,9,43
18,10,44
17,9,45
16,10,44
15,11,43
16,12,44
17,13,45
18,14,46
17,15,45
16,14,46
17,13,45
18,12,44
19,13,45
20,14,46
21,13,45
20,14,44
21,15,45
22,16,46
23,15,45
24,16,46
25,15,45
24,16,44
23,17,43
24,18,44
23,19,43
22,20,42
21,19,43
20,18,44
21,17,43
22,18,44
23,19,45
24,20,46
23,21,45
24,22,46
23,21,47
24,20,46
23,21,45
24,22,46
25,23,47
24,22,48
23,23,47
24,24,48
25,25,49
26,26,50
27,25,49
26,24,50
27,23,49
26,22,50
25,23,49
26,24,50
25,23,51
24,22,52
25,23,53
24,24,52
23,25,51
22,24,52
23,25,53
22,26,52
23,25,51
24,26,52
25,27,53
26,28,54
27,29,55
26,30,54
27,31,55
28,32,56
27,33,55
28,34,56
27,35,55
26,34,56
25,33,57
26,32,56
27,31,55
28,30,54
27,29,55
28,28,54
29,29,55
30,30,56
29,29,57
28,30,56
29,31,57
30,32,58
31,33,59
30,34,58
31,35,59
30,34,60
31,35,61
30,36,60
29,37,59
28,36,60
27,35,61
28,36,62
29,37,63
28,38,62
29,39,63
28,38,64
29,39,65
30,40,66
31,39,65
30,38,66
31,39,67
32,40,68
31,39,69
32,40,70
31,41,69
30,42,68
31,43,69
32,44,70
31,43,71
30,42,72
29,41,73
30,42,74
31,43,75
30,42,76
29,41,77
30,40,76
29,41,75
30,42,76
31,41,75
32,42,76
33,43,77
32,44,76
33,45,77
34,44,76
35,45,77
34,46,76
33,45,77
34,44,76
33,43,77
34,44,78
35,43,77
34,44,76
33,43,77
32,44,76
31,45,75
32,46,76
33,45,75
32,44,76
33,45,77
34,46,78
33,47,77
34,48,78
33,49,77
32,48,78
33,49,79
34,48,78
33,49,77
34,50,78
35,49,77
36,48,76
35,49,75
36,50,76
37,51,77
36,50,78
35,49,79
34,50,78
33,51,77
32,50,78
31,51,77
30,50,78
29,51,77
28,50,78
27,51,77
26,50,78
27,49,77
26,48,78
25,49,77
24,50,76
23,51,75
24,52,76
23,51,77
22,52,76
23,53,77
24,52,76
23,51,77
24,50,76
25,49,75
26,50,76
25,49,77
26,48,76
27,47,75
28,46,74
27,47,73
26,46,74
27,47,75
26,46,76
27,47,77
26,46,78
27,47,79
26,48,78
27,49,79
28,48,78
27,49,77
28,50,78
29,51,79
30,50,78
31,49,77
32,50,78
31,49,79
32,50,80
33,51,81
32,50,82
33,49,81
34,48,80
33,47,81
34,48,82
33,47,83
34,48,84
35,49,85
36,48,84
37,47,83
38,48,84
37,47,85
38,48,86
39,47,85
40,46,84
39,45,85
38,44,86
37,45,85
36,46,84
37,47,85
38,48,86
39,49,87
40,48,86
41,47,85
42,48,86
43,47,85
44,48,86
43,47,87
44,46,86
43,45,87
44,46,88
43,45,89
42,44,90
41,43,91
42,42,90
41,41,91
40,42,90
41,43,91
40,42,92
39,43,91
40,44,92
41,43,91
42,44,92
43,43,91
44,44,92
45,43,91
44,44,90
43,45,89
42,44,90
41,43,91
40,42,92
39,41,93
40,42,94
39,41,95
38,40,96
37,39,97
36,40,96
37,41,97
36,40,98
37,39,97
36,40,96
35,39,97
34,40,96
35,39,95
34,40,94
35,41,95
34,42,94
33,41,95
32,40,96
33,39,95
34,38,94
35,39,95
36,40,96
35,39,97
36,38,96
35,39,95
36,40,96
37,39,95
38,40,96
39,41,97
38,42,96
37,41,97
36,40,98
35,39,99
34,40,98
33,39,99
32,38,100
31,37,101
30,38,100
29,37,101
30,38,102
31,39,103
30,40,102
29,39,103
28,40,102
29,41,103
30,42,104
31,41,103
32,40,102
33,39,101
34,38,100
33,39,99
32,40,98
31,39,99
30,38,100
31,37,99
30,36,100
29,35,101
30,34,100
31,35,101
32,36,102
31,35,103
32,34,102
33,35,103
32,36,102
33,37,103
34,38,104
35,37,103
34,38,102
35,39,103
34,38,104
33,37,105
32,38,104
31,39,103
32,40,104
33,41,105
32,40,106
33,39,105
34,38,104
35,39,105
36,40,106
35,41,105
34,42,104
35,41,103
34,40,104
33,39,105
34,40,106
35,41,107
36,42,108
37,41,107
38,42,108
37,43,107
38,44,108
39,43,107
40,44,108
41,45,109
42,44,108
41,45,107
40,46,106
39,47,105
38,46,106
37,45,107
38,46,108
37,45,109
38,46,110
39,45,109
40,46,110
41,47,111
40,48,110
39,49,109
38,50,108
37,49,109
38,50,110
39,51,111
38,50,112
39,49,111
40,50,112
41,49,111
40,50,110
39,49,111
40,48,110
39,47,111
38,48,110
37,49,109
36,48,110
37,47,109
36,46,110
35,45,111
36,44,110
37,43,109
36,42,110
37,41,109
38,42,110
39,43,111
40,42,110
39,43,109
38,42,110
37,43,109
36,44,108
35,45,107
34,44,108
33,45,107
32,44,108
31,45,107
30,46,106
31,47,107
30,46,108
31,47,109
30,48,108
31,49,109
32,50,110
31,49,111
30,48,112
29,49,111
30,50,112
31,51,113
32,50,112
33,49,111
32,48,112
31,47,113
30,46,114
31,45,113
32,46,114
33,45,113
32,44,114
31,45,113
30,44,114
31,43,113
30,42,114
29,41,115
30,40,114
29,41,113
28,40,114
27,39,115
28,38,114
29,37,113
28,36,114
27,37,113
28,36,112
29,35,111
28,36,110
29,37,111
30,38,112
31,37,111
30,36,112
31,35,111
30,36,110
29,35,111
28,34,112
29,33,111
28,34,110
27,35,109
28,36,110
27,37,109
28,36,108
29,37,109
28,36,110
29,35,109
30,34,108
29,35,107
30,36,108
29,35,109
28,34,110
29,35,111
30,34,110
29,35,109
28,34,110
29,33,109
30,32,108
29,31,109
28,30,110
29,29,109
30,30,110
29,31,109
30,32,110
31,33,111
30,32,112
29,31,113
30,30,112
31,29,111
30,28,112
31,29,113
30,28,114
29,27,115
28,26,116
27,27,115
26,28,114
27,27,113
28,26,112
27,27,111
26,28,110
25,29,109
26,30,110
27,29,109
28,30,110
27,31,109
28,32,110
29,33,111
28,32,112
29,31,111
30,30,110
31,29,109
32,28,108
31,29,107
32,30,108
33,29,107
32,28,108
33,27,107
34,26,106
33,27,105
32,26,106
33,25,105
32,24,106
33,25,107
32,24,108
31,23,109
32,22,108
33,23,109
34,24,110
35,23,109
34,22,110
35,23,111
34,24,110
35,25,111
36,26,112
35,25,113
36,24,112
37,23,111
36,24,110
37,25,111
36,24,112
37,25,113
38,26,114
37,25,115
38,26,116
39,27,117
38,28,116
39,29,117
40,28,116
41,29,117
40,28,118
41,29,119
40,30,118
39,29,119
40,30,120
39,29,121
38,30,120
39,31,121
40,32,122
41,31,121
42,32,122
43,31,121
42,30,122
41,29,123
42,28,122
43,27,121
44,28,122
45,27,121
46,28,122
47,29,123
48,30,124
47,31,123
48,32,124
49,33,125
48,34,124
49,35,125
48,34,126
49,35,127
48,34,128
47,33,129
48,32,128
49,33,129
50,32,128
51,31,127
52,32,128
51,33,127
52,34,128
51,35,127
52,36,128
53,37,129
54,36,128
55,37,129
56,38,130
55,37,131
54,38,130
53,37,131
54,36,130
55,37,131
56,38,132
55,37,133
56,36,132
55,35,133
56,34,132
55,35,131
54,36,130
53,35,131
54,34,130
53,35,129
54,36,130
53,35,131
52,34,132
53,35,133
54,36,134
53,35,135
54,34,134
55,33,133
54,32,134
53,31,135
52,32,134
51,31,135
50,30,136
51,29,135
50,30,134
49,29,135
48,28,136
47,27,137
48,28,138
47,29,137
46,28,138
47,29,139
46,28,140
47,29,141
48,30,142
47,29,143
48,28,142
49,29,143
48,30,142
47,29,143
48,28,142
49,29,143
48,28,144
49,27,143
50,26,142
51,27,143
50,28,142
49,29,141
50,30,142
51,31,143
52,30,142
51,29,143
52,30,144
53,31,145
52,30,146
53,29,145
54,28,144
53,27,145
52,28,144
53,29,145
54,28,144
55,27,143
54,28,142
53,27,143
52,26,144
51,27,143
52,28,144
51,27,145
52,28,146
51,29,145
52,30,146
53,31,147
54,30,146
55,31,147
54,30,148
53,29,149
52,28,150
51,27,151
50,28,150
51,29,151
52,30,152
53,31,153
54,32,154
53,31,155
54,32,156
55,31,155
56,32,156
57,33,157
58,34,158
59,35,159
60,34,158
61,33,157
62,32,156
63,33,157
64,34,158
65,35,159
66,34,158
67,33,157
66,32,158
67,33,159
68,32,158
67,31,159
68,32,160
69,33,161
70,34,162
71,35,163
70,34,164
69,35,163
70,36,164
71,35,163
70,34,164
69,33,165
70,32,164
71,33,165
72,32,164
71,31,165
70,30,166
71,29,165
72,30,166
73,31,167
72,30,168
73,29,167
72,30,166
71,31,165
70,32,164
69,33,163
68,32,164
69,33,165
70,34,166
69,33,167
68,32,168
69,33,169
68,34,168
67,35,167
68,36,168
67,37,167
66,36,168
67,37,169
66,36,170
67,35,169
68,36,170
69,37,171
70,36,170
71,37,171
72,36,170
71,35,171
72,34,170
71,33,171
70,32,172
69,33,171
68,34,170
67,33,171
68,32,170
67,31,171
66,30,172
67,31,173
66,30,174
65,31,173
64,32,172
63,31,173
64,30,172
65,31,173
64,30,174
65,29,173
64,30,172
63,29,173
64,30,174
65,29,173
64,28,174
65,27,173
66,28,174
67,27,173
68,26,172
67,25,173
68,24,172
69,25,173
68,24,174
69,23,173
68,22,174
69,21,173
68,20,174
69,19,173
68,18,174
69,19,175
68,18,176
69,17,175
68,18,174
69,19,175
70,18,174
71,17,173
72,16,172
73,17,173
72,18,172
73,19,173
74,20,174
73,19,175
72,18,176
73,17,175
74,16,174
73,17,173
74,18,174
73,17,175
74,16,174
75,15,173
74,14,174
73,13,175
72,14,174
73,15,175
74,16,176
75,17,177
74,16,178
73,17,177
74,16,176
75,15,175
74,16,174
73,17,173
74,18,174
73,17,175
74,16,174
75,15,173
76,14,172
75,13,173
76,12,172
75,11,173
74,12,172
73,13,171
72,12,172
71,11,173
70,12,172
71,13,173
72,14,174
71,15,173
70,16,172
71,17,173
72,16,172
73,17,173
74,18,174
73,17,175
72,18,174
71,17,175
72,18,176
73,17,175
74,18,176
75,17,175
74,16,176
75,17,177
74,16,178
73,17,177
74,18,178
75,19,179
76,20,180
75,19,181
76,20,182
77,19,181
78,18,180
79,17,179
78,16,180
79,17,181
78,16,182
79,17,183
78,16,184
79,17,185
78,16,186
79,15,185
78,16,184
79,17,185
80,16,184
79,17,183
80,16,182
81,15,181
82,16,182
83,15,181
82,14,182
81,13,183
80,12,184
79,11,185
78,10,186
79,9,185
80,8,184
81,9,185
82,8,184
83,9,185
82,10,184
83,11,185
84,12,186
83,11,187
82,12,186
81,13,185
82,14,186
81,15,185
82,14,184
81,15,183
80,16,182
79,17,181
78,18,180
79,19,181
80,20,182
79,19,183
80,18,182
81,19,183
80,20,182
81,19,181
82,18,180
83,17,179
84,18,180
83,19,179
84,20,180
85,19,179
86,18,178
85,19,177
86,20,178
87,19,177
86,18,178
85,17,179
86,16,178
85,15,179
86,14,178
87,13,177
86,12,178
85,13,177
84,14,176
85,15,177
86,14,176
85,13,177
86,14,178
85,13,179
84,14,178
83,13,179
82,12,180
81,13,179
80,12,180
81,13,181
82,14,182
81,13,183
82,12,182
83,11,181
84,10,180
85,9,179
84,10,178
85,11,179
84,10,180
85,11,181
84,10,182
85,9,181
86,8,180
87,7,179
88,6,178
87,5,179
88,6,180
89,7,181
90,8,182
91,9,183
92,8,182
93,7,181
94,6,180
93,5,181
92,4,182
91,3,183
90,2,184
89,3,183
90,2,182
89,1,183
88,0,184
87,-1,185
88,0,186
89,-1,185
90,0,186
89,-1,187
90,0,188
89,1,187
90,0,186
91,-1,185
90,-2,186
91,-1,187
92,0,188
91,1,187
92,0,186
93,-1,185
92,-2,186
93,-3,185
92,-4,186
91,-5,187
90,-6,188
91,-7,187
92,-8,186
93,-7,187
92,-8,188
93,-7,189
94,-8,188
95,-9,187
96,-8,188
97,-7,189
98,-8,188
99,-7,189
100,-6,190
99,-5,189
98,-6,190
99,-5,191
100,-4,192
101,-3,193
102,-2,194
103,-3,193
102,-4,194
103,-3,195
102,-2,194
101,-3,195
102,-2,196
103,-3,195
102,-2,194
101,-3,195
100,-2,194
101,-1,195
102,0,196
103,-1,195
104,-2,194
105,-1,195
106,-2,194
105,-3,195
106,-4,194
107,-5,193
108,-6,192
107,-7,193
106,-8,194
105,-9,195
106,-10,194
107,-9,195
108,-10,194
109,-9,195
108,-10,196
109,-11,195
110,-10,196
109,-11,197
108,-12,198
107,-13,199
108,-14,198
109,-15,197
110,-16,196
111,-15,197
110,-14,196
109,-13,195
108,-12,194
107,-11,193
108,-10,194
109,-9,195
108,-10,196
109,-11,195
110,-12,194
111,-11,195
110,-12,196
111,-13,195
112,-14,194
113,-13,195
112,-12,194
113,-11,195
114,-12,194
115,-11,195
116,-12,194
117,-11,195
116,-10,194
117,-11,193
118,-12,192
119,-11,193
118,-10,192
119,-9,193
120,-8,194
119,-7,193
120,-6,194
121,-7,193
120,-8,194
119,-9,195
118,-10,196
117,-9,195
116,-10,196
115,-9,195
114,-10,196
115,-11,195
114,-12,196
115,-13,195
116,-12,196
117,-11,197
118,-12,196
117,-11,195
118,-10,196
119,-9,197
120,-10,196
121,-9,197
120,-8,196
121,-7,197
120,-8,198
119,-9,199
120,-10,198
119,-11,199
118,-12,200
119,-13,199
118,-12,198
119,-11,199
120,-10,200
119,-11,201
120,-10,202
121,-9,203
120,-8,202
119,-9,203
120,-10,202
121,-9,203
120,-10,204
119,-11,205
120,-12,204
121,-13,203
120,-14,204
119,-13,203
120,-12,204
121,-13,203
122,-14,202
123,-13,203
122,-14,204
123,-13,205
122,-14,206
123,-13,207
124,-14,206
123,-13,205
124,-14,204
125,-15,203
126,-14,204
127,-13,205
128,-14,204
127,-15,205
126,-16,206
125,-17,207
124,-18,208
125,-19,207
124,-20,208
123,-21,209
122,-20,208
123,-19,209
124,-20,208
123,-19,207
124,-18,208
123,-17,207
122,-16,206
121,-15,205
122,-14,206
123,-15,205
124,-14,206
125,-13,207
124,-12,206
123,-13,207
124,-14,206
125,-13,207
124,-12,206
125,-11,207
126,-12,206
127,-13,205
128,-12,206
127,-11,205
126,-12,206
127,-11,207
128,-12,206
129,-11,207
128,-10,206
127,-11,207
128,-12,206
127,-11,205
128,-10,206
127,-11,207
128,-12,206
127,-11,205
128,-12,204
129,-11,205
128,-10,204
127,-9,203
126,-10,204
125,-11,205
126,-12,204
125,-11,203
124,-12,204
123,-13,205
122,-14,206
121,-15,207
122,-16,206
123,-17,205
124,-18,204
123,-19,205
122,-20,206
123,-21,205
124,-20,206
125,-21,205
124,-20,204
123,-21,205
124,-20,206
125,-19,207
124,-20,208
123,-19,207
124,-18,208
125,-19,207
126,-18,208
127,-19,207
128,-20,206
129,-19,207
130,-18,208
131,-19,207
132,-18,208
131,-17,207
130,-16,206
129,-15,205
130,-14,206
131,-13,207
132,-14,206
133,-15,205
134,-14,206
135,-15,205
136,-14,206
137,-13,207
136,-14,208
137,-13,209
136,-12,208
137,-11,209
138,-10,210
137,-11,211
136,-10,210
135,-11,211
136,-12,210
137,-13,209
138,-12,210
137,-11,209
136,-10,208
137,-9,209
138,-10,208
137,-11,209
138,-12,208
139,-13,207
140,-12,208
141,-11,209
142,-12,208
141,-11,207
142,-10,208
143,-11,207
142,-10,206
143,-9,207
142,-10,208
141,-11,209
140,-12,210
139,-11,209
138,-12,210
137,-13,211
136,-14,212
135,-15,213
134,-16,214
135,-17,213
134,-18,214
135,-19,213
136,-20,212
137,-21,211
138,-22,210
137,-23,211
138,-22,212
139,-21,213
140,-20,214
139,-21,215
140,-20,216
141,-21,215
140,-20,214
141,-21,213
142,-20,214
141,-19,213
142,-18,214
141,-17,213
140,-18,214
141,-19,213
140,-20,214
141,-21,213
142,-22,212
143,-23,211
142,-24,212
141,-25,213
142,-26,212
143,-27,211
142,-28,212
141,-27,211
140,-28,212
139,-29,213
140,-30,212
141,-31,211
140,-30,210
139,-29,209
140,-28,210
141,-29,209
142,-28,210
141,-27,209
142,-28,208
143,-29,207
142,-30,208
143,-31,207
142,-30,206
141,-31,207
142,-32,206
143,-31,207
144,-32,206
143,-33,207
142,-34,208
143,-35,207
142,-34,206
141,-33,205
142,-32,206
141,-33,207
140,-34,208
139,-33,207
140,-32,208
139,-31,207
138,-30,206
139,-29,207
138,-30,208
137,-31,209
138,-32,208
139,-31,209
138,-30,208
139,-29,209
140,-28,210
141,-29,209
140,-30,210
141,-29,211
142,-30,210
141,-31,211
140,-32,212
139,-33,213
140,-34,212
139,-35,213
138,-36,214
137,-35,213
138,-34,214
139,-33,215
140,-32,216
141,-31,217
142,-30,218
143,-29,219
142,-28,218
141,-29,219
