1,1,1
0,0,2
1,-1,1
2,0,2
3,1,3
2,0,4
1,1,3
0,2,2
1,3,3
2,4,4
3,5,5
2,4,6
1,5,5
2,6,6
3,7,7
4,8,8
5,9,9
6,8,8
7,9,9
6,8,10
7,9,11
8,10,12
7,9,13
8,10,14
9,11,15
8,12,14
7,13,13
8,14,14
7,13,15
6,12,16
7,11,15
8,10,14
9,11,15
8,10,16
7,11,15
8,12,16
9,13,17
8,12,18
7,11,19
6,10,20
7,9,19
6,8,20
7,9,21
6,8,22
7,7,21
8,6,20
7,5,21
8,6,22
9,7,23
8,6,24
7,7,23
8,6,22
9,5,21
10,6,22
11,7,23
10,6,24
11,7,25
12,6,24
11,7,23
10,8,22
11,9,23
12,8,22
11,9,21
10,8,22
9,7,23
10,6,22
11,7,23
10,6,24
11,5,23
10,4,24
9,3,25
10,4,26
9,5,25
10,6,26
11,7,27
12,8,28
11,7,29
10,6,30
11,5,29
12,4,28
13,3,27
14,4,28
15,5,29
14,6,28
15,7,29
14,6,30
15,7,31
16,8,32
15,7,33
14,8,32
13,7,33
12,8,32
13,9,33
14,10,34
13,9,35
14,10,36
13,9,37
14,8,36
15,7,35
16,6,34
15,5,35
14,4,36
15,5,37
16,4,36
15,5,35
14,6,34
15,7,35
14,6,36
13,5,37
12,6,36
13,7,37
14,8,38
13,7,39
12,6,40
11,7,39
12,8,40
13,7,39
14,8,40
13,9,39
14,10,40
15,9,39
16,8,38
17,7,37
18,8,38
19,9,39
18,8,40
17,9,39
18,10,40
19,11,41
18,12,40
19,13,41
18,14,40
17,15,39
18,16,40
19,15,39
18,16,38
17,17,37
16,16,38
17,15,37
18,16,38
19,17,39
18,18,38
17,19,37
18,20,38
17,19,39
18,18,38
17,19,37
18,20,38
19,21,39
18,20,40
17,21,39
18,22,40
19,23,41
20,24,42
21,23,41
20,24,40
21,25,41
20,24,42
19,23,43
20,24,44
19,23,45
18,22,46
19,23,47
18,24,46
17,23,47
16,22,48
17,23,49
16,22,50
17,21,49
18,22,50
19,23,51
20,24,52
21,25,53
20,26,52
21,27,53
22,28,54
21,27,55
22,28,56
21,29,55
20,30,54
19,29,55
20,28,54
21,27,53
22,26,52
21,25,53
22,26,54
23,27,55
24,28,56
23,27,57
22,28,56
23,29,57
24,28,56
25,29,57
24,30,56
25,31,57
24,30,58
25,31,59
24,30,60
25,29,59
24,28,60
23,29,59
24,30,60
25,31,61
24,32,60
25,33,61
24,32,62
23,33,61
24,34,62
25,33,61
24,34,60
25,35,61
26,36,62
25,35,63
26,36,64
25,37,63
24,38,62
25,39,63
26,40,64
25,39,65
24,38,66
23,37,67
22,36,68
21,37,67
20,36,68
19,35,69
20,34,68
19,35,67
18,34,68
19,33,67
20,34,68
21,35,69
20,36,68
21,37,69
22,36,68
23,35,67
22,36,66
21,35,67
22,36,68
21,35,69
22,36,70
23,37,71
22,38,70
21,39,69
20,38,70
19,39,69
20,38,68
21,37,67
20,36,68
21,35,67
22,36,68
21,37,67
22,38,68
21,37,69
20,36,70
21,37,71
22,36,70
21,37,69
22,36,68
23,35,67
24,34,66
23,35,65
24,36,66
25,37,67
24,36,68
23,35,69
22,36,68
23,37,69
22,36,70
21,37,69
20,36,70
19,37,69
18,36,70
17,35,71
16,34,72
17,33,71
16,34,70
15,35,69
14,36,68
13,35,69
14,36,70
13,35,71
12,34,72
13,35,73
14,34,72
13,33,73
14,32,72
15,31,71
16,30,70
15,29,71
16,28,70
17,27,69
18,26,68
17,27,67
16,26,68
17,27,69
16,26,70
17,27,71
16,26,72
17,27,73
16,28,72
17,29,73
18,28,72
17,27,73
18,28,74
19,29,75
20,28,74
21,27,73
22,28,74
21,27,75
22,28,76
23,29,77
22,30,76
23,29,75
24,28,74
23,27,75
24,28,76
23,27,77
24,28,78
25,29,79
26,28,78
27,29,79
28,30,80
27,29,81
26,28,82
27,27,81
28,26,80
27,25,81
26,24,82
25,25,81
24,26,80
25,27,81
26,28,82
27,27,81
28,26,80
29,25,79
30,24,78
31,23,77
32,24,78
31,23,79
32,22,78
31,21,79
32,20,78
31,19,79
30,18,80
29,17,81
30,16,80
29,15,81
28,14,82
29,15,83
28,14,84
29,15,85
30,16,86
31,15,85
32,16,86
33,15,85
34,16,86
35,15,85
34,16,84
33,17,83
34,18,84
33,17,85
32,16,86
31,17,85
32,18,86
31,17,87
30,18,86
29,17,87
28,18,86
29,19,87
28,18,88
29,17,87
28,18,86
27,17,87
26,18,86
25,19,85
24,20,84
25,21,85
24,22,84
23,21,85
22,20,86
23,19,85
24,18,84
25,19,85
26,20,86
25,19,87
26,18,86
25,19,85
26,20,86
27,19,85
28,20,86
29,21,87
28,22,86
27,23,85
26,22,86
25,21,87
24,22,86
23,21,87
22,20,88
21,19,89
20,18,90
19,17,91
20,16,90
21,17,91
20,18,90
19,17,91
18,18,90
19,19,91
20,18,90
21,17,89
22,16,88
23,17,89
24,16,88
23,17,87
22,16,88
21,17,87
20,16,88
21,15,87
20,14,88
19,13,89
20,12,88
21,13,89
22,14,90
21,13,91
22,12,90
23,13,91
22,14,90
23,15,91
24,16,92
25,15,91
24,16,90
25,17,91
24,16,92
23,15,93
22,16,92
21,15,93
22,16,94
23,17,95
22,16,96
23,15,95
24,14,94
25,13,93
26,14,94
25,15,93
24,16,92
25,15,91
24,14,92
23,15,91
24,16,92
25,17,93
26,18,94
27,17,93
28,18,94
27,17,95
28,18,96
29,17,95
30,18,96
31,19,97
32,18,96
31,19,95
30,20,94
29,21,93
28,20,94
27,19,95
28,20,96
27,21,95
28,22,96
29,21,95
30,22,96
31,23,97
30,24,96
29,23,97
28,22,98
27,21,99
28,20,98
29,21,99
28,20,100
29,19,99
30,20,100
31,19,99
30,18,100
29,17,101
30,16,100
29,15,101
28,16,100
27,17,99
26,18,98
27,17,97
26,16,98
27,15,97
28,14,96
29,13,95
28,12,96
29,11,95
30,12,96
31,13,97
32,12,96
31,13,95
30,12,96
29,13,95
28,14,94
27,13,95
26,12,96
25,13,95
24,14,94
23,15,93
22,16,92
23,17,93
22,16,94
23,17,95
22,18,94
23,19,95
24,20,96
23,19,97
22,18,98
21,19,97
22,20,98
23,21,99
24,20,98
25,21,99
24,20,100
23,19,101
22,18,102
23,17,101
24,18,102
25,17,101
24,16,102
23,17,101
22,16,102
23,15,101
22,14,102
21,13,103
22,12,102
21,13,101
20,12,102
19,11,103
20,10,102
21,9,101
20,8,102
19,9,101
20,8,100
21,7,99
20,8,98
21,9,99
22,10,100
23,9,99
22,8,100
23,7,99
22,8,98
21,7,99
20,6,100
21,5,99
20,4,100
19,5,99
20,6,100
19,5,101
20,4,100
21,5,101
20,4,102
21,3,101
22,2,100
21,3,99
22,4,100
21,3,101
20,4,100
21,5,101
22,4,100
21,3,101
20,2,102
21,1,101
22,0,100
21,-1,101
20,-2,102
21,-3,101
22,-2,102
21,-1,101
22,0,102
23,1,103
22,0,104
21,-1,105
22,-2,104
23,-3,103
24,-2,104
25,-1,105
24,-2,106
23,-3,107
22,-4,108
21,-3,107
20,-4,108
21,-5,107
22,-6,106
21,-7,107
20,-6,106
19,-5,105
20,-4,106
21,-5,105
22,-4,106
21,-3,105
22,-2,106
23,-1,107
22,-2,108
23,-3,107
24,-4,106
25,-5,105
26,-6,104
25,-5,103
24,-6,104
25,-7,103
24,-8,104
25,-9,103
26,-10,102
25,-9,101
24,-10,102
25,-11,101
24,-12,102
25,-11,103
24,-12,104
23,-13,105
24,-14,104
25,-13,105
26,-12,106
27,-13,105
26,-14,106
27,-13,107
26,-12,106
27,-11,107
28,-10,108
27,-11,109
28,-12,108
29,-13,107
28,-12,106
29,-11,107
28,-12,108
29,-11,109
30,-10,110
29,-11,111
30,-10,112
31,-9,113
30,-8,112
31,-9,111
32,-10,110
33,-9,111
32,-8,110
33,-7,111
32,-6,110
31,-7,111
32,-6,112
31,-7,113
30,-6,112
31,-5,113
32,-4,114
33,-5,113
34,-4,114
35,-5,113
34,-6,114
33,-7,115
34,-8,114
35,-9,113
36,-8,114
37,-9,113
38,-8,114
39,-7,115
40,-6,116
39,-5,115
40,-4,116
41,-3,117
40,-2,116
41,-1,117
40,-2,118
39,-1,117
38,0,116
37,-1,117
38,-2,116
39,-1,117
40,-2,116
41,-1,117
42,0,118
41,1,117
40,0,118
39,1,117
40,2,118
41,3,119
42,2,118
43,3,119
44,4,120
43,3,121
42,4,120
41,3,121
42,2,120
43,3,121
44,4,122
43,3,123
44,2,122
43,1,123
44,0,122
43,1,121
44,2,122
43,1,123
44,0,122
43,-1,123
44,-2,122
43,-3,123
44,-2,124
45,-1,125
46,0,126
45,-1,127
46,-2,126
47,-3,125
46,-2,124
45,-3,125
44,-2,124
43,-3,125
42,-4,126
43,-5,125
42,-4,124
41,-5,125
40,-6,126
39,-7,127
40,-6,128
39,-5,127
38,-6,128
39,-7,127
38,-8,128
39,-7,129
40,-6,130
39,-7,131
40,-8,130
41,-7,131
40,-6,130
39,-7,131
40,-8,130
41,-7,131
40,-8,132
41,-9,131
42,-10,130
43,-9,131
42,-8,130
41,-7,129
42,-6,130
43,-5,131
44,-6,130
43,-7,131
44,-6,132
45,-5,133
44,-4,132
45,-5,131
46,-6,130
47,-7,129
46,-6,128
47,-5,129
48,-6,128
49,-7,127
48,-6,126
49,-5,127
48,-6,128
47,-5,127
48,-4,128
47,-5,129
48,-4,130
47,-3,129
48,-2,130
49,-1,131
50,0,132
51,1,133
50,0,134
49,-1,135
48,-2,136
47,-3,137
46,-2,136
47,-1,137
48,0,138
49,-1,137
50,0,138
49,-1,139
50,0,140
51,-1,139
52,0,140
53,1,141
54,2,142
55,3,143
56,4,144
57,3,143
58,2,142
59,3,143
60,4,144
61,5,145
62,6,146
63,5,145
62,4,146
63,5,147
64,4,146
63,3,147
62,2,148
63,3,149
64,4,150
65,5,151
64,4,152
63,5,151
64,6,152
65,5,151
64,4,152
63,3,153
64,2,152
65,3,153
66,4,154
65,3,155
64,2,156
65,1,155
66,2,156
67,1,155
66,0,156
67,-1,155
66,0,154
65,1,153
64,2,152
63,3,151
62,2,152
63,3,153
64,4,154
63,3,155
62,2,156
63,3,157
62,4,156
61,5,155
62,6,156
61,7,155
60,6,156
61,7,157
60,8,156
61,7,155
62,8,156
63,7,155
64,6,154
65,7,155
66,6,154
65,5,155
66,4,154
65,5,153
64,4,154
63,5,153
62,6,152
61,5,153
62,4,152
61,3,153
60,2,154
61,3,155
60,2,156
59,3,155
58,4,154
57,3,155
58,2,154
59,3,155
58,2,156
59,1,155
58,2,154
59,3,155
60,2,154
61,1,153
60,2,152
61,1,151
62,2,152
63,3,153
64,4,154
63,3,155
62,4,154
63,5,155
62,4,156
63,3,155
62,2,156
63,1,155
62,0,156
63,-1,155
62,-2,156
63,-3,155
62,-4,156
63,-5,155
62,-4,154
63,-3,155
64,-4,154
65,-5,153
66,-6,152
67,-5,153
66,-6,154
67,-5,155
68,-4,156
67,-3,155
66,-4,156
67,-5,155
68,-6,154
67,-5,153
68,-4,154
67,-5,155
68,-6,154
69,-7,153
68,-6,152
67,-7,153
66,-6,152
67,-7,151
68,-6,152
69,-5,153
68,-6,154
67,-5,153
68,-6,152
69,-7,151
68,-6,150
67,-5,149
68,-6,148
67,-7,149
68,-8,148
69,-9,147
70,-10,146
69,-11,147
70,-10,148
69,-11,149
68,-10,148
67,-9,147
66,-10,148
65,-11,149
64,-10,148
65,-9,149
66,-8,150
65,-9,151
64,-8,150
65,-7,151
66,-6,152
67,-5,153
68,-4,154
67,-5,155
66,-4,154
65,-5,155
66,-6,154
67,-7,153
68,-6,154
69,-7,153
68,-8,154
69,-7,155
68,-8,156
67,-7,155
68,-6,156
69,-5,157
70,-4,158
69,-5,159
70,-4,160
71,-5,159
72,-6,158
73,-5,159
72,-6,160
73,-5,161
72,-6,162
73,-5,163
72,-6,164
73,-5,165
72,-6,166
73,-7,165
72,-6,164
73,-5,165
74,-6,164
73,-7,165
74,-8,164
75,-9,163
76,-8,164
77,-9,163
76,-10,164
75,-11,165
74,-12,166
73,-13,167
72,-12,166
73,-13,165
74,-14,164
75,-15,163
76,-16,162
77,-15,163
76,-14,162
77,-13,163
78,-12,164
77,-13,165
76,-12,164
75,-11,163
76,-10,164
75,-9,163
76,-10,162
75,-9,161
74,-8,160
73,-7,159
72,-6,158
73,-5,159
74,-4,160
73,-5,161
74,-6,160
75,-5,161
74,-6,162
75,-7,161
76,-8,160
77,-7,161
78,-6,162
77,-5,161
78,-4,162
79,-5,161
80,-6,160
79,-5,159
80,-4,160
81,-5,159
80,-6,160
79,-7,161
80,-8,160
79,-7,159
80,-8,158
81,-9,157
80,-10,158
79,-9,157
78,-8,156
79,-9,155
80,-8,156
79,-9,157
80,-10,156
79,-11,157
78,-10,156
77,-9,155
76,-8,154
75,-7,153
74,-8,154
75,-7,155
76,-6,156
75,-5,155
76,-6,154
77,-7,153
78,-8,152
79,-9,151
78,-8,150
79,-7,151
78,-8,152
79,-7,153
78,-8,154
79,-9,153
80,-10,152
81,-9,153
82,-10,152
81,-11,153
82,-10,154
83,-9,155
84,-8,156
85,-7,157
86,-8,156
87,-9,155
88,-10,154
87,-11,155
86,-12,156
85,-13,157
84,-14,158
83,-13,157
84,-12,158
83,-13,159
82,-14,160
81,-15,161
82,-14,162
83,-13,163
84,-12,164
83,-13,165
84,-12,166
83,-11,165
84,-12,164
85,-13,163
84,-12,162
85,-11,163
86,-10,164
85,-11,165
86,-12,164
87,-13,163
86,-14,164
87,-15,163
86,-16,164
85,-17,165
84,-18,166
85,-19,165
86,-20,164
87,-19,165
86,-20,166
85,-19,165
86,-20,164
87,-21,163
88,-20,164
89,-19,165
90,-20,164
91,-19,165
92,-18,166
91,-17,165
92,-16,166
93,-15,167
94,-14,168
95,-13,169
96,-12,170
97,-13,169
96,-14,170
97,-13,171
96,-12,170
95,-13,171
96,-12,172
97,-13,171
96,-14,172
95,-15,173
94,-14,172
93,-13,171
94,-12,172
95,-13,171
96,-12,172
97,-11,173
98,-12,172
97,-11,171
98,-12,170
99,-13,169
98,-12,168
97,-13,169
96,-14,170
95,-15,171
96,-16,170
97,-15,171
98,-16,170
99,-15,171
98,-16,172
99,-17,171
100,-16,172
99,-17,173
98,-18,174
97,-19,175
98,-20,174
99,-21,173
100,-22,172
101,-21,173
100,-22,174
99,-21,173
98,-20,172
99,-21,171
100,-20,172
101,-19,173
100,-20,174
101,-21,173
102,-22,172
103,-23,171
102,-24,172
103,-25,171
104,-26,170
105,-25,171
104,-24,170
103,-25,171
104,-26,170
105,-25,171
106,-26,170
107,-25,171
106,-24,170
107,-23,171
108,-24,170
109,-23,171
108,-22,170
109,-21,171
110,-22,170
109,-23,171
110,-22,172
111,-23,171
110,-24,172
109,-25,173
108,-26,174
107,-25,173
106,-26,174
105,-25,173
106,-24,174
107,-25,173
106,-26,174
107,-27,173
108,-26,174
109,-25,175
110,-26,174
109,-25,173
110,-24,174
111,-23,175
112,-24,174
113,-23,175
112,-22,174
113,-21,175
112,-22,176
111,-21,175
112,-22,174
111,-23,175
112,-22,176
111,-23,177
110,-22,176
111,-21,177
112,-20,178
111,-21,179
112,-20,180
113,-19,181
112,-18,180
111,-19,181
112,-20,180
113,-19,181
112,-18,180
111,-19,181
112,-20,180
113,-21,179
112,-22,180
111,-21,179
112,-20,180
113,-21,179
114,-22,178
115,-21,179
114,-22,180
115,-21,181
114,-22,182
115,-21,183
116,-22,182
115,-21,181
116,-22,180
117,-23,179
118,-24,178
119,-23,179
120,-24,178
119,-25,179
118,-26,180
117,-27,181
116,-28,182
117,-29,181
116,-30,182
115,-29,181
114,-28,180
115,-27,181
116,-28,180
115,-27,179
116,-26,180
115,-27,181
114,-26,180
113,-25,179
114,-24,180
115,-25,179
116,-24,180
117,-23,181
116,-22,180
115,-23,181
116,-24,180
117,-23,181
116,-22,180
117,-21,181
118,-22,180
119,-23,179
120,-22,180
119,-23,181
118,-24,182
119,-23,183
120,-24,182
121,-23,183
120,-24,184
119,-25,185
120,-26,184
119,-25,183
120,-24,184
119,-25,185
120,-26,184
121,-25,185
122,-26,184
123,-25,185
122,-24,184
121,-23,183
120,-24,184
119,-25,185
120,-26,184
119,-27,185
118,-28,186
117,-29,187
116,-28,186
115,-29,187
116,-30,186
117,-31,185
118,-32,184
117,-33,185
116,-34,186
117,-35,185
118,-34,186
119,-35,185
118,-34,184
117,-35,185
118,-34,186
119,-33,187
118,-34,188
117,-33,187
118,-32,188
119,-33,187
120,-32,188
121,-33,187
122,-34,186
123,-35,185
122,-34,184
123,-35,183
124,-36,182
123,-35,181
122,-34,180
121,-33,179
122,-32,180
123,-31,181
124,-30,182
125,-31,181
126,-30,182
127,-31,181
128,-30,182
129,-29,183
128,-28,182
129,-27,183
128,-26,182
129,-25,183
130,-24,184
129,-25,185
128,-26,186
127,-27,187
128,-28,186
129,-29,185
130,-28,186
129,-27,185
128,-28,186
129,-27,187
130,-28,186
129,-29,187
130,-30,186
131,-31,185
132,-32,184
133,-31,185
134,-32,184
133,-31,183
134,-30,184
135,-31,183
134,-30,182
135,-29,183
134,-30,184
135,-29,185
134,-30,186
133,-29,185
132,-28,184
131,-29,185
130,-30,186
129,-31,187
128,-32,188
129,-33,187
128,-34,188
129,-35,187
130,-36,186
129,-37,187
130,-38,186
129,-39,187
130,-38,188
131,-37,189
132,-36,190
131,-37,191
132,-36,192
133,-37,191
132,-38,192
133,-39,191
134,-38,192
133,-37,191
134,-36,192
133,-35,191
132,-36,192
133,-37,191
132,-38,192
133,-39,191
134,-40,190
135,-41,189
134,-42,190
133,-43,191
134,-44,190
135,-45,189
134,-46,190
133,-45,189
132,-46,190
131,-47,191
132,-48,190
133,-49,189
132,-48,188
131,-47,187
132,-46,188
133,-47,187
134,-46,188
133,-45,187
134,-46,186
135,-47,185
134,-48,186
135,-49,185
134,-48,184
133,-49,185
134,-50,184
135,-49,185
136,-50,184
135,-51,185
134,-52,186
135,-53,185
134,-52,184
133,-51,183
134,-50,184
133,-51,185
132,-52,186
131,-51,185
132,-50,186
131,-49,185
130,-48,184
131,-47,185
130,-48,186
129,-49,187
130,-50,186
131,-49,187
130,-48,186
131,-47,187
132,-46,188
133,-47,187
132,-48,188
133,-47,189
134,-48,188
